# 618.0 204.0 0.24817518248175183
0 0 nan
0 1 nan
0 2 nan
0 3 nan
0 4 nan
0 5 nan
0 6 nan
0 7 nan
0 8 nan
0 9 nan
0 10 nan
0 11 nan
0 12 nan
0 13 nan
0 14 nan
0 15 nan
0 16 nan
0 17 nan
0 18 nan
0 19 nan
0 20 nan
0 21 nan
0 22 nan
0 23 nan
0 24 nan
0 25 nan
0 26 nan
0 27 nan
0 28 nan
0 29 nan
0 30 6.0
0 31 7.0
0 32 0.0
0 33 0.0
0 34 16.0
0 35 6.0
0 36 26.0
0 37 31.0
0 38 25.0
0 39 2.0
0 40 6.0
0 41 1.0
0 42 2.0
0 43 1.0
0 44 0.0
0 45 0.0
0 46 0.0
0 47 0.0
0 48 0.0
0 49 0.0
0 50 0.0
0 51 0.0
0 52 0.0
0 53 0.0
0 54 0.0
0 55 1.0
0 56 13.0
0 57 4.0
0 58 2.0
0 59 1.0
0 60 2.0
0 61 0.0
0 62 0.0
0 63 0.0
0 64 0.0
0 65 0.0
0 66 0.0
0 67 0.0
0 68 0.0
0 69 0.0
0 70 0.0
0 71 0.0
0 72 0.0
0 73 0.0
0 74 0.0
0 75 0.0
0 76 0.0
0 77 0.0
0 78 0.0
0 79 0.0
0 80 nan
0 81 nan
0 82 nan
0 83 nan
0 84 nan
0 85 nan
0 86 nan
0 87 nan
0 88 nan
0 89 nan
0 90 nan
0 91 nan
0 92 nan
0 93 nan
0 94 nan
0 95 nan
0 96 nan
0 97 nan
0 98 nan
0 99 nan

1 0 nan
1 1 nan
1 2 nan
1 3 nan
1 4 nan
1 5 nan
1 6 nan
1 7 nan
1 8 nan
1 9 nan
1 10 nan
1 11 nan
1 12 nan
1 13 nan
1 14 nan
1 15 nan
1 16 nan
1 17 nan
1 18 nan
1 19 nan
1 20 nan
1 21 nan
1 22 nan
1 23 nan
1 24 nan
1 25 nan
1 26 nan
1 27 nan
1 28 nan
1 29 nan
1 30 14.0
1 31 16.0
1 32 17.0
1 33 8.0
1 34 6.0
1 35 8.0
1 36 24.0
1 37 38.0
1 38 9.0
1 39 8.0
1 40 4.0
1 41 1.0
1 42 2.0
1 43 1.0
1 44 0.0
1 45 0.0
1 46 0.0
1 47 0.0
1 48 0.0
1 49 4.0
1 50 8.0
1 51 0.0
1 52 2.0
1 53 0.0
1 54 2.0
1 55 10.0
1 56 11.0
1 57 5.0
1 58 1.0
1 59 2.0
1 60 1.0
1 61 1.0
1 62 0.0
1 63 0.0
1 64 0.0
1 65 0.0
1 66 0.0
1 67 0.0
1 68 0.0
1 69 0.0
1 70 0.0
1 71 0.0
1 72 0.0
1 73 0.0
1 74 0.0
1 75 1.0
1 76 0.0
1 77 0.0
1 78 0.0
1 79 0.0
1 80 nan
1 81 nan
1 82 nan
1 83 nan
1 84 nan
1 85 nan
1 86 nan
1 87 nan
1 88 nan
1 89 nan
1 90 nan
1 91 nan
1 92 nan
1 93 nan
1 94 nan
1 95 nan
1 96 nan
1 97 nan
1 98 nan
1 99 nan

2 0 nan
2 1 nan
2 2 nan
2 3 nan
2 4 nan
2 5 nan
2 6 nan
2 7 nan
2 8 nan
2 9 nan
2 10 nan
2 11 nan
2 12 nan
2 13 nan
2 14 nan
2 15 nan
2 16 nan
2 17 nan
2 18 nan
2 19 nan
2 20 nan
2 21 nan
2 22 nan
2 23 nan
2 24 nan
2 25 nan
2 26 nan
2 27 nan
2 28 nan
2 29 nan
2 30 8.0
2 31 4.0
2 32 8.0
2 33 1.0
2 34 8.0
2 35 10.0
2 36 8.0
2 37 3.0
2 38 1.0
2 39 6.0
2 40 4.0
2 41 1.0
2 42 0.0
2 43 0.0
2 44 0.0
2 45 1.0
2 46 0.0
2 47 0.0
2 48 2.0
2 49 4.0
2 50 4.0
2 51 8.0
2 52 4.0
2 53 0.0
2 54 0.0
2 55 12.0
2 56 2.0
2 57 5.0
2 58 2.0
2 59 1.0
2 60 0.0
2 61 0.0
2 62 0.0
2 63 0.0
2 64 0.0
2 65 0.0
2 66 0.0
2 67 0.0
2 68 0.0
2 69 0.0
2 70 0.0
2 71 0.0
2 72 0.0
2 73 0.0
2 74 0.0
2 75 0.0
2 76 0.0
2 77 0.0
2 78 0.0
2 79 0.0
2 80 nan
2 81 nan
2 82 nan
2 83 nan
2 84 nan
2 85 nan
2 86 nan
2 87 nan
2 88 nan
2 89 nan
2 90 nan
2 91 nan
2 92 nan
2 93 nan
2 94 nan
2 95 nan
2 96 nan
2 97 nan
2 98 nan
2 99 nan

3 0 nan
3 1 nan
3 2 nan
3 3 nan
3 4 nan
3 5 nan
3 6 nan
3 7 nan
3 8 nan
3 9 nan
3 10 nan
3 11 nan
3 12 nan
3 13 nan
3 14 nan
3 15 nan
3 16 nan
3 17 nan
3 18 nan
3 19 nan
3 20 nan
3 21 nan
3 22 nan
3 23 nan
3 24 nan
3 25 nan
3 26 nan
3 27 nan
3 28 nan
3 29 nan
3 30 4.0
3 31 9.0
3 32 11.0
3 33 10.0
3 34 8.0
3 35 6.0
3 36 14.0
3 37 0.0
3 38 6.0
3 39 8.0
3 40 6.0
3 41 2.0
3 42 0.0
3 43 0.0
3 44 0.0
3 45 1.0
3 46 2.0
3 47 0.0
3 48 1.0
3 49 3.0
3 50 2.0
3 51 6.0
3 52 5.0
3 53 0.0
3 54 0.0
3 55 0.0
3 56 3.0
3 57 2.0
3 58 0.0
3 59 1.0
3 60 0.0
3 61 0.0
3 62 0.0
3 63 0.0
3 64 0.0
3 65 0.0
3 66 0.0
3 67 0.0
3 68 0.0
3 69 0.0
3 70 0.0
3 71 0.0
3 72 0.0
3 73 0.0
3 74 9.0
3 75 1.0
3 76 0.0
3 77 0.0
3 78 0.0
3 79 0.0
3 80 nan
3 81 nan
3 82 nan
3 83 nan
3 84 nan
3 85 nan
3 86 nan
3 87 nan
3 88 nan
3 89 nan
3 90 nan
3 91 nan
3 92 nan
3 93 nan
3 94 nan
3 95 nan
3 96 nan
3 97 nan
3 98 nan
3 99 nan

4 0 nan
4 1 nan
4 2 nan
4 3 nan
4 4 nan
4 5 nan
4 6 nan
4 7 nan
4 8 nan
4 9 nan
4 10 nan
4 11 nan
4 12 nan
4 13 nan
4 14 nan
4 15 nan
4 16 nan
4 17 nan
4 18 nan
4 19 nan
4 20 nan
4 21 nan
4 22 nan
4 23 nan
4 24 nan
4 25 nan
4 26 nan
4 27 nan
4 28 nan
4 29 nan
4 30 10.0
4 31 21.0
4 32 12.0
4 33 12.0
4 34 14.0
4 35 19.0
4 36 10.0
4 37 0.0
4 38 11.0
4 39 5.0
4 40 11.0
4 41 8.0
4 42 6.0
4 43 2.0
4 44 9.0
4 45 9.0
4 46 1.0
4 47 0.0
4 48 0.0
4 49 0.0
4 50 1.0
4 51 5.0
4 52 8.0
4 53 4.0
4 54 2.0
4 55 8.0
4 56 9.0
4 57 7.0
4 58 6.0
4 59 0.0
4 60 0.0
4 61 0.0
4 62 1.0
4 63 1.0
4 64 0.0
4 65 0.0
4 66 0.0
4 67 1.0
4 68 8.0
4 69 2.0
4 70 0.0
4 71 0.0
4 72 0.0
4 73 10.0
4 74 4.0
4 75 1.0
4 76 1.0
4 77 0.0
4 78 0.0
4 79 0.0
4 80 nan
4 81 nan
4 82 nan
4 83 nan
4 84 nan
4 85 nan
4 86 nan
4 87 nan
4 88 nan
4 89 nan
4 90 nan
4 91 nan
4 92 nan
4 93 nan
4 94 nan
4 95 nan
4 96 nan
4 97 nan
4 98 nan
4 99 nan

5 0 nan
5 1 nan
5 2 nan
5 3 nan
5 4 nan
5 5 nan
5 6 nan
5 7 nan
5 8 nan
5 9 nan
5 10 nan
5 11 nan
5 12 nan
5 13 nan
5 14 nan
5 15 nan
5 16 nan
5 17 nan
5 18 nan
5 19 nan
5 20 nan
5 21 nan
5 22 nan
5 23 nan
5 24 nan
5 25 nan
5 26 nan
5 27 nan
5 28 nan
5 29 nan
5 30 0.0
5 31 0.0
5 32 0.0
5 33 0.0
5 34 0.0
5 35 0.0
5 36 0.0
5 37 0.0
5 38 0.0
5 39 0.0
5 40 0.0
5 41 0.0
5 42 0.0
5 43 0.0
5 44 0.0
5 45 0.0
5 46 0.0
5 47 0.0
5 48 0.0
5 49 0.0
5 50 0.0
5 51 0.0
5 52 0.0
5 53 0.0
5 54 0.0
5 55 0.0
5 56 0.0
5 57 0.0
5 58 0.0
5 59 0.0
5 60 0.0
5 61 0.0
5 62 0.0
5 63 0.0
5 64 0.0
5 65 0.0
5 66 0.0
5 67 0.0
5 68 0.0
5 69 0.0
5 70 0.0
5 71 0.0
5 72 0.0
5 73 0.0
5 74 0.0
5 75 0.0
5 76 0.0
5 77 0.0
5 78 0.0
5 79 0.0
5 80 nan
5 81 nan
5 82 nan
5 83 nan
5 84 nan
5 85 nan
5 86 nan
5 87 nan
5 88 nan
5 89 nan
5 90 nan
5 91 nan
5 92 nan
5 93 nan
5 94 nan
5 95 nan
5 96 nan
5 97 nan
5 98 nan
5 99 nan

6 0 nan
6 1 nan
6 2 nan
6 3 nan
6 4 nan
6 5 nan
6 6 nan
6 7 nan
6 8 nan
6 9 nan
6 10 nan
6 11 nan
6 12 nan
6 13 nan
6 14 nan
6 15 nan
6 16 nan
6 17 nan
6 18 nan
6 19 nan
6 20 nan
6 21 nan
6 22 nan
6 23 nan
6 24 nan
6 25 nan
6 26 nan
6 27 nan
6 28 nan
6 29 nan
6 30 0.0
6 31 0.0
6 32 0.0
6 33 0.0
6 34 0.0
6 35 0.0
6 36 0.0
6 37 0.0
6 38 0.0
6 39 0.0
6 40 0.0
6 41 0.0
6 42 0.0
6 43 0.0
6 44 0.0
6 45 0.0
6 46 0.0
6 47 0.0
6 48 0.0
6 49 0.0
6 50 0.0
6 51 0.0
6 52 0.0
6 53 0.0
6 54 0.0
6 55 0.0
6 56 0.0
6 57 0.0
6 58 0.0
6 59 0.0
6 60 0.0
6 61 0.0
6 62 0.0
6 63 0.0
6 64 0.0
6 65 0.0
6 66 0.0
6 67 0.0
6 68 0.0
6 69 0.0
6 70 0.0
6 71 0.0
6 72 0.0
6 73 0.0
6 74 0.0
6 75 0.0
6 76 0.0
6 77 0.0
6 78 0.0
6 79 0.0
6 80 nan
6 81 nan
6 82 nan
6 83 nan
6 84 nan
6 85 nan
6 86 nan
6 87 nan
6 88 nan
6 89 nan
6 90 nan
6 91 nan
6 92 nan
6 93 nan
6 94 nan
6 95 nan
6 96 nan
6 97 nan
6 98 nan
6 99 nan

7 0 nan
7 1 nan
7 2 nan
7 3 nan
7 4 nan
7 5 nan
7 6 nan
7 7 nan
7 8 nan
7 9 nan
7 10 nan
7 11 nan
7 12 nan
7 13 nan
7 14 nan
7 15 nan
7 16 nan
7 17 nan
7 18 nan
7 19 nan
7 20 nan
7 21 nan
7 22 nan
7 23 nan
7 24 nan
7 25 nan
7 26 nan
7 27 nan
7 28 nan
7 29 nan
7 30 0.0
7 31 0.0
7 32 0.0
7 33 0.0
7 34 0.0
7 35 0.0
7 36 0.0
7 37 0.0
7 38 0.0
7 39 0.0
7 40 0.0
7 41 0.0
7 42 0.0
7 43 0.0
7 44 0.0
7 45 0.0
7 46 0.0
7 47 0.0
7 48 0.0
7 49 0.0
7 50 0.0
7 51 0.0
7 52 0.0
7 53 0.0
7 54 0.0
7 55 0.0
7 56 0.0
7 57 0.0
7 58 0.0
7 59 0.0
7 60 0.0
7 61 0.0
7 62 0.0
7 63 0.0
7 64 0.0
7 65 0.0
7 66 0.0
7 67 0.0
7 68 0.0
7 69 0.0
7 70 0.0
7 71 0.0
7 72 0.0
7 73 0.0
7 74 0.0
7 75 0.0
7 76 0.0
7 77 0.0
7 78 0.0
7 79 0.0
7 80 nan
7 81 nan
7 82 nan
7 83 nan
7 84 nan
7 85 nan
7 86 nan
7 87 nan
7 88 nan
7 89 nan
7 90 nan
7 91 nan
7 92 nan
7 93 nan
7 94 nan
7 95 nan
7 96 nan
7 97 nan
7 98 nan
7 99 nan

8 0 nan
8 1 nan
8 2 nan
8 3 nan
8 4 nan
8 5 nan
8 6 nan
8 7 nan
8 8 nan
8 9 nan
8 10 nan
8 11 nan
8 12 nan
8 13 nan
8 14 nan
8 15 nan
8 16 nan
8 17 nan
8 18 nan
8 19 nan
8 20 nan
8 21 nan
8 22 nan
8 23 nan
8 24 nan
8 25 nan
8 26 nan
8 27 nan
8 28 nan
8 29 nan
8 30 0.0
8 31 0.0
8 32 0.0
8 33 0.0
8 34 0.0
8 35 0.0
8 36 0.0
8 37 0.0
8 38 0.0
8 39 0.0
8 40 0.0
8 41 0.0
8 42 0.0
8 43 0.0
8 44 0.0
8 45 0.0
8 46 0.0
8 47 0.0
8 48 0.0
8 49 0.0
8 50 0.0
8 51 0.0
8 52 0.0
8 53 0.0
8 54 0.0
8 55 0.0
8 56 0.0
8 57 0.0
8 58 0.0
8 59 0.0
8 60 0.0
8 61 0.0
8 62 0.0
8 63 0.0
8 64 0.0
8 65 0.0
8 66 0.0
8 67 0.0
8 68 0.0
8 69 0.0
8 70 0.0
8 71 0.0
8 72 0.0
8 73 0.0
8 74 0.0
8 75 0.0
8 76 0.0
8 77 0.0
8 78 0.0
8 79 0.0
8 80 nan
8 81 nan
8 82 nan
8 83 nan
8 84 nan
8 85 nan
8 86 nan
8 87 nan
8 88 nan
8 89 nan
8 90 nan
8 91 nan
8 92 nan
8 93 nan
8 94 nan
8 95 nan
8 96 nan
8 97 nan
8 98 nan
8 99 nan

9 0 nan
9 1 nan
9 2 nan
9 3 nan
9 4 nan
9 5 nan
9 6 nan
9 7 nan
9 8 nan
9 9 nan
9 10 nan
9 11 nan
9 12 nan
9 13 nan
9 14 nan
9 15 nan
9 16 nan
9 17 nan
9 18 nan
9 19 nan
9 20 nan
9 21 nan
9 22 nan
9 23 nan
9 24 nan
9 25 nan
9 26 nan
9 27 nan
9 28 nan
9 29 nan
9 30 0.0
9 31 0.0
9 32 0.0
9 33 0.0
9 34 0.0
9 35 0.0
9 36 0.0
9 37 0.0
9 38 0.0
9 39 0.0
9 40 0.0
9 41 0.0
9 42 0.0
9 43 0.0
9 44 0.0
9 45 0.0
9 46 0.0
9 47 0.0
9 48 0.0
9 49 0.0
9 50 0.0
9 51 0.0
9 52 0.0
9 53 0.0
9 54 0.0
9 55 0.0
9 56 0.0
9 57 0.0
9 58 0.0
9 59 0.0
9 60 0.0
9 61 0.0
9 62 0.0
9 63 0.0
9 64 0.0
9 65 0.0
9 66 0.0
9 67 0.0
9 68 0.0
9 69 0.0
9 70 0.0
9 71 0.0
9 72 0.0
9 73 0.0
9 74 0.0
9 75 0.0
9 76 0.0
9 77 0.0
9 78 0.0
9 79 0.0
9 80 nan
9 81 nan
9 82 nan
9 83 nan
9 84 nan
9 85 nan
9 86 nan
9 87 nan
9 88 nan
9 89 nan
9 90 nan
9 91 nan
9 92 nan
9 93 nan
9 94 nan
9 95 nan
9 96 nan
9 97 nan
9 98 nan
9 99 nan

10 0 0.0
10 1 0.0
10 2 0.0
10 3 0.0
10 4 0.0
10 5 0.0
10 6 0.0
10 7 0.0
10 8 0.0
10 9 0.0
10 10 0.0
10 11 0.0
10 12 0.0
10 13 0.0
10 14 0.0
10 15 0.0
10 16 0.0
10 17 0.0
10 18 0.0
10 19 0.0
10 20 0.0
10 21 0.0
10 22 0.0
10 23 0.0
10 24 0.0
10 25 0.0
10 26 0.0
10 27 0.0
10 28 0.0
10 29 0.0
10 30 0.0
10 31 0.0
10 32 0.0
10 33 0.0
10 34 0.0
10 35 0.0
10 36 0.0
10 37 0.0
10 38 0.0
10 39 0.0
10 40 0.0
10 41 0.0
10 42 0.0
10 43 0.0
10 44 0.0
10 45 0.0
10 46 0.0
10 47 0.0
10 48 0.0
10 49 0.0
10 50 0.0
10 51 0.0
10 52 0.0
10 53 0.0
10 54 0.0
10 55 0.0
10 56 0.0
10 57 0.0
10 58 0.0
10 59 0.0
10 60 0.0
10 61 0.0
10 62 0.0
10 63 0.0
10 64 0.0
10 65 0.0
10 66 0.0
10 67 0.0
10 68 0.0
10 69 0.0
10 70 0.0
10 71 0.0
10 72 0.0
10 73 0.0
10 74 0.0
10 75 0.0
10 76 0.0
10 77 0.0
10 78 0.0
10 79 0.0
10 80 nan
10 81 nan
10 82 nan
10 83 nan
10 84 nan
10 85 nan
10 86 nan
10 87 nan
10 88 nan
10 89 nan
10 90 nan
10 91 nan
10 92 nan
10 93 nan
10 94 nan
10 95 nan
10 96 nan
10 97 nan
10 98 nan
10 99 nan

11 0 0.0
11 1 0.0
11 2 0.0
11 3 0.0
11 4 0.0
11 5 0.0
11 6 0.0
11 7 0.0
11 8 0.0
11 9 0.0
11 10 0.0
11 11 0.0
11 12 0.0
11 13 0.0
11 14 0.0
11 15 0.0
11 16 0.0
11 17 0.0
11 18 0.0
11 19 0.0
11 20 0.0
11 21 0.0
11 22 0.0
11 23 0.0
11 24 0.0
11 25 0.0
11 26 0.0
11 27 0.0
11 28 0.0
11 29 0.0
11 30 0.0
11 31 0.0
11 32 0.0
11 33 0.0
11 34 0.0
11 35 0.0
11 36 0.0
11 37 0.0
11 38 0.0
11 39 0.0
11 40 0.0
11 41 0.0
11 42 0.0
11 43 0.0
11 44 0.0
11 45 0.0
11 46 0.0
11 47 0.0
11 48 0.0
11 49 0.0
11 50 0.0
11 51 0.0
11 52 0.0
11 53 0.0
11 54 0.0
11 55 0.0
11 56 0.0
11 57 0.0
11 58 0.0
11 59 0.0
11 60 0.0
11 61 0.0
11 62 0.0
11 63 0.0
11 64 0.0
11 65 0.0
11 66 0.0
11 67 0.0
11 68 0.0
11 69 0.0
11 70 0.0
11 71 0.0
11 72 0.0
11 73 0.0
11 74 0.0
11 75 0.0
11 76 0.0
11 77 0.0
11 78 0.0
11 79 0.0
11 80 nan
11 81 nan
11 82 nan
11 83 nan
11 84 nan
11 85 nan
11 86 nan
11 87 nan
11 88 nan
11 89 nan
11 90 nan
11 91 nan
11 92 nan
11 93 nan
11 94 nan
11 95 nan
11 96 nan
11 97 nan
11 98 nan
11 99 nan

12 0 0.0
12 1 0.0
12 2 0.0
12 3 0.0
12 4 0.0
12 5 0.0
12 6 0.0
12 7 0.0
12 8 0.0
12 9 0.0
12 10 0.0
12 11 0.0
12 12 0.0
12 13 0.0
12 14 0.0
12 15 0.0
12 16 0.0
12 17 0.0
12 18 0.0
12 19 0.0
12 20 0.0
12 21 0.0
12 22 0.0
12 23 0.0
12 24 0.0
12 25 0.0
12 26 0.0
12 27 0.0
12 28 0.0
12 29 0.0
12 30 0.0
12 31 0.0
12 32 0.0
12 33 0.0
12 34 0.0
12 35 0.0
12 36 0.0
12 37 0.0
12 38 0.0
12 39 0.0
12 40 0.0
12 41 0.0
12 42 0.0
12 43 0.0
12 44 0.0
12 45 0.0
12 46 0.0
12 47 0.0
12 48 0.0
12 49 0.0
12 50 0.0
12 51 0.0
12 52 0.0
12 53 0.0
12 54 0.0
12 55 0.0
12 56 0.0
12 57 0.0
12 58 0.0
12 59 0.0
12 60 0.0
12 61 0.0
12 62 0.0
12 63 0.0
12 64 0.0
12 65 0.0
12 66 0.0
12 67 0.0
12 68 0.0
12 69 0.0
12 70 0.0
12 71 0.0
12 72 0.0
12 73 0.0
12 74 0.0
12 75 0.0
12 76 0.0
12 77 0.0
12 78 0.0
12 79 0.0
12 80 nan
12 81 nan
12 82 nan
12 83 nan
12 84 nan
12 85 nan
12 86 nan
12 87 nan
12 88 nan
12 89 nan
12 90 nan
12 91 nan
12 92 nan
12 93 nan
12 94 nan
12 95 nan
12 96 nan
12 97 nan
12 98 nan
12 99 nan

13 0 0.0
13 1 0.0
13 2 0.0
13 3 0.0
13 4 0.0
13 5 0.0
13 6 0.0
13 7 0.0
13 8 0.0
13 9 0.0
13 10 0.0
13 11 0.0
13 12 0.0
13 13 0.0
13 14 0.0
13 15 0.0
13 16 0.0
13 17 0.0
13 18 0.0
13 19 0.0
13 20 0.0
13 21 0.0
13 22 0.0
13 23 0.0
13 24 0.0
13 25 0.0
13 26 0.0
13 27 0.0
13 28 0.0
13 29 0.0
13 30 0.0
13 31 0.0
13 32 0.0
13 33 0.0
13 34 0.0
13 35 0.0
13 36 0.0
13 37 0.0
13 38 0.0
13 39 0.0
13 40 0.0
13 41 0.0
13 42 0.0
13 43 0.0
13 44 0.0
13 45 0.0
13 46 0.0
13 47 0.0
13 48 0.0
13 49 0.0
13 50 0.0
13 51 0.0
13 52 0.0
13 53 0.0
13 54 0.0
13 55 0.0
13 56 0.0
13 57 0.0
13 58 0.0
13 59 0.0
13 60 0.0
13 61 0.0
13 62 0.0
13 63 0.0
13 64 0.0
13 65 0.0
13 66 0.0
13 67 0.0
13 68 0.0
13 69 0.0
13 70 0.0
13 71 0.0
13 72 0.0
13 73 0.0
13 74 0.0
13 75 0.0
13 76 0.0
13 77 0.0
13 78 0.0
13 79 0.0
13 80 nan
13 81 nan
13 82 nan
13 83 nan
13 84 nan
13 85 nan
13 86 nan
13 87 nan
13 88 nan
13 89 nan
13 90 nan
13 91 nan
13 92 nan
13 93 nan
13 94 nan
13 95 nan
13 96 nan
13 97 nan
13 98 nan
13 99 nan

14 0 0.0
14 1 0.0
14 2 0.0
14 3 0.0
14 4 0.0
14 5 0.0
14 6 0.0
14 7 0.0
14 8 0.0
14 9 0.0
14 10 0.0
14 11 0.0
14 12 0.0
14 13 0.0
14 14 0.0
14 15 0.0
14 16 0.0
14 17 0.0
14 18 0.0
14 19 0.0
14 20 0.0
14 21 0.0
14 22 0.0
14 23 0.0
14 24 0.0
14 25 0.0
14 26 0.0
14 27 0.0
14 28 0.0
14 29 0.0
14 30 0.0
14 31 0.0
14 32 0.0
14 33 0.0
14 34 0.0
14 35 0.0
14 36 0.0
14 37 0.0
14 38 0.0
14 39 0.0
14 40 0.0
14 41 0.0
14 42 0.0
14 43 0.0
14 44 0.0
14 45 0.0
14 46 0.0
14 47 0.0
14 48 0.0
14 49 0.0
14 50 0.0
14 51 0.0
14 52 0.0
14 53 0.0
14 54 0.0
14 55 0.0
14 56 0.0
14 57 0.0
14 58 0.0
14 59 0.0
14 60 0.0
14 61 0.0
14 62 0.0
14 63 0.0
14 64 0.0
14 65 0.0
14 66 0.0
14 67 0.0
14 68 0.0
14 69 0.0
14 70 0.0
14 71 0.0
14 72 0.0
14 73 0.0
14 74 0.0
14 75 0.0
14 76 0.0
14 77 0.0
14 78 0.0
14 79 0.0
14 80 nan
14 81 nan
14 82 nan
14 83 nan
14 84 nan
14 85 nan
14 86 nan
14 87 nan
14 88 nan
14 89 nan
14 90 nan
14 91 nan
14 92 nan
14 93 nan
14 94 nan
14 95 nan
14 96 nan
14 97 nan
14 98 nan
14 99 nan

