# 2464 400 0.13966480446927373
0 0 0.01226557
0 1 0.01143931
0 2 0.01143931
0 3 0.01143931
0 4 0.01143931
0 5 0.01143931
0 6 0.01143931
0 7 0.01143931
0 8 0.01314435
0 9 0.01891985
0 10 0.456337
0 11 0.8015057
0 12 0.0634655
0 13 0.01143931
0 14 0.01143931
0 15 0.0288973
0 16 0.7791432
0 17 0.9916008
0 18 0.9246442
0 19 0.1835175
0 20 0.0436082
0 21 0.5941988
0 22 0.9479523
0 23 0.5683051
0 24 0.8561151
0 25 0.03475777
0 26 0.05807355
0 27 0.6374922
0 28 0.4296261
0 29 0.7962999
0 30 0.2857609
0 31 0.5397346
0 32 0.5326375
0 33 0.7602951
0 34 0.9745624
0 35 1.0
0 36 1.0
0 37 0.9952409
0 38 0.8393091
0 39 0.806675
0 40 0.3845626
0 41 0.0478657
0 42 0.02800813
0 43 0.02630025
0 44 0.01360428
0 45 0.01314435
0 46 0.03171183
0 47 0.121613
0 48 0.03270073
0 49 0.02800813
0 50 0.0380495
0 51 0.03074864
0 52 0.02800813
0 53 0.01143931
0 54 0.09253827
0 55 0.05710589
0 56 0.9899638
0 57 0.9752377
0 58 0.8257161
0 59 0.8269653
0 60 0.2529372
0 61 0.02033721
0 62 0.01143931
0 63 0.01143931
0 64 0.01143931
0 65 0.01184605
0 66 0.01143931
0 67 0.01143931
0 68 0.01143931
0 69 0.01143931
0 70 0.01143931
0 71 0.01143931
0 72 0.01143931
0 73 0.01143931
0 74 0.0988588
0 75 0.05157605
0 76 0.01143931
0 77 0.01143931
0 78 0.01143931
0 79 0.01143931
0 80 0.01143931
0 81 0.05246547
0 82 0.2262844
0 83 0.03692404
0 84 0.01724139
0 85 0.02270984
0 86 0.03692404
0 87 0.0561516
0 88 0.01143931
0 89 0.01407839
0 90 0.01143931
0 91 0.01143931
0 92 0.01867164
0 93 0.01143931
0 94 0.02548055
0 95 0.01143931
0 96 0.03692404
0 97 0.03692404
0 98 0.01724139
0 99 0.01724139
1 0 0.01143931
1 1 0.01143931
1 2 0.01143931
1 3 0.01143931
1 4 0.01143931
1 5 0.01143931
1 6 0.01143931
1 7 0.01143931
1 8 0.01456703
1 9 0.07270619
1 10 0.06777333
1 11 0.01143931
1 12 0.01143931
1 13 0.01623269
1 14 0.01296426
1 15 0.3302371
1 16 0.9942266
1 17 0.9871336
1 18 0.7383439
1 19 0.6547788
1 20 0.160785
1 21 0.4296261
1 22 0.7452465
1 23 0.4100359
1 24 0.140178
1 25 0.1756995
1 26 0.7507413
1 27 0.08171376
1 28 0.7466226
1 29 0.3984782
1 30 1.0
1 31 0.8801892
1 32 0.7778092
1 33 0.558276
1 34 0.8393091
1 35 0.9841771
1 36 0.9348556
1 37 0.2804679
1 38 0.1454698
1 39 0.8608091
1 40 0.2084371
1 41 0.05872614
1 42 0.04412233
1 43 0.02714261
1 44 0.0239072
1 45 0.02800813
1 46 0.02714261
1 47 0.0288973
1 48 0.03582698
1 49 0.3419313
1 50 0.05459046
1 51 0.1187106
1 52 0.1024
1 53 0.1337674
1 54 0.08128576
1 55 0.7466226
1 56 0.9711133
1 57 0.9675443
1 58 0.6115121
1 59 0.6042955
1 60 0.04676999
1 61 0.1187106
1 62 0.0489828
1 63 0.01968186
1 64 0.01507058
1 65 0.01143931
1 66 0.01143931
1 67 0.01143931
1 68 0.01143931
1 69 0.01143931
1 70 0.01143931
1 71 0.01143931
1 72 0.01143931
1 73 0.01143931
1 74 0.03270073
1 75 0.02468303
1 76 0.01507058
1 77 0.01143931
1 78 0.01143931
1 79 0.01143931
1 80 0.01143931
1 81 0.01143931
1 82 0.01143931
1 83 0.01143931
1 84 0.02548055
1 85 0.01527625
1 86 0.01143931
1 87 0.03074864
1 88 0.09986061
1 89 0.09986061
1 90 0.03967391
1 91 0.2318321
1 92 0.01351117
1 93 0.02184633
1 94 0.01143931
1 95 0.01724139
1 96 0.01143931
1 97 0.02548055
1 98 0.01724139
1 99 0.01143931
2 0 0.01143931
2 1 0.01143931
2 2 0.01143931
2 3 0.01143931
2 4 0.01143931
2 5 0.01143931
2 6 0.01143931
2 7 0.05099011
2 8 0.6475817
2 9 0.4753987
2 10 0.01143931
2 11 0.01143931
2 12 0.01143931
2 13 0.05040972
2 14 0.5340552
2 15 0.9302763
2 16 0.9561325
2 17 0.9952409
2 18 0.9109384
2 19 0.9899638
2 20 0.9520986
2 21 0.9765738
2 22 0.6504617
2 23 0.2374691
2 24 0.03475777
2 25 0.6562171
2 26 0.6605292
2 27 0.03920391
2 28 0.1119617
2 29 0.8985867
2 30 1.0
2 31 0.9942266
2 32 0.6547788
2 33 0.2752353
2 34 0.6762996
2 35 0.6158431
2 36 0.7047503
2 37 0.1883249
2 38 0.03230206
2 39 0.8441691
2 40 0.195701
2 41 0.1915786
2 42 0.01507058
2 43 0.01782521
2 44 0.0155894
2 45 0.07507909
2 46 0.04038783
2 47 0.02241877
2 48 0.160785
2 49 0.8257161
2 50 0.8513723
2 51 0.6848691
2 52 0.03475777
2 53 0.0655905
2 54 0.03270073
2 55 0.05872614
2 56 0.8130837
2 57 0.6259486
2 58 0.03171183
2 59 0.2499887
2 60 0.01667441
2 61 0.01143931
2 62 0.01143931
2 63 0.01143931
2 64 0.01143931
2 65 0.01143931
2 66 0.01143931
2 67 0.01143931
2 68 0.01143931
2 69 0.01143931
2 70 0.01143931
2 71 0.01143931
2 72 0.01143931
2 73 0.01507058
2 74 0.0288973
2 75 0.01968186
2 76 0.01507058
2 77 0.01143931
2 78 0.01143931
2 79 0.01143931
2 80 0.01143931
2 81 0.01143931
2 82 0.01143931
2 83 0.01143931
2 84 0.1579163
2 85 0.01143931
2 86 0.01143931
2 87 0.01724139
2 88 0.0730974
2 89 0.3908586
2 90 0.2318321
2 91 0.03074864
2 92 0.01296426
2 93 0.6490218
2 94 0.1666362
2 95 0.2857609
2 96 0.06416747
2 97 0.02548055
2 98 0.01724139
2 99 0.01143931
3 0 0.01143931
3 1 0.01143931
3 2 0.01143931
3 3 0.01143931
3 4 0.01143931
3 5 0.01143931
3 6 0.01968186
3 7 0.895415
3 8 0.5898751
3 9 0.03270073
3 10 0.01143931
3 11 0.01143931
3 12 0.01143931
3 13 0.1586299
3 14 0.8269653
3 15 0.2846974
3 16 0.4989002
3 17 1.0
3 18 1.0
3 19 0.9976857
3 20 0.9608226
3 21 0.9829595
3 22 0.9504534
3 23 0.6100686
3 24 0.4536374
3 25 0.970409
3 26 0.5326375
3 27 0.2499887
3 28 0.01143931
3 29 0.0436082
3 30 1.0
3 31 1.0
3 32 0.5654368
3 33 0.5497036
3 34 0.4495996
3 35 0.4975079
3 36 0.4877952
3 37 0.0692612
3 38 0.2599033
3 39 0.6259486
3 40 0.7602951
3 41 0.6042955
3 42 0.1024
3 43 0.01782521
3 44 0.0155894
3 45 0.02800813
3 46 0.291114
3 47 0.01904503
3 48 0.1130655
3 49 0.9888469
3 50 0.9638568
3 51 0.8219531
3 52 0.1673783
3 53 0.04676999
3 54 0.01456703
3 55 0.01842628
3 56 0.8561151
3 57 0.2490108
3 58 0.05099011
3 59 0.09986061
3 60 0.01407839
3 61 0.01612388
3 62 0.03692404
3 63 0.01143931
3 64 0.01143931
3 65 0.01143931
3 66 0.01143931
3 67 0.02548055
3 68 0.01507058
3 69 0.01842628
3 70 0.01507058
3 71 0.01143931
3 72 0.01143931
3 73 0.121613
3 74 0.3075307
3 75 0.140178
3 76 0.01968186
3 77 0.01143931
3 78 0.01143931
3 79 0.01143931
3 80 0.02548055
3 81 0.03692404
3 82 0.05246547
3 83 0.01143931
3 84 0.01143931
3 85 0.01143931
3 86 0.01143931
3 87 0.01724139
3 88 0.01143931
3 89 0.01143931
3 90 0.2857609
3 91 0.2374691
3 92 0.07792616
3 93 0.01143931
3 94 0.02935092
3 95 0.02548055
3 96 0.01724139
3 97 0.03433776
3 98 0.2987088
3 99 0.5114822
4 0 0.01143931
4 1 0.01143931
4 2 0.01143931
4 3 0.01143931
4 4 0.01143931
4 5 0.05246547
4 6 0.456337
4 7 0.9561325
4 8 0.05710589
4 9 0.02714261
4 10 0.02714261
4 11 0.01143931
4 12 0.03692404
4 13 0.4919505
4 14 0.6115121
4 15 0.07507909
4 16 0.5114822
4 17 0.8857058
4 18 0.8380871
4 19 0.9841771
4 20 0.74937
4 21 0.9302763
4 22 0.6187305
4 23 0.9410885
4 24 0.8015057
4 25 0.9330364
4 26 0.9561325
4 27 0.8053862
4 28 0.467195
4 29 0.01351117
4 30 1.0
4 31 1.0
4 32 0.9926666
4 33 0.806675
4 34 0.7771414
4 35 0.5862741
4 36 0.469924
4 37 0.08564757
4 38 0.2857609
4 39 0.1875175
4 40 0.5114822
4 41 0.9841771
4 42 0.08235915
4 43 0.03692404
4 44 0.06469811
4 45 0.3448896
4 46 0.1756995
4 47 0.02935092
4 48 0.6079035
4 49 1.0
4 50 1.0
4 51 0.9942266
4 52 0.8619748
4 53 0.5220328
4 54 0.01724139
4 55 0.2262844
4 56 1.0
4 57 0.9638568
4 58 0.9393291
4 59 0.3908586
4 60 0.01143931
4 61 0.01143931
4 62 0.01143931
4 63 0.03692404
4 64 0.04038783
4 65 0.01143931
4 66 0.01143931
4 67 0.1644242
4 68 0.5970825
4 69 0.1158615
4 70 0.02315261
4 71 0.01143931
4 72 0.01143931
4 73 0.4197812
4 74 0.1337674
4 75 0.4100359
4 76 0.02101152
4 77 0.01143931
4 78 0.01143931
4 79 0.01143931
4 80 0.01143931
4 81 0.01143931
4 82 0.01143931
4 83 0.01143931
4 84 0.0730974
4 85 0.09986061
4 86 0.03433776
4 87 0.1756995
4 88 0.01143931
4 89 0.01143931
4 90 0.01143931
4 91 0.01143931
4 92 0.01143931
4 93 0.01590818
4 94 0.01296426
4 95 0.2609083
4 96 0.1622336
4 97 0.01143931
4 98 0.01724139
4 99 0.1756995
5 0 0.01143931
5 1 0.05552277
5 2 0.01782521
5 3 0.01407839
5 4 0.2599033
5 5 0.525562
5 6 0.1441331
5 7 0.03967391
5 8 0.8900566
5 9 0.9159224
5 10 0.7657169
5 11 0.1369446
5 12 0.4429011
5 13 0.7936837
5 14 0.1756995
5 15 0.06038412
5 16 0.2281237
5 17 0.6374922
5 18 0.9284154
5 19 0.8380871
5 20 0.6705731
5 21 0.3064197
5 22 0.2075708
5 23 0.8356347
5 24 0.9520986
5 25 0.9682676
5 26 0.806675
5 27 0.804095
5 28 0.56974
5 29 0.369657
5 80 0.01143931
5 81 0.01143931
5 82 0.01143931
5 83 0.1337674
5 84 0.5970825
5 85 0.5114822
5 86 0.1756995
5 87 0.4296261
5 88 0.01724139
5 89 0.01143931
5 90 0.01143931
5 91 0.01407839
5 92 0.01724139
5 93 0.2262844
5 94 0.01143931
5 95 0.01724139
5 96 0.01143931
5 97 0.01143931
5 98 0.01143931
5 99 0.01407839
6 0 0.01143931
6 1 0.01143931
6 2 0.01724139
6 3 0.01842628
6 4 0.0730974
6 5 0.09493032
6 6 0.01143931
6 7 0.01143931
6 8 0.147492
6 9 0.9487905
6 10 1.0
6 11 0.90993
6 12 0.6834427
6 13 0.4685588
6 14 0.01507058
6 15 0.07751419
6 16 0.6187305
6 17 0.6490218
6 18 0.724433
6 19 0.7188324
6 20 0.6014097
6 21 0.6834427
6 22 0.8666063
6 23 0.9255932
6 24 0.8677562
6 25 0.8380871
6 26 0.5269753
6 27 0.6057386
6 28 0.6562171
6 29 0.9899638
6 80 0.01143931
6 81 0.01143931
6 82 0.6919893
6 83 0.8441691
6 84 0.3538463
6 85 0.1756995
6 86 0.1998847
6 87 0.6834427
6 88 0.01143931
6 89 0.01143931
6 90 0.01724139
6 91 0.02101152
6 92 0.01724139
6 93 0.01407839
6 94 0.01143931
6 95 0.01143931
6 96 0.01143931
6 97 0.01143931
6 98 0.01143931
6 99 0.01143931
7 0 0.01143931
7 1 0.01143931
7 2 0.01143931
7 3 0.1369446
7 4 0.1245695
7 5 0.01612388
7 6 0.01143931
7 7 0.01143931
7 8 0.2499887
7 9 0.9149334
7 10 0.7534792
7 11 0.6877196
7 12 0.5539868
7 13 0.01143931
7 14 0.01235104
7 15 0.03759587
7 16 0.8561151
7 17 0.169619
7 18 0.4010335
7 19 0.804095
7 20 0.5269753
7 21 0.9545325
7 22 0.6533402
7 23 0.8975331
7 24 0.895415
7 25 0.895415
7 26 0.4975079
7 27 0.6086252
7 28 0.9454112
7 29 0.9817219
7 80 0.0730974
7 81 0.08300861
7 82 0.0730974
7 83 0.4217423
7 84 0.01143931
7 85 0.01143931
7 86 0.01143931
7 87 0.4617543
7 88 0.05069922
7 89 0.01143931
7 90 0.01143931
7 91 0.02101152
7 92 0.02101152
7 93 0.01527625
7 94 0.01143931
7 95 0.01527625
7 96 0.01143931
7 97 0.01143931
7 98 0.01143931
7 99 0.01143931
8 0 0.01407839
8 1 0.01143931
8 2 0.01507058
8 3 0.2226356
8 4 0.08926985
8 5 0.02033721
8 6 0.01143931
8 7 0.08344386
8 8 0.1718812
8 9 0.02241877
8 10 0.02213094
8 11 0.06381569
8 12 0.08128576
8 13 0.02256389
8 14 0.04490306
8 15 0.2836364
8 16 0.6905669
8 17 0.7884254
8 18 0.4947268
8 19 0.6187305
8 20 0.5855541
8 21 0.01143931
8 22 0.1018881
8 23 0.4975079
8 24 0.8015057
8 25 0.3302371
8 26 0.04954946
8 27 0.2199251
8 28 0.9384429
8 29 0.8244644
8 80 0.05246547
8 81 0.02020464
8 82 0.02101152
8 83 0.01407839
8 84 0.01407839
8 85 0.01407839
8 86 0.01407839
8 87 0.03074864
8 88 0.3833094
8 89 0.01143931
8 90 0.01724139
8 91 0.01143931
8 92 0.01724139
8 93 0.03692404
8 94 0.01143931
8 95 0.01143931
8 96 0.01143931
8 97 0.01143931
8 98 0.01143931
8 99 0.01143931
9 0 0.08789749
9 1 0.01968186
9 2 0.01507058
9 3 0.3845626
9 4 0.02800813
9 5 0.09493032
9 6 0.121613
9 7 0.3454829
9 8 0.01261063
9 9 0.01143931
9 10 0.01184605
9 11 0.01226557
9 12 0.01184605
9 13 0.1395268
9 14 0.4165215
9 15 0.6504617
9 16 0.8219531
9 17 0.8549339
9 18 0.99909
9 19 0.9208079
9 20 0.4230519
9 21 0.01143931
9 22 0.01143931
9 23 0.08043515
9 24 0.8846094
9 25 0.3659767
9 26 0.0978649
9 27 0.4035963
9 28 0.9068816
9 29 0.9348556
9 80 0.01143931
9 81 0.01143931
9 82 0.01143931
9 83 0.01143931
9 84 0.01143931
9 85 0.01143931
9 86 0.01143931
9 87 0.01143931
9 88 0.01143931
9 89 0.03692404
9 90 0.01143931
9 91 0.01143931
9 92 0.01143931
9 93 0.09986061
9 94 0.01143931
9 95 0.01192892
9 96 0.01143931
9 97 0.5539868
9 98 0.1948716
9 99 0.02184633
10 80 0.01143931
10 81 0.01143931
10 82 0.1337674
10 83 0.01143931
10 84 0.01724139
10 85 0.1263694
10 86 0.03692404
10 87 0.01143931
10 88 0.09986061
10 89 0.5114822
10 90 0.01143931
10 91 0.01407839
10 92 0.03692404
10 93 0.01143931
10 94 0.02101152
10 95 0.4617543
10 96 0.1666362
10 97 0.1536836
10 98 0.09687888
10 99 0.4947268
11 80 0.01143931
11 81 0.01143931
11 82 0.01724139
11 83 0.01143931
11 84 0.02748601
11 85 0.01724139
11 86 0.01143931
11 87 0.02548055
11 88 0.01143931
11 89 0.0730974
11 90 0.02548055
11 91 0.3684281
11 92 0.02748601
11 93 0.1300286
11 94 0.1337674
11 95 0.3538463
11 96 0.1756995
11 97 0.07548059
11 98 0.1536836
11 99 0.1756995
12 80 0.01143931
12 81 0.01143931
12 82 0.01243704
12 83 0.01143931
12 84 0.02360284
12 85 0.01143931
12 86 0.3256224
12 87 0.01243704
12 88 0.01724139
12 89 0.1756995
12 90 0.7670679
12 91 0.1337674
12 92 0.01351117
12 93 0.01243704
12 94 0.01296426
12 95 0.03692404
12 96 0.0489828
12 97 0.332558
12 98 0.1454698
12 99 0.06851397
13 80 0.01143931
13 81 0.01143931
13 82 0.01143931
13 83 0.0730974
13 84 0.01243704
13 85 0.01351117
13 86 0.2857609
13 87 0.2609083
13 88 0.1851102
13 89 0.149535
13 90 0.2857609
13 91 0.2101773
13 92 0.2987088
13 93 0.01407839
13 94 0.01143931
13 95 0.01143931
13 96 0.01143931
13 97 0.1536836
13 98 0.1756995
13 99 0.2579007
14 80 0.01143931
14 81 0.02360284
14 82 0.0561516
14 83 0.1337674
14 84 0.01351117
14 85 0.01143931
14 86 0.02548055
14 87 0.02548055
14 88 0.6748689
14 89 0.09986061
14 90 0.2262844
14 91 0.03433776
14 92 0.5114822
14 93 0.04412233
14 94 0.01143931
14 95 0.2374691
14 96 0.01143931
14 97 0.04412233
14 98 0.07548059
14 99 0.06851397
