# 2464 400 0.13966480446927373
0 0 1
0 1 0
0 2 0
0 3 1
0 4 0
0 5 0
0 6 0
0 7 0
0 8 1
0 9 1
0 10 2
0 11 11
0 12 0
0 13 0
0 14 0
0 15 0
0 16 5
0 17 24
0 18 12
0 19 1
0 20 0
0 21 3
0 22 8
0 23 6
0 24 48
0 25 1
0 26 3
0 27 2
0 28 4
0 29 5
0 30 0
0 31 2
0 32 13
0 33 6
0 34 36
0 35 15
0 36 25
0 37 18
0 38 12
0 39 13
0 40 0
0 41 1
0 42 0
0 43 1
0 44 3
0 45 2
0 46 1
0 47 0
0 48 0
0 49 1
0 50 1
0 51 0
0 52 0
0 53 1
0 54 1
0 55 1
0 56 21
0 57 21
0 58 7
0 59 16
0 60 1
0 61 0
0 62 1
0 63 2
0 64 1
0 65 0
0 66 0
0 67 6
0 68 1
0 69 1
0 70 0
0 71 0
0 72 1
0 73 1
0 74 0
0 75 2
0 76 0
0 77 2
0 78 1
0 79 0
0 80 1
0 81 1
0 82 1
0 83 0
0 84 1
0 85 0
0 86 0
0 87 1
0 88 0
0 89 0
0 90 3
0 91 1
0 92 0
0 93 1
0 94 2
0 95 0
0 96 1
0 97 1
0 98 0
0 99 0
1 0 2
1 1 0
1 2 0
1 3 0
1 4 2
1 5 0
1 6 0
1 7 0
1 8 2
1 9 1
1 10 1
1 11 1
1 12 1
1 13 2
1 14 3
1 15 2
1 16 11
1 17 13
1 18 15
1 19 18
1 20 3
1 21 5
1 22 9
1 23 1
1 24 0
1 25 2
1 26 9
1 27 1
1 28 5
1 29 1
1 30 9
1 31 21
1 32 5
1 33 1
1 34 2
1 35 11
1 36 23
1 37 7
1 38 4
1 39 41
1 40 0
1 41 2
1 42 1
1 43 1
1 44 0
1 45 1
1 46 1
1 47 1
1 48 0
1 49 3
1 50 1
1 51 1
1 52 0
1 53 1
1 54 0
1 55 8
1 56 3
1 57 14
1 58 8
1 59 2
1 60 0
1 61 0
1 62 1
1 63 1
1 64 0
1 65 0
1 66 1
1 67 1
1 68 0
1 69 1
1 70 1
1 71 2
1 72 0
1 73 3
1 74 1
1 75 1
1 76 1
1 77 1
1 78 1
1 79 0
1 80 2
1 81 1
1 82 1
1 83 1
1 84 0
1 85 1
1 86 0
1 87 0
1 88 2
1 89 1
1 90 2
1 91 2
1 92 0
1 93 2
1 94 0
1 95 0
1 96 1
1 97 1
1 98 1
1 99 0
2 0 2
2 1 1
2 2 1
2 3 0
2 4 6
2 5 0
2 6 1
2 7 0
2 8 2
2 9 9
2 10 4
2 11 1
2 12 0
2 13 1
2 14 15
2 15 19
2 16 14
2 17 26
2 18 12
2 19 11
2 20 18
2 21 25
2 22 7
2 23 0
2 24 1
2 25 9
2 26 15
2 27 0
2 28 1
2 29 9
2 30 15
2 31 20
2 32 1
2 33 0
2 34 9
2 35 6
2 36 4
2 37 2
2 38 1
2 39 1
2 40 0
2 41 1
2 42 1
2 43 2
2 44 2
2 45 0
2 46 2
2 47 0
2 48 12
2 49 14
2 50 15
2 51 15
2 52 0
2 53 0
2 54 1
2 55 0
2 56 19
2 57 2
2 58 2
2 59 1
2 60 1
2 61 2
2 62 0
2 63 1
2 64 1
2 65 1
2 66 0
2 67 0
2 68 1
2 69 0
2 70 1
2 71 1
2 72 1
2 73 2
2 74 1
2 75 0
2 76 0
2 77 2
2 78 2
2 79 1
2 80 0
2 81 0
2 82 1
2 83 1
2 84 0
2 85 1
2 86 2
2 87 1
2 88 0
2 89 1
2 90 0
2 91 0
2 92 0
2 93 0
2 94 1
2 95 0
2 96 0
2 97 2
2 98 0
2 99 3
3 0 0
3 1 1
3 2 1
3 3 2
3 4 0
3 5 3
3 6 0
3 7 30
3 8 15
3 9 0
3 10 0
3 11 1
3 12 1
3 13 0
3 14 21
3 15 4
3 16 1
3 17 17
3 18 35
3 19 9
3 20 13
3 21 15
3 22 12
3 23 2
3 24 4
3 25 29
3 26 6
3 27 0
3 28 0
3 29 7
3 30 13
3 31 27
3 32 9
3 33 10
3 34 12
3 35 4
3 36 1
3 37 2
3 38 1
3 39 2
3 40 0
3 41 4
3 42 0
3 43 0
3 44 0
3 45 1
3 46 1
3 47 0
3 48 0
3 49 17
3 50 10
3 51 23
3 52 1
3 53 1
3 54 0
3 55 0
3 56 10
3 57 2
3 58 0
3 59 3
3 60 3
3 61 3
3 62 0
3 63 4
3 64 0
3 65 2
3 66 1
3 67 2
3 68 0
3 69 1
3 70 2
3 71 1
3 72 0
3 73 0
3 74 0
3 75 1
3 76 1
3 77 0
3 78 0
3 79 0
3 80 2
3 81 0
3 82 5
3 83 0
3 84 0
3 85 0
3 86 1
3 87 0
3 88 0
3 89 1
3 90 0
3 91 3
3 92 1
3 93 1
3 94 0
3 95 1
3 96 1
3 97 0
3 98 1
3 99 12
4 0 0
4 1 0
4 2 0
4 3 0
4 4 2
4 5 0
4 6 0
4 7 8
4 8 1
4 9 1
4 10 1
4 11 2
4 12 0
4 13 5
4 14 2
4 15 4
4 16 15
4 17 31
4 18 32
4 19 18
4 20 13
4 21 24
4 22 7
4 23 17
4 24 6
4 25 17
4 26 17
4 27 11
4 28 1
4 29 2
4 30 9
4 31 29
4 32 13
4 33 16
4 34 20
4 35 2
4 36 1
4 37 2
4 38 1
4 39 6
4 40 11
4 41 16
4 42 1
4 43 1
4 44 0
4 45 1
4 46 0
4 47 0
4 48 1
4 49 5
4 50 2
4 51 15
4 52 8
4 53 4
4 54 0
4 55 3
4 56 26
4 57 13
4 58 18
4 59 4
4 60 1
4 61 0
4 62 1
4 63 0
4 64 0
4 65 1
4 66 1
4 67 0
4 68 6
4 69 2
4 70 2
4 71 1
4 72 0
4 73 0
4 74 2
4 75 1
4 76 0
4 77 0
4 78 1
4 79 1
4 80 0
4 81 0
4 82 1
4 83 2
4 84 2
4 85 0
4 86 0
4 87 1
4 88 2
4 89 1
4 90 1
4 91 0
4 92 0
4 93 0
4 94 0
4 95 3
4 96 1
4 97 0
4 98 1
4 99 3
5 0 0
5 1 0
5 2 0
5 3 0
5 4 3
5 5 0
5 6 0
5 7 0
5 8 15
5 9 8
5 10 17
5 11 0
5 12 0
5 13 12
5 14 0
5 15 0
5 16 0
5 17 5
5 18 8
5 19 12
5 20 6
5 21 0
5 22 2
5 23 9
5 24 16
5 25 12
5 26 5
5 27 14
5 28 3
5 29 5
5 80 0
5 81 0
5 82 0
5 83 0
5 84 7
5 85 7
5 86 0
5 87 1
5 88 0
5 89 0
5 90 0
5 91 0
5 92 0
5 93 0
5 94 0
5 95 0
5 96 0
5 97 0
5 98 0
5 99 0
6 0 0
6 1 0
6 2 0
6 3 0
6 4 0
6 5 1
6 6 0
6 7 0
6 8 2
6 9 7
6 10 21
6 11 13
6 12 7
6 13 0
6 14 0
6 15 0
6 16 6
6 17 6
6 18 18
6 19 4
6 20 7
6 21 4
6 22 12
6 23 10
6 24 15
6 25 9
6 26 4
6 27 8
6 28 16
6 29 32
6 80 0
6 81 0
6 82 3
6 83 12
6 84 0
6 85 0
6 86 2
6 87 8
6 88 0
6 89 0
6 90 0
6 91 0
6 92 0
6 93 0
6 94 0
6 95 0
6 96 0
6 97 0
6 98 0
6 99 0
7 0 0
7 1 0
7 2 0
7 3 0
7 4 0
7 5 0
7 6 0
7 7 0
7 8 2
7 9 10
7 10 18
7 11 10
7 12 0
7 13 0
7 14 0
7 15 0
7 16 10
7 17 0
7 18 8
7 19 7
7 20 3
7 21 12
7 22 4
7 23 11
7 24 30
7 25 9
7 26 1
7 27 2
7 28 12
7 29 26
7 80 0
7 81 0
7 82 1
7 83 1
7 84 0
7 85 0
7 86 0
7 87 0
7 88 0
7 89 0
7 90 0
7 91 0
7 92 0
7 93 0
7 94 0
7 95 0
7 96 0
7 97 0
7 98 0
7 99 0
8 0 0
8 1 0
8 2 0
8 3 0
8 4 0
8 5 0
8 6 0
8 7 0
8 8 0
8 9 0
8 10 1
8 11 1
8 12 0
8 13 0
8 14 0
8 15 0
8 16 9
8 17 7
8 18 1
8 19 4
8 20 6
8 21 0
8 22 0
8 23 8
8 24 17
8 25 3
8 26 0
8 27 0
8 28 13
8 29 18
8 80 0
8 81 0
8 82 0
8 83 0
8 84 0
8 85 0
8 86 0
8 87 0
8 88 4
8 89 0
8 90 0
8 91 0
8 92 0
8 93 0
8 94 0
8 95 0
8 96 0
8 97 0
8 98 0
8 99 0
9 0 0
9 1 0
9 2 0
9 3 0
9 4 0
9 5 0
9 6 0
9 7 2
9 8 0
9 9 0
9 10 0
9 11 0
9 12 0
9 13 0
9 14 1
9 15 10
9 16 18
9 17 5
9 18 18
9 19 19
9 20 1
9 21 0
9 22 0
9 23 0
9 24 27
9 25 0
9 26 0
9 27 5
9 28 9
9 29 7
9 80 0
9 81 0
9 82 0
9 83 0
9 84 0
9 85 0
9 86 0
9 87 0
9 88 0
9 89 0
9 90 0
9 91 0
9 92 0
9 93 0
9 94 0
9 95 0
9 96 0
9 97 0
9 98 0
9 99 1
10 80 0
10 81 0
10 82 0
10 83 0
10 84 0
10 85 0
10 86 0
10 87 0
10 88 0
10 89 2
10 90 0
10 91 0
10 92 0
10 93 0
10 94 0
10 95 8
10 96 0
10 97 0
10 98 0
10 99 2
11 80 0
11 81 0
11 82 0
11 83 0
11 84 0
11 85 0
11 86 0
11 87 0
11 88 0
11 89 0
11 90 0
11 91 11
11 92 0
11 93 0
11 94 0
11 95 0
11 96 0
11 97 0
11 98 0
11 99 0
12 80 0
12 81 0
12 82 0
12 83 0
12 84 0
12 85 0
12 86 0
12 87 0
12 88 0
12 89 0
12 90 4
12 91 0
12 92 0
12 93 0
12 94 0
12 95 0
12 96 0
12 97 0
12 98 0
12 99 0
13 80 0
13 81 0
13 82 0
13 83 0
13 84 0
13 85 0
13 86 0
13 87 0
13 88 0
13 89 0
13 90 0
13 91 0
13 92 0
13 93 0
13 94 0
13 95 0
13 96 0
13 97 0
13 98 0
13 99 0
14 80 0
14 81 0
14 82 0
14 83 1
14 84 0
14 85 0
14 86 0
14 87 0
14 88 6
14 89 0
14 90 0
14 91 0
14 92 12
14 93 0
14 94 0
14 95 0
14 96 0
14 97 0
14 98 0
14 99 0
