2530 0 3265 0 1013
2479 0 3150 0 1113
2068 0 2722 0 985
2455 0 3082 0 1051
2557 0 3213 0 1108
2416 0 3139 0 1013
2524 0 3153 0 992
2528 0 3308 0 1095
2664 0 3380 0 1104
2484 0 3171 0 1046
2422 0 3047 0 1135
2592 0 3124 0 1119
2564 0 3188 0 1156
2487 0 3234 0 1062
2505 0 3138 0 1020
1940 0 2571 0 956
2617 0 3223 0 1057
2513 0 3157 0 1075
2602 0 3248 0 1108
2457 0 2957 0 1073
2454 0 3082 0 1007
2471 0 3094 0 1040
2423 0 2921 0 1022
2364 0 2997 0 1041
2430 0 3181 0 1059
2556 0 3315 0 1064
2367 0 2971 0 1043
2364 0 2999 0 1056
2644 0 3199 0 1111
2413 0 2961 0 1041
2396 0 3047 0 1075
2504 0 3056 0 1104
2699 0 3415 0 1067
1136 190 1483 197 609
2764 0 3345 0 1124
2542 0 3290 0 1097
2681 0 3333 0 1131
2611 0 3223 0 1138
2268 0 2869 0 1022
2452 0 3093 0 1062
2538 0 3328 0 1095
45 38 67 52 25
2485 0 3117 0 1014
2637 0 3301 0 1079
2325 0 3014 0 992
163 176 195 164 99
2537 0 3174 0 1109
2500 0 3042 0 1035
2474 0 2918 0 1043
2577 0 3198 0 1060
56 60 95 46 35
2562 0 3427 0 1094
2464 0 3106 0 1073
2571 0 3246 0 1111
2705 0 3410 0 1071
2374 0 2955 0 994
2535 0 3174 0 1055
2456 0 3097 0 1073
2690 0 3280 0 1131
2465 0 3242 0 1053
2367 0 2970 0 1066
2660 0 3335 0 1165
2126 0 2861 0 986
2678 0 3302 0 1040
2586 0 3306 0 1093
13 0 35 0 12
2388 0 2937 0 1006
2391 0 3085 0 1013
2653 0 3340 0 1099
2478 0 3089 0 1085
2534 0 3160 0 1108
2480 0 3248 0 983
2479 0 3122 0 1128
2603 0 3308 0 1043
2447 0 3163 0 1054
2468 0 3196 0 1090
2579 0 3141 0 1064
2535 0 3212 0 1092
2567 0 3199 0 1078
79 47 105 36 64
4 0 15 0 1
2571 0 3087 0 1139
2595 0 3206 0 1197
2560 0 3162 0 1055
2516 0 3252 0 1076
2374 0 3027 0 976
2480 0 3200 0 1115
2404 0 2940 0 1068
2452 0 3071 0 1055
2613 0 3269 0 1140
2554 0 3245 0 1076
2397 0 3104 0 1073
2554 0 3246 0 1021
2549 0 3127 0 1051
2513 0 3078 0 1111
2562 0 3350 0 1048
2614 0 3357 0 1065
2522 0 3240 0 1085
2376 0 3056 0 1083
2550 0 3211 0 1089
2362 0 3116 0 1044
2419 0 3019 0 1014
2458 0 3074 0 1101
2498 0 3239 0 1083
393 156 539 176 233
2339 0 2965 0 1010
2632 0 3309 0 1136
2437 0 3101 0 1024
2307 0 2966 0 1006
2425 0 3087 0 1024
2540 0 3214 0 998
2667 0 3288 0 1099
2614 0 3236 0 1191
2572 0 3267 0 1149
2585 0 3336 0 1128
2373 0 2939 0 998
2367 0 3147 0 1021
2570 0 3173 0 1077
2378 0 2959 0 1075
2700 0 3461 0 1141
2572 0 3160 0 1091
2231 0 2898 0 998
2521 0 3129 0 1081
2534 0 2995 0 1026
2365 0 3131 0 997
405 149 540 149 248
2594 0 3353 0 1052
2426 0 3026 0 1068
2618 0 3221 0 1049
2548 0 3151 0 1102
349 158 436 157 198
2281 0 2906 0 1027
2724 0 3359 0 1109
2589 0 3206 0 1112
2392 0 3052 0 1036
2451 0 3207 0 1083
2511 0 3037 0 1006
820 170 1153 142 408
37 0 75 0 37
2305 0 2936 0 974
2433 0 2913 0 1043
2482 0 3102 0 1081
2528 0 3237 0 1106
2351 0 2958 0 973
2579 0 3216 0 1130
1177 138 1432 157 569
2667 0 3354 0 1102
2563 0 3161 0 1054
2386 0 3150 0 1021
2347 0 3025 0 1094
2378 0 2938 0 1006
2349 0 3000 0 1011
1028 256 1236 270 499
2650 0 3375 0 1068
2598 0 3195 0 1082
2599 0 3251 0 1077
36 0 43 0 21
2566 0 3420 0 1105
2470 0 3263 0 1075
2620 0 3228 0 1052
2537 0 3182 0 1176
740 232 950 173 384
2441 0 3095 0 1089
2575 0 3128 0 1088
2430 0 3087 0 1049
2457 0 3233 0 1087
2639 0 3265 0 1125
2412 0 3140 0 1035
2572 0 3110 0 1062
2346 0 3036 0 1073
2708 0 3290 0 1101
2478 0 3105 0 1085
15 0 24 0 10
609 226 881 221 358
2470 0 3284 0 1079
2512 0 3224 0 1129
2483 0 3135 0 1042
2426 0 2991 0 1105
2395 0 3102 0 1080
251 0 290 0 113
2449 0 3243 0 1119
275 67 385 54 177
2610 0 3213 0 1027
2685 0 3412 0 1084
2487 0 3280 0 1117
2500 0 3209 0 1099
2618 0 3347 0 1116
2665 0 3408 0 1077
2450 0 3167 0 1129
2312 0 2926 0 1059
2575 0 3264 0 1100
2576 0 3151 0 1069
2430 0 3153 0 1084
2435 0 3035 0 1034
26 13 46 17 16
2610 0 3394 0 1102
2396 0 2927 0 975
2640 0 3296 0 1113
2586 0 3124 0 1117
2521 0 3147 0 1081
2453 0 3138 0 1073
1091 149 1428 133 571
2576 0 3263 0 1042
2704 0 3298 0 1076
2506 0 3192 0 1112
2482 0 3062 0 1055
2595 0 3224 0 1114
2544 0 3147 0 1140
2240 0 2895 0 1041
235 79 346 65 138
2687 0 3295 0 1140
2577 0 3291 0 1112
2442 0 3189 0 1131
2474 0 3144 0 1083
2708 0 3402 0 1139
2434 0 3215 0 1014
2287 0 2860 0 956
2187 0 2881 0 981
2398 0 3062 0 1048
2545 0 3242 0 1038
2646 0 3231 0 1195
2473 0 3126 0 1048
48 0 66 0 34
2411 0 3137 0 1057
2537 0 3198 0 1092
2404 0 2980 0 992
2357 0 3072 0 1058
2720 0 3287 0 1147
2291 0 2869 0 959
2634 0 3298 0 1140
2438 0 3241 0 1073
2486 0 3191 0 1187
2586 0 3282 0 1151
2563 0 3247 0 1133
2583 0 3151 0 1106
2412 0 3257 0 1052
2518 0 3086 0 1078
2443 0 3094 0 1102
2555 0 3380 0 1020
2380 0 2993 0 1071
2448 0 3084 0 969
2507 0 3103 0 1083
2525 0 3049 0 1150
2525 0 3100 0 1127
2483 0 3161 0 1059
2475 0 3202 0 1087
2512 0 3113 0 1079
2468 0 3021 0 1063
2338 0 2945 0 1109
2515 0 3131 0 1111
2534 0 3107 0 1014
2616 0 3119 0 1102
2504 0 3131 0 1054
2580 0 3123 0 1091
2297 0 2852 0 974
2491 0 3049 0 1134
2260 0 2777 0 971
2556 0 3235 0 1114
2409 0 3037 0 1009
2392 0 2892 0 921
975 263 1263 254 530
