8 0 24 0 6
2068 0 2722 0 985
2455 0 3082 0 1051
2554 0 3193 0 1107
2600 0 3336 0 1124
2416 0 3139 0 1013
2311 0 2889 0 1022
2477 0 3126 0 1097
3 0 6 0 2
2467 0 3175 0 1038
2522 0 3128 0 1041
2480 0 3175 0 1063
2418 0 3011 0 958
2540 0 3260 0 1076
2428 0 3107 0 1090
2412 0 3090 0 1024
1115 0 1565 0 483
2426 0 3003 0 1087
2389 0 3009 0 1002
2592 0 3124 0 1119
2443 0 3084 0 1013
2567 0 3236 0 1054
2365 0 2951 0 1083
2601 0 3348 0 1162
2446 0 3052 0 1064
6 0 15 0 8
436 97 521 104 243
2476 0 3136 0 1063
2329 0 3029 0 1012
2379 0 3075 0 1010
2483 0 3187 0 1088
2498 0 3183 0 1121
2423 0 2921 0 1022
2357 0 3015 0 986
2753 0 3562 0 1201
0 0 0 0 0
2463 0 3152 0 1088
2567 0 3353 0 1047
2636 0 3285 0 1093
2613 0 3347 0 1101
2673 0 3444 0 1062
2250 0 3096 0 1007
2573 0 3379 0 1142
2371 0 2997 0 1025
150 0 217 0 72
2437 0 3075 0 1056
2331 0 2870 0 990
2477 0 3212 0 1082
2448 0 3075 0 1141
2556 0 3316 0 1117
2537 0 3174 0 1109
2623 0 3355 0 1076
2592 0 3184 0 1076
2859 0 3452 0 1219
2577 0 3198 0 1060
26 0 47 0 12
2559 0 3137 0 1049
0 0 0 0 0
2576 0 3382 0 1040
2543 0 3206 0 1117
2464 0 3106 0 1073
2571 0 3246 0 1111
2488 0 3310 0 1043
638 0 809 0 336
286 0 385 0 111
2397 0 3064 0 1088
43 0 54 0 32
2456 0 3097 0 1073
2465 0 3242 0 1053
2638 0 3389 0 1094
2407 0 3243 0 990
2463 0 3102 0 999
2464 0 3150 0 1081
2554 0 3056 0 1058
2487 0 3199 0 1077
2559 0 3413 0 1060
2653 0 3340 0 1099
2558 0 3246 0 1057
2279 0 2853 0 1035
2435 0 3166 0 1046
700 202 874 201 355
2441 0 3226 0 1070
2825 0 3392 0 1168
2618 0 3059 0 1111
2468 0 3196 0 1090
2535 0 3212 0 1092
2368 0 2952 0 1066
2402 0 3061 0 1108
2510 0 3224 0 1069
2510 0 3053 0 1031
2447 0 3148 0 1066
2560 0 3162 0 1055
85 0 105 0 48
2249 0 2957 0 980
2481 0 3098 0 1104
2465 0 3199 0 1048
2452 0 3091 0 1109
2386 0 3085 0 1028
2614 0 3357 0 1065
2522 0 3240 0 1085
2416 0 3152 0 1075
2531 0 3246 0 1045
2418 0 3098 0 1114
2511 0 3018 0 1057
97 0 175 0 65
793 156 1041 168 423
2458 0 3074 0 1101
2622 0 3238 0 1150
2498 0 3239 0 1083
2629 0 3355 0 1060
2394 0 3095 0 1089
2496 0 3238 0 1056
9 0 11 0 5
2484 0 3291 0 1047
2640 0 3249 0 1055
2339 0 2965 0 1010
2438 0 3079 0 1002
2632 0 3309 0 1136
2473 0 3064 0 1058
2425 0 3087 0 1024
2540 0 3214 0 998
2639 0 3268 0 1088
25 0 31 0 16
2367 0 3147 0 1021
2511 0 3154 0 1119
2450 0 3015 0 1018
2165 0 2736 0 942
2375 0 2973 0 1041
2816 0 3360 0 1170
2508 0 3199 0 1147
2660 0 3309 0 1099
2641 0 3305 0 1102
2349 0 3190 0 1077
2538 0 3115 0 1054
2453 0 3020 0 1010
2442 0 3096 0 1060
0 0 0 0 0
2549 0 3292 0 1159
2558 0 3240 0 1106
2281 0 2906 0 1027
2364 0 3004 0 1044
32 0 58 0 26
2638 0 3280 0 1116
2610 0 3290 0 1182
2504 0 3187 0 1058
2528 0 3237 0 1106
2487 0 3148 0 1122
2513 0 3088 0 1032
2483 0 3121 0 1065
2354 0 2996 0 975
120 111 164 135 93
2481 0 3272 0 1117
1177 138 1432 157 569
2563 0 3161 0 1054
2668 0 3399 0 1093
2358 0 3063 0 1143
2518 0 3083 0 1163
2575 0 3271 0 1082
2556 0 3230 0 1013
2650 0 3375 0 1068
2598 0 3195 0 1082
2428 0 3139 0 1084
2599 0 3251 0 1077
191 32 279 44 113
2627 0 3143 0 1058
2566 0 3420 0 1105
2633 0 3271 0 1094
593 128 820 122 314
2431 0 3029 0 1051
2419 0 3163 0 1097
2653 0 3295 0 1159
2546 0 3218 0 1052
2279 0 2917 0 991
2443 0 3157 0 1089
2457 0 3233 0 1087
2490 0 3228 0 1097
2430 0 3206 0 1005
2525 0 3252 0 1047
2521 0 3137 0 1083
40 0 36 0 26
2436 0 3091 0 1046
2470 0 3284 0 1079
31 0 37 0 25
2512 0 3224 0 1129
7 0 7 0 7
2516 0 3149 0 1042
2426 0 2991 0 1105
2614 0 3422 0 1089
155 33 224 32 90
2449 0 3243 0 1119
2574 0 3175 0 1087
2516 0 3096 0 1087
2767 0 3598 0 1120
2685 0 3412 0 1084
2377 0 2971 0 1075
2501 0 3103 0 1086
2591 0 3357 0 1117
57 0 86 0 30
2312 0 2926 0 1059
2212 0 2828 0 1028
2452 0 3119 0 1043
2688 0 3382 0 1207
2586 0 3124 0 1117
290 0 436 0 157
2453 0 3138 0 1073
2698 0 3337 0 1090
2480 0 3129 0 1031
2515 0 3158 0 1005
2506 0 3192 0 1112
2370 0 2989 0 1043
2432 0 3173 0 1066
2776 0 3411 0 1160
2687 0 3295 0 1140
2379 0 3072 0 1043
2646 0 3231 0 1195
2376 0 3022 0 1083
2482 0 3257 0 1083
2411 0 3137 0 1057
2537 0 3198 0 1092
2639 0 3160 0 1125
2498 0 3097 0 1074
2726 0 3430 0 1133
2553 0 3190 0 1115
2562 0 3370 0 1061
2365 0 2992 0 1042
2238 0 3014 0 1057
2349 0 2931 0 1026
2726 0 3447 0 1181
2479 0 3278 0 1111
2296 0 3019 0 993
2566 0 3338 0 1082
2842 0 3417 0 1084
2346 0 3078 0 1011
2338 0 2925 0 1020
2555 0 3380 0 1020
2525 0 3100 0 1127
2644 0 3184 0 1061
2437 0 3062 0 1041
1190 0 1600 0 592
2618 0 3175 0 1092
2623 0 3167 0 1149
2338 0 2945 0 1109
7 0 33 0 7
2515 0 3131 0 1111
2539 0 3197 0 1029
2616 0 3119 0 1102
2666 0 3256 0 1150
2407 0 3284 0 1079
2501 0 3078 0 1086
2297 0 2977 0 1024
2406 0 3130 0 952
2594 0 3343 0 1083
2532 0 3205 0 930
