2004.5 2027 1982 0.5 1 0 0.000252143217347 0.000504286434695 0.0 1 1
2035.0 2035 2035 0.0 0 0 0.0 0.0 0.0 0 1
2111.0 2111 2111 0.0 0 0 0.0 0.0 0.0 0 1
2043.0 2043 2043 0.0 0 0 0.0 0.0 0.0 0 1
2131.33333333 2216 2062 0.833333333333 1 0 0.000388473348321 0.000481231953802 0.0 5 1
2023.6 2091 1965 0.8 1 0 0.000392448988619 0.000500500500501 0.0 4 1
1877.0 1877 1877 0.0 0 0 0.0 0.0 0.0 0 1
1925.0 1925 1925 0.0 0 0 0.0 0.0 0.0 0 1
2181.0 2181 2181 0.0 0 0 0.0 0.0 0.0 0 1
2106.0 2106 2106 0.0 0 0 0.0 0.0 0.0 0 1
1870.33333333 1901 1823 0.666666666667 2 0 0.000352920416446 0.00105876124934 0.0 2 1
2171.0 2171 2171 0.0 0 0 0.0 0.0 0.0 0 1
2033.0 2055 1993 0.666666666667 1 0 0.000329295278833 0.000501504513541 0.0 2 1
2040.75 2096 1987 0.25 1 0 0.000119217930377 0.000476871721507 0.0 3 1
2121.25 2166 2061 1.125 2 0 0.000528549843957 0.000952834683182 0.0 7 1
2214.0 2214 2214 0.0 0 0 0.0 0.0 0.0 0 1
2057.5 2074 2041 0.0 0 0 0.0 0.0 0.0 1 1
1888.0 1888 1888 0.0 0 0 0.0 0.0 0.0 0 1
2061.0 2158 2018 1.42857142857 4 0 0.000697748500111 0.00197823936696 0.0 6 1
1951.0 1951 1951 0.0 0 0 0.0 0.0 0.0 0 1
2156.0 2156 2156 0.0 0 0 0.0 0.0 0.0 0 1
2200.0 2200 2200 0.0 0 0 0.0 0.0 0.0 0 1
2150.0 2150 2150 0.0 0 0 0.0 0.0 0.0 0 1
2182.0 2182 2182 0.0 0 0 0.0 0.0 0.0 0 1
2001.0 2001 2001 0.0 0 0 0.0 0.0 0.0 0 1
2001.25 2108 1883 0.625 3 0 0.000300965164147 0.0014598540146 0.0 7 1
2078.0 2078 2078 0.0 0 0 0.0 0.0 0.0 0 1
1993.66666667 2007 1974 0.333333333333 1 0 0.000166583374979 0.000499750124938 0.0 2 1
2029.0 2052 2006 0.0 0 0 0.0 0.0 0.0 1 1
2135.0 2140 2130 0.5 1 0 0.000234631628344 0.000469263256687 0.0 1 1
2085.0 2085 2085 0.0 0 0 0.0 0.0 0.0 0 1
2253.0 2253 2253 0.0 0 0 0.0 0.0 0.0 0 1
2104.0 2104 2104 0.0 0 0 0.0 0.0 0.0 0 1
2039.0 2050 2026 1.25 3 0 0.000612210218898 0.00147275405007 0.0 3 1
2141.0 2141 2141 0.0 0 0 0.0 0.0 0.0 0 1
2094.0 2094 2094 0.0 0 0 0.0 0.0 0.0 0 1
1916.0 1916 1916 0.0 0 0 0.0 0.0 0.0 0 1
2144.0 2144 2144 0.0 0 0 0.0 0.0 0.0 0 1
2000.0 2000 2000 0.0 0 0 0.0 0.0 0.0 0 1
2104.0 2142 2066 0.0 0 0 0.0 0.0 0.0 1 1
2056.0 2074 2038 0.0 0 0 0.0 0.0 0.0 1 1
2028.5 2057 2000 0.5 1 0 0.000242954324587 0.000485908649174 0.0 1 1
1920.0 1933 1907 0.0 0 0 0.0 0.0 0.0 1 1
2242.25 2291 2197 0.25 1 0 0.000109793588054 0.000439174352218 0.0 3 1
2075.0 2075 2075 0.0 0 0 0.0 0.0 0.0 0 1
2100.0 2146 2029 0.333333333333 1 0 0.000156788962057 0.000470366886171 0.0 2 1
2097.0 2097 2097 0.0 0 0 0.0 0.0 0.0 0 1
2110.0 2110 2110 0.0 0 0 0.0 0.0 0.0 0 1
2224.5 2280 2181 1.0 2 0 0.000451812760117 0.00089605734767 0.0 3 1
2009.0 2013 2005 0.0 0 0 0.0 0.0 0.0 1 1
2077.0 2077 2077 0.0 0 0 0.0 0.0 0.0 0 1
2052.0 2058 2046 0.5 1 0 0.000242836328315 0.000485672656629 0.0 1 1
1987.66666667 2012 1947 1.0 2 0 0.000503451998556 0.000997008973081 0.0 2 1
2185.5 2232 2139 0.5 1 0 0.000223914017017 0.000447828034035 0.0 1 1
2161.5 2202 2139 0.5 1 0 0.000230304045885 0.000467289719626 0.0 3 1
1913.0 1913 1913 0.0 0 0 0.0 0.0 0.0 0 1
2074.0 2074 2074 0.0 0 0 0.0 0.0 0.0 0 1
2116.5 2136 2097 0.5 1 0 0.00023832221163 0.00047664442326 0.0 1 1
2032.0 2032 2032 0.0 0 0 0.0 0.0 0.0 0 1
2063.5 2121 2029 0.0 0 0 0.0 0.0 0.0 3 1
2097.0 2097 2097 0.0 0 0 0.0 0.0 0.0 0 1
2147.0 2147 2147 0.0 0 0 0.0 0.0 0.0 0 1
2074.33333333 2110 2035 0.666666666667 1 0 0.000318236541196 0.000481000481 0.0 2 1
2259.0 2259 2259 0.0 0 0 0.0 0.0 0.0 0 1
2020.0 2020 2020 0.0 0 0 0.0 0.0 0.0 0 1
2157.0 2157 2157 0.0 0 0 0.0 0.0 0.0 0 1
2039.6 2095 1964 0.4 1 0 0.000192965868173 0.000485672656629 0.0 4 1
2104.5 2141 2049 0.25 1 0 0.00011798017933 0.000471920717319 0.0 3 1
2053.0 2053 2053 0.0 0 0 0.0 0.0 0.0 0 1
2126.2 2160 2090 1.0 3 0 0.000475884610638 0.00143334925944 0.0 4 1
2105.33333333 2145 2044 2.11111111111 5 0 0.000994103699284 0.00233972859148 0.0 8 1
2075.66666667 2114 2050 0.666666666667 1 0 0.000320126759746 0.000487567040468 0.0 2 1
1952.0 2001 1888 1.0 2 0 0.000503765360385 0.00101214574899 0.0 5 1
2087.66666667 2127 2042 0.5 2 0 0.000235553506408 0.000943396226415 0.0 5 1
2118.0 2118 2118 0.0 0 0 0.0 0.0 0.0 0 1
2080.0 2080 2080 0.0 0 0 0.0 0.0 0.0 0 1
2127.5 2136 2119 0.5 1 0 0.000233972859148 0.000467945718297 0.0 1 1
2104.0 2104 2104 0.0 0 0 0.0 0.0 0.0 0 1
2011.5 2054 1968 0.666666666667 1 0 0.000332588900153 0.000507872016252 0.0 5 1
2122.0 2132 2112 0.0 0 0 0.0 0.0 0.0 1 1
2009.76190476 2155 1881 2.04761904762 5 0 0.00101437215453 0.00231481481481 0.0 20 1
2202.0 2202 2202 0.0 0 0 0.0 0.0 0.0 0 1
2090.2 2140 2021 1.0 2 0 0.000472800277259 0.00093370681606 0.0 4 1
2111.0 2111 2111 0.0 0 0 0.0 0.0 0.0 0 1
2048.16666667 2147 1992 0.666666666667 1 0 0.000322279790051 0.000501756146513 0.0 5 1
2131.0 2131 2131 0.0 0 0 0.0 0.0 0.0 0 1
2078.0 2078 2078 0.0 0 0 0.0 0.0 0.0 1 1
2133.0 2133 2133 0.0 0 0 0.0 0.0 0.0 0 1
2136.0 2240 2023 1.0 2 0 0.000465967634994 0.000987654320988 0.0 6 1
1872.0 1976 1827 1.22222222222 2 0 0.000649012748211 0.00109289617486 0.0 8 1
2132.0 2132 2132 0.0 0 0 0.0 0.0 0.0 0 1
2163.0 2163 2163 0.0 0 0 0.0 0.0 0.0 0 1
1905.0 1905 1905 0.0 0 0 0.0 0.0 0.0 0 1
2011.5 2058 1965 0.5 1 0 0.000242836328315 0.000485672656629 0.0 1 1
2197.0 2197 2197 0.0 0 0 0.0 0.0 0.0 0 1
2179.66666667 2222 2139 0.0 0 0 0.0 0.0 0.0 2 1
1988.0 1988 1988 0.0 0 0 0.0 0.0 0.0 0 1
2146.0 2242 2076 0.714285714286 1 0 0.000329564034817 0.000478697941599 0.0 6 1
2105.0 2108 2102 0.5 1 0 0.000237755587256 0.000475511174513 0.0 1 1
2154.0 2154 2154 0.0 0 0 0.0 0.0 0.0 0 1
2115.33333333 2168 2072 0.333333333333 1 0 0.000153680651606 0.000461041954818 0.0 2 1
2141.66666667 2175 2105 1.0 2 0 0.000466104302433 0.000949216896061 0.0 5 1
2051.0 2093 2009 1.0 2 0 0.000477326968974 0.000954653937947 0.0 1 1
2078.0 2078 2078 0.0 0 0 0.0 0.0 0.0 0 1
2109.0 2109 2109 0.0 0 0 0.0 0.0 0.0 0 1
1985.0 1985 1985 0.0 0 0 0.0 0.0 0.0 0 1
2045.0 2045 2045 0.0 0 0 0.0 0.0 0.0 0 1
1934.5 1961 1908 1.0 2 0 0.000509424350484 0.00101884870097 0.0 1 1
2047.0 2047 2047 0.0 0 0 0.0 0.0 0.0 0 1
1859.125 1915 1810 1.375 3 0 0.000745485824393 0.0016456390565 0.0 7 1
2153.0 2153 2153 0.0 0 0 0.0 0.0 0.0 0 1
2080.0 2080 2080 0.0 0 0 0.0 0.0 0.0 0 1
1930.25 1945 1919 1.0 2 0 0.00051941602942 0.00104112441437 0.0 3 1
2174.0 2174 2174 0.0 0 0 0.0 0.0 0.0 0 1
2038.75 2125 1951 0.75 2 0 0.000359957208697 0.000969461948619 0.0 3 1
2015.0 2015 2015 0.0 0 0 0.0 0.0 0.0 0 1
2082.0 2082 2082 0.0 0 0 0.0 0.0 0.0 0 1
1950.0 1950 1950 0.0 0 0 0.0 0.0 0.0 0 1
2255.0 2255 2255 0.0 0 0 0.0 0.0 0.0 0 1
2067.0 2067 2067 0.0 0 0 0.0 0.0 0.0 0 1
1996.0 1996 1996 0.0 0 0 0.0 0.0 0.0 0 1
2136.0 2136 2136 0.0 0 0 0.0 0.0 0.0 0 1
2110.33333333 2132 2074 0.0 0 0 0.0 0.0 0.0 2 1
2128.0 2128 2128 0.0 0 0 0.0 0.0 0.0 0 1
1963.5 2001 1926 0.0 0 0 0.0 0.0 0.0 1 1
2032.8 2080 1974 0.8 2 0 0.000395955202435 0.00101214574899 0.0 4 1
2110.0 2110 2110 0.0 0 0 0.0 0.0 0.0 0 1
2221.0 2221 2221 0.0 0 0 0.0 0.0 0.0 0 1
2116.0 2116 2116 0.0 0 0 0.0 0.0 0.0 0 1
1976.0 2005 1947 0.5 1 0 0.00024925224327 0.00049850448654 0.0 1 1
2084.0 2084 2084 0.0 0 0 0.0 0.0 0.0 0 1
1904.8 1971 1839 1.0 3 0 0.000523286237572 0.00156985871272 0.0 4 1
1837.0 1870 1804 0.5 1 0 0.00026723677178 0.00053447354356 0.0 1 1
2022.0 2022 2022 0.0 0 0 0.0 0.0 0.0 0 1
2224.0 2224 2224 0.0 0 0 0.0 0.0 0.0 0 1
1994.0 1994 1994 0.0 0 0 0.0 0.0 0.0 0 1
1957.0 1957 1957 0.0 0 0 0.0 0.0 0.0 0 1
2031.0 2060 2002 0.5 1 0 0.000249625561658 0.000499251123315 0.0 1 1
2139.4 2172 2069 1.4 4 0 0.00064664119717 0.00184331797235 0.0 4 1
1932.4 2018 1835 0.6 1 0 0.000304769238008 0.000526038926881 0.0 4 1
2007.0 2007 2007 0.0 0 0 0.0 0.0 0.0 0 1
1989.5 2012 1934 1.0 2 0 0.000497391762882 0.000993048659384 0.0 3 1
2113.0 2113 2113 0.0 0 0 0.0 0.0 0.0 0 1
2127.5 2207 2096 0.75 1 0 0.000356805678097 0.000476871721507 0.0 3 1
2222.77777778 2297 2126 0.333333333333 3 0 0.000155327741535 0.00139794967381 0.0 8 1
1972.0 1972 1972 0.0 0 0 0.0 0.0 0.0 0 1
2108.0 2118 2098 0.5 1 0 0.000238208670796 0.000476417341591 0.0 1 1
2099.0 2099 2099 0.0 0 0 0.0 0.0 0.0 0 1
2036.33333333 2110 1984 0.666666666667 1 0 0.000325829160039 0.000503778337531 0.0 2 1
2217.5 2272 2163 0.0 0 0 0.0 0.0 0.0 1 1
2099.0 2099 2099 0.0 0 0 0.0 0.0 0.0 0 1
2123.0 2123 2123 0.0 0 0 0.0 0.0 0.0 0 1
2038.0 2038 2038 0.0 0 0 0.0 0.0 0.0 0 1
1931.0 1931 1931 0.0 0 0 0.0 0.0 0.0 0 1
1939.66666667 2010 1896 1.83333333333 4 0 0.000948379496909 0.0020964360587 0.0 11 1
2115.0 2130 2092 1.0 2 0 0.000474791031439 0.000955109837631 0.0 2 1
2130.0 2130 2130 0.0 0 0 0.0 0.0 0.0 0 1
2145.0 2145 2145 0.0 0 0 0.0 0.0 0.0 0 1
2076.75 2095 2059 0.5 1 0 0.000240677023599 0.00048309178744 0.0 3 1
2077.0 2119 2035 0.0 0 0 0.0 0.0 0.0 1 1
2086.5 2110 2063 1.0 2 0 0.000484261501211 0.000968523002421 0.0 1 1
2005.33333333 2069 1903 0.777777777778 1 0 0.000384133539571 0.000513874614594 0.0 8 1
2033.6 2067 2012 0.8 2 0 0.000390425012918 0.000966650555824 0.0 4 1
2129.0 2129 2129 0.0 0 0 0.0 0.0 0.0 0 1
1985.85714286 2095 1876 0.785714285714 2 0 0.00039018339892 0.00102249488753 0.0 13 1
2096.0 2132 2042 1.2 3 0 0.000570033748533 0.00143403441683 0.0 4 1
2075.0 2137 2013 0.0 0 0 0.0 0.0 0.0 1 1
1918.5 1934 1903 0.5 1 0 0.000262605042017 0.000525210084034 0.0 1 1
1834.0 1838 1830 0.5 1 0 0.000271886895052 0.000543773790103 0.0 1 1
1997.0 1997 1997 0.0 0 0 0.0 0.0 0.0 0 1
2070.0 2070 2070 0.0 0 0 0.0 0.0 0.0 1 1
2076.5 2091 2062 0.5 1 0 0.000242365487155 0.000484730974309 0.0 1 1
2298.0 2298 2298 0.0 0 0 0.0 0.0 0.0 0 1
1991.5 2039 1944 0.0 0 0 0.0 0.0 0.0 1 1
2084.0 2090 2078 1.5 3 0 0.000716674629718 0.00143334925944 0.0 1 1
2140.6 2181 2071 1.0 2 0 0.000471706012239 0.000964785335263 0.0 4 1
1883.6 1934 1829 0.8 3 0 0.000435037798751 0.00163755458515 0.0 4 1
2021.0 2084 1986 0.5 1 0 0.000243482920041 0.000494315373208 0.0 3 1
2133.0 2133 2133 0.0 0 0 0.0 0.0 0.0 0 1
1972.0 1972 1972 0.0 0 0 0.0 0.0 0.0 0 1
2001.66666667 2025 1978 1.0 2 0 0.000497328510784 0.000986679822398 0.0 2 1
1893.90909091 1958 1837 2.27272727273 5 0 0.00119520415398 0.00267665952891 0.0 10 1
2042.5 2081 2004 0.5 1 0 0.000249376558603 0.000498753117207 0.0 1 1
2025.0 2025 2025 0.0 0 0 0.0 0.0 0.0 0 1
2071.0 2078 2064 0.0 0 0 0.0 0.0 0.0 1 1
2101.0 2101 2101 0.0 0 0 0.0 0.0 0.0 0 1
1970.0 2035 1941 0.5 1 0 0.000256020680913 0.000514138817481 0.0 3 1
2152.0 2152 2152 0.0 0 0 0.0 0.0 0.0 0 1
1957.0 1969 1937 0.666666666667 1 0 0.000341547623672 0.000515995872033 0.0 2 1
2183.0 2183 2183 0.0 0 0 0.0 0.0 0.0 0 1
2117.0 2117 2117 0.0 0 0 0.0 0.0 0.0 0 1
2067.0 2103 2016 0.75 1 0 0.000359740535206 0.000485436893204 0.0 3 1
2130.5 2150 2111 0.0 0 0 0.0 0.0 0.0 1 1
2121.5 2160 2083 0.5 1 0 0.00023137436372 0.000462748727441 0.0 1 1
1991.16666667 2021 1945 0.833333333333 2 0 0.000416919222191 0.000988630746416 0.0 5 1
1985.0 2080 1907 2.11111111111 4 0 0.0010620842901 0.00202942668696 0.0 8 1
1972.0 1972 1972 0.0 0 0 0.0 0.0 0.0 0 1
2131.0 2174 2088 0.0 0 0 0.0 0.0 0.0 1 1
2094.0 2094 2094 0.0 0 0 0.0 0.0 0.0 0 1
1912.5 1943 1882 0.5 1 0 0.000257201646091 0.000514403292181 0.0 1 1
2103.0 2103 2103 0.0 0 0 0.0 0.0 0.0 0 1
2064.25 2123 1981 0.5 1 0 0.00024725924796 0.00050454086781 0.0 3 1
2216.5 2230 2203 1.0 2 0 0.000453514739229 0.000907029478458 0.0 1 1
2073.0 2124 2009 0.666666666667 1 0 0.000322700224368 0.000497512437811 0.0 2 1
2121.0 2121 2121 0.0 0 0 0.0 0.0 0.0 0 1
1944.66666667 1959 1924 0.666666666667 1 0 0.000343228200371 0.000519480519481 0.0 2 1
2013.0 2023 2003 1.0 2 0 0.000493827160494 0.000987654320988 0.0 1 1
2261.33333333 2300 2227 0.666666666667 1 0 0.000297234276797 0.000448833034111 0.0 2 1
2036.5 2052 2021 0.5 1 0 0.00024727992087 0.000494559841741 0.0 1 1
2017.0 2017 2017 0.0 0 0 0.0 0.0 0.0 0 1
1894.0 1894 1894 0.0 0 0 0.0 0.0 0.0 0 1
2049.75 2100 2022 0.75 1 0 0.000368747712301 0.000494315373208 0.0 3 1
2059.0 2059 2059 0.0 0 0 0.0 0.0 0.0 0 1
2073.25 2155 2020 0.5 1 0 0.00024709699195 0.000494804552202 0.0 3 1
1931.57142857 1965 1891 1.0 2 0 0.000518243398653 0.00105540897098 0.0 6 1
2107.0 2107 2107 0.0 0 0 0.0 0.0 0.0 0 1
2107.5 2159 2056 0.5 1 0 0.000231481481481 0.000462962962963 0.0 1 1
1856.53333333 1993 1739 2.0 4 0 0.00107226972969 0.00227014755959 0.0 14 1
2043.0 2043 2043 0.0 0 0 0.0 0.0 0.0 0 1
1992.77777778 2053 1919 1.44444444444 4 0 0.000729549707954 0.00208008320333 0.0 8 1
2080.0 2080 2080 0.0 0 0 0.0 0.0 0.0 0 1
2111.33333333 2177 2048 0.666666666667 1 0 0.000311023490687 0.000473933649289 0.0 2 1
2198.0 2216 2180 0.0 0 0 0.0 0.0 0.0 1 1
2134.0 2145 2123 0.0 0 0 0.0 0.0 0.0 1 1
2154.5 2188 2121 0.0 0 0 0.0 0.0 0.0 1 1
2022.0 2052 1992 0.5 1 0 0.000250878073256 0.000501756146513 0.0 1 1
2042.33333333 2092 2013 0.666666666667 1 0 0.000330279900967 0.000496524329692 0.0 2 1
2001.875 2118 1900 1.25 3 0 0.000613402005196 0.00150075037519 0.0 7 1
2198.0 2198 2198 0.0 0 0 0.0 0.0 0.0 0 1
2120.0 2120 2120 0.0 0 0 0.0 0.0 0.0 0 1
2057.5 2102 1969 1.5 3 0 0.000719436307856 0.001443001443 0.0 3 1
1918.4 1989 1883 1.8 4 0 0.000938134470765 0.00211081794195 0.0 9 1
2015.0 2086 1964 0.75 2 0 0.000365981820156 0.00095785440613 0.0 3 1
2030.0 2030 2030 0.0 0 0 0.0 0.0 0.0 0 1
2099.0 2099 2099 0.0 0 0 0.0 0.0 0.0 0 1
2033.5 2049 2018 0.5 1 0 0.000243902439024 0.000487804878049 0.0 1 1
2009.8 2055 1959 0.0 0 0 0.0 0.0 0.0 4 1
2043.81818182 2101 1986 1.36363636364 2 0 0.000663323203922 0.000989119683482 0.0 10 1
1937.0 2006 1848 0.666666666667 2 0 0.000338562065782 0.000996015936255 0.0 5 1
2054.0 2054 2054 0.0 0 0 0.0 0.0 0.0 0 1
2038.0 2038 2038 0.0 0 0 0.0 0.0 0.0 0 1
1984.0 1984 1984 0.0 0 0 0.0 0.0 0.0 0 1
2129.0 2129 2129 0.0 0 0 0.0 0.0 0.0 0 1
1928.5 1941 1916 0.0 0 0 0.0 0.0 0.0 1 1
2295.5 2299 2292 0.5 1 0 0.000217391304348 0.000434782608696 0.0 1 1
2052.71428571 2137 1977 2.28571428571 7 0 0.00109131463332 0.00336376741951 0.0 6 1
2121.0 2157 2085 0.5 1 0 0.000239693192713 0.000479386385427 0.0 1 1
2034.0 2034 2034 0.0 0 0 0.0 0.0 0.0 0 1
2062.0 2062 2062 0.0 0 0 0.0 0.0 0.0 0 1
2052.0 2057 2047 0.5 1 0 0.000244140625 0.00048828125 0.0 1 1
2223.0 2223 2223 0.0 0 0 0.0 0.0 0.0 0 1
2029.25 2054 1988 0.25 1 0 0.000125691302162 0.000502765208648 0.0 3 1
1895.66666667 1914 1862 0.666666666667 1 0 0.000348401921263 0.000523012552301 0.0 2 1
1989.5 2002 1977 1.0 2 0 0.000499001996008 0.000998003992016 0.0 1 1
2117.42857143 2219 2071 0.857142857143 1 0 0.000403531263192 0.000482625482625 0.0 6 1
2060.75 2081 2033 0.5 1 0 0.000240442761557 0.000481463649494 0.0 3 1
2156.25 2200 2069 0.75 1 0 0.000343061758285 0.000462534690102 0.0 3 1
2098.0 2098 2098 0.0 0 0 0.0 0.0 0.0 0 1
2048.0 2101 2002 0.833333333333 1 0 0.000407084118618 0.000499251123315 0.0 5 1
2157.0 2157 2157 0.0 0 0 0.0 0.0 0.0 0 1
1988.0 1988 1988 0.0 0 0 0.0 0.0 0.0 0 1
2169.57142857 2219 2108 1.28571428571 3 0 0.000597982797969 0.00142112742776 0.0 6 1
2051.0 2051 2051 0.0 0 0 0.0 0.0 0.0 0 1
2163.0 2163 2163 0.0 0 0 0.0 0.0 0.0 0 1
2150.0 2150 2150 0.0 0 0 0.0 0.0 0.0 0 1
2225.5 2253 2198 0.0 0 0 0.0 0.0 0.0 1 1
2094.66666667 2150 2028 0.333333333333 1 0 0.000154966682163 0.00046490004649 0.0 2 1
1973.5 2021 1903 0.25 1 0 0.000127226463104 0.000508905852417 0.0 3 1
2067.0 2067 2067 0.0 0 0 0.0 0.0 0.0 0 1
2038.5 2077 2000 0.0 0 0 0.0 0.0 0.0 1 1
2169.0 2218 2111 0.333333333333 1 0 0.000150217815833 0.000450653447499 0.0 2 1
2111.0 2111 2111 0.0 0 0 0.0 0.0 0.0 0 1
2050.0 2050 2050 0.0 0 0 0.0 0.0 0.0 0 1
2074.0 2074 2074 0.0 0 0 0.0 0.0 0.0 0 1
1955.0 2014 1879 1.125 3 0 0.00058013088367 0.00159404888417 0.0 7 1
2121.0 2121 2121 0.0 0 0 0.0 0.0 0.0 0 1
1970.2 2061 1893 0.8 2 0 0.000411794852304 0.0010460251046 0.0 4 1
1947.5 1978 1917 0.5 1 0 0.000252652854977 0.000505305709955 0.0 1 1
2229.0 2283 2193 1.2 3 0 0.000538321250958 0.00136054421769 0.0 4 1
2205.5 2218 2193 0.0 0 0 0.0 0.0 0.0 1 1
1870.0 1870 1870 0.0 0 0 0.0 0.0 0.0 0 1
2030.0 2030 2030 0.0 0 0 0.0 0.0 0.0 0 1
2170.0 2289 2078 0.75 2 0 0.000331623992533 0.000872981230904 0.0 3 1
1964.66666667 1981 1943 0.666666666667 2 0 0.000342759211654 0.00102827763496 0.0 2 1
1959.6 2017 1929 1.2 2 0 0.000611859436189 0.00103573278094 0.0 4 1
2146.0 2210 2086 0.666666666667 1 0 0.000315264080622 0.000479156684236 0.0 2 1
1915.5 1936 1895 0.5 1 0 0.000258131130614 0.000516262261229 0.0 1 1
2202.0 2202 2202 0.0 0 0 0.0 0.0 0.0 0 1
1852.33333333 1892 1832 0.333333333333 1 0 0.000181851245681 0.000545553737043 0.0 2 1
2118.5 2231 2042 0.75 1 0 0.000351261373261 0.000487329434698 0.0 7 1
1894.75 1929 1868 0.75 2 0 0.000392553142197 0.00105207785376 0.0 3 1
1988.33333333 2025 1946 0.5 2 0 0.000246710539666 0.000986679822398 0.0 5 1
2244.0 2254 2234 0.0 0 0 0.0 0.0 0.0 1 1
1980.0 1980 1980 0.0 0 0 0.0 0.0 0.0 0 1
1831.3 1911 1745 1.9 4 0 0.00103106892867 0.00223214285714 0.0 9 1
2031.0 2053 2009 0.5 1 0 0.000243427458617 0.000486854917235 0.0 1 1
2017.16666667 2059 1956 3.33333333333 8 0 0.00164943611849 0.0040140491721 0.0 11 1
1984.5 1985 1984 0.5 1 0 0.000251762336354 0.000503524672709 0.0 1 1
1985.0 2061 1911 1.33333333333 4 0 0.00066711729857 0.00203045685279 0.0 8 1
2002.0 2002 2002 0.0 0 0 0.0 0.0 0.0 0 1
2040.33333333 2084 1997 1.0 2 0 0.000491562473172 0.00100050025013 0.0 5 1
2116.0 2116 2116 0.0 0 0 0.0 0.0 0.0 0 1
2051.0 2051 2051 0.0 0 0 0.0 0.0 0.0 0 1
2164.0 2164 2164 0.0 0 0 0.0 0.0 0.0 0 1
2000.5 2014 1987 0.5 1 0 0.000251509054326 0.000503018108652 0.0 1 1
2051.0 2051 2051 0.0 0 0 0.0 0.0 0.0 0 1
2107.0 2132 2058 0.666666666667 2 0 0.000312548835756 0.000937646507267 0.0 2 1
1911.2 1927 1892 1.6 2 0 0.000836314720064 0.00105596620908 0.0 4 1
1957.0 1978 1945 1.0 3 0 0.000508058811618 0.0015143866734 0.0 4 1
2102.0 2102 2102 0.0 0 0 0.0 0.0 0.0 0 1
1931.0 1931 1931 0.0 0 0 0.0 0.0 0.0 0 1
1958.5 2029 1880 0.833333333333 1 0 0.00042337994274 0.000531632110579 0.0 5 1
2054.33333333 2103 2019 0.666666666667 1 0 0.000321667045281 0.00048971596474 0.0 2 1
2116.66666667 2141 2097 0.0 0 0 0.0 0.0 0.0 2 1
2073.0 2095 2033 0.0 0 0 0.0 0.0 0.0 2 1
2076.0 2076 2076 0.0 0 0 0.0 0.0 0.0 0 1
2090.0 2090 2090 0.0 0 0 0.0 0.0 0.0 0 1
2103.0 2103 2103 0.0 0 0 0.0 0.0 0.0 0 1
1841.0 1841 1841 0.0 0 0 0.0 0.0 0.0 0 1
2040.0 2064 2016 1.0 2 0 0.000484027105518 0.000968054211036 0.0 1 1
1896.66666667 2016 1808 1.5 4 0 0.000789088093284 0.00212879191059 0.0 5 1
1990.5 2127 1868 1.75 3 0 0.000873931206355 0.0015455950541 0.0 7 1
2212.0 2212 2212 0.0 0 0 0.0 0.0 0.0 0 1
1999.0 1999 1999 0.0 0 0 0.0 0.0 0.0 0 1
2017.66666667 2038 1992 0.0 0 0 0.0 0.0 0.0 2 1
2110.83333333 2167 2067 1.0 3 0 0.000475136863544 0.00142247510669 0.0 5 1
2141.33333333 2190 2110 1.33333333333 2 0 0.000617714177156 0.000940733772342 0.0 2 1
2148.0 2148 2148 0.0 0 0 0.0 0.0 0.0 0 1
2171.5 2192 2151 0.5 1 0 0.000232342007435 0.00046468401487 0.0 1 1
2042.0 2042 2042 0.0 0 0 0.0 0.0 0.0 0 1
2092.0 2092 2092 0.0 0 0 0.0 0.0 0.0 0 1
2052.0 2074 2030 0.5 1 0 0.000246184145741 0.000492368291482 0.0 1 1
2131.0 2131 2131 0.0 0 0 0.0 0.0 0.0 0 1
1858.0 1913 1803 0.5 1 0 0.000261233019854 0.000522466039707 0.0 1 1
2079.0 2079 2079 0.0 0 0 0.0 0.0 0.0 0 1
2063.33333333 2080 2037 1.0 2 0 0.000483763975971 0.000960614793468 0.0 2 1
2240.0 2240 2240 0.0 0 0 0.0 0.0 0.0 0 1
2153.66666667 2169 2127 0.666666666667 1 0 0.000310535109704 0.00046992481203 0.0 2 1
1972.0 1972 1972 0.0 0 0 0.0 0.0 0.0 0 1
2170.0 2192 2148 0.5 1 0 0.000232666356445 0.00046533271289 0.0 1 1
2048.0 2048 2048 0.0 0 0 0.0 0.0 0.0 0 1
2183.0 2183 2183 0.0 0 0 0.0 0.0 0.0 0 1
2230.0 2230 2230 0.0 0 0 0.0 0.0 0.0 0 1
2016.0 2033 1999 0.5 1 0 0.000245821042281 0.000491642084562 0.0 1 1
1962.0 1962 1962 0.0 0 0 0.0 0.0 0.0 0 1
2158.25 2195 2118 2.25 3 0 0.0010472042932 0.001414427157 0.0 3 1
2054.0 2117 1995 1.25 2 0 0.000613086226173 0.00100150225338 0.0 3 1
1976.4 2037 1900 0.9 2 0 0.000456113038583 0.00101419878296 0.0 9 1
2077.55555556 2176 1968 1.88888888889 3 0 0.000905457386137 0.0014800197336 0.0 8 1
2118.0 2118 2118 0.0 0 0 0.0 0.0 0.0 0 1
2032.0 2032 2032 0.0 0 0 0.0 0.0 0.0 0 1
2402.0 2402 2402 0.0 0 0 0.0 0.0 0.0 0 1
1940.0 1940 1940 0.0 0 0 0.0 0.0 0.0 0 1
2188.0 2188 2188 0.0 0 0 0.0 0.0 0.0 0 1
2076.0 2083 2063 0.666666666667 2 0 0.000322841000807 0.000968523002421 0.0 2 1
1976.66666667 2051 1893 0.0 0 0 0.0 0.0 0.0 2 1
1989.0 1989 1989 0.0 0 0 0.0 0.0 0.0 0 1
1913.0 1913 1913 0.0 0 0 0.0 0.0 0.0 0 1
1993.0 1993 1993 0.0 0 0 0.0 0.0 0.0 0 1
1923.0 1923 1923 0.0 0 0 0.0 0.0 0.0 0 1
2079.0 2097 2043 0.666666666667 2 0 0.000317611561061 0.000952834683182 0.0 2 1
2140.0 2140 2140 0.0 0 0 0.0 0.0 0.0 0 1
2061.0 2061 2061 0.0 0 0 0.0 0.0 0.0 0 1
2091.0 2091 2091 0.0 0 0 0.0 0.0 0.0 0 1
1997.66666667 2025 1983 0.333333333333 1 0 0.000164527805199 0.000493583415597 0.0 2 1
2062.83333333 2114 1999 0.5 2 0 0.000241324553284 0.000975134080936 0.0 5 1
1958.5 1967 1937 0.0 0 0 0.0 0.0 0.0 3 1
2108.5 2130 2087 0.0 0 0 0.0 0.0 0.0 1 1
2097.0 2097 2097 0.0 0 0 0.0 0.0 0.0 0 1
2074.0 2074 2074 0.0 0 0 0.0 0.0 0.0 0 1
1969.5 2012 1920 0.25 1 0 0.000130140551796 0.000520562207184 0.0 3 1
2171.0 2192 2150 0.5 1 0 0.000232450023245 0.00046490004649 0.0 1 1
2094.25 2145 1986 3.0 7 0 0.00141355541836 0.00329411764706 0.0 7 1
2008.0 2008 2008 0.0 0 0 0.0 0.0 0.0 0 1
2189.0 2189 2189 0.0 0 0 0.0 0.0 0.0 0 1
2113.5 2116 2111 1.0 2 0 0.000472143531634 0.000944287063267 0.0 1 1
2095.0 2095 2095 0.0 0 0 0.0 0.0 0.0 0 1
1885.0 1885 1885 0.0 0 0 0.0 0.0 0.0 0 1
2113.5 2137 2090 1.0 2 0 0.000478011472275 0.000956022944551 0.0 1 1
1936.0 1945 1927 0.5 1 0 0.000259336099585 0.00051867219917 0.0 1 1
2050.0 2050 2050 0.0 0 0 0.0 0.0 0.0 0 1
2141.75 2174 2075 0.25 1 0 0.000115207373272 0.000460829493088 0.0 3 1
2279.0 2279 2279 0.0 0 0 0.0 0.0 0.0 0 1
1918.0 1918 1918 0.0 0 0 0.0 0.0 0.0 0 1
2242.0 2242 2242 0.0 0 0 0.0 0.0 0.0 0 1
2056.875 2173 1994 0.5 1 0 0.000242124930037 0.0004995004995 0.0 7 1
2070.0 2070 2070 0.0 0 0 0.0 0.0 0.0 0 1
1889.81818182 2057 1813 1.18181818182 3 0 0.000623108614197 0.00160170848905 0.0 10 1
2092.0 2165 2022 0.8 1 0 0.000381384236664 0.000494315373208 0.0 4 1
2154.5 2183 2133 0.75 1 0 0.000346810871904 0.00046468401487 0.0 3 1
2006.0 2006 2006 0.0 0 0 0.0 0.0 0.0 0 1
1971.0 1971 1971 0.0 0 0 0.0 0.0 0.0 0 1
2287.0 2352 2236 0.333333333333 1 0 0.000146584579302 0.000439753737907 0.0 2 1
2015.0 2015 2015 0.0 0 0 0.0 0.0 0.0 0 1
2145.66666667 2162 2136 0.666666666667 1 0 0.000310088856322 0.000467945718297 0.0 2 1
1982.0 1982 1982 0.0 0 0 0.0 0.0 0.0 0 1
2154.0 2154 2154 0.0 0 0 0.0 0.0 0.0 0 1
1970.66666667 2087 1899 1.33333333333 4 0 0.000681094969109 0.00202736948809 0.0 5 1
2108.0 2189 2025 0.5 2 0 0.000237670273861 0.000975134080936 0.0 9 1
2182.33333333 2191 2174 0.0 0 0 0.0 0.0 0.0 2 1
2027.5 2054 2001 0.5 1 0 0.000243309002433 0.000486618004866 0.0 1 1
1948.28571429 2002 1851 0.857142857143 2 0 0.000434472737065 0.00102880658436 0.0 6 1
1841.88888889 1921 1780 0.777777777778 2 0 0.00041775358437 0.00104004160166 0.0 8 1
1862.0 1862 1862 0.0 0 0 0.0 0.0 0.0 0 1
1906.33333333 1952 1875 0.333333333333 1 0 0.00017608733932 0.000528262017961 0.0 2 1
1915.5 1923 1908 0.0 0 0 0.0 0.0 0.0 1 1
1906.0 1906 1906 0.0 0 0 0.0 0.0 0.0 0 1
2116.33333333 2178 2072 0.0 0 0 0.0 0.0 0.0 2 1
2034.0 2044 2016 1.66666666667 3 0 0.000821133735863 0.00148588410104 0.0 2 1
2041.0 2068 2014 0.0 0 0 0.0 0.0 0.0 1 1
2134.66666667 2161 2108 0.333333333333 1 0 0.000158052789632 0.000474158368895 0.0 2 1
2284.0 2284 2284 0.0 0 0 0.0 0.0 0.0 0 1
1993.5 2033 1909 1.33333333333 2 0 0.000670276642884 0.00104657247514 0.0 5 1
2138.0 2138 2138 0.0 0 0 0.0 0.0 0.0 0 1
2037.0 2037 2037 0.0 0 0 0.0 0.0 0.0 0 1
2031.5 2038 2025 0.0 0 0 0.0 0.0 0.0 1 1
1985.6 2051 1882 1.1 4 0 0.000553597850038 0.00197433366239 0.0 9 1
2064.0 2064 2064 0.0 0 0 0.0 0.0 0.0 0 1
2036.4 2061 1998 0.8 1 0 0.000390832709387 0.000493339911199 0.0 4 1
1937.0 1937 1937 0.0 0 0 0.0 0.0 0.0 0 1
2047.0 2047 2047 0.0 0 0 0.0 0.0 0.0 0 1
2175.0 2175 2175 0.0 0 0 0.0 0.0 0.0 0 1
1908.5 1909 1908 0.0 0 0 0.0 0.0 0.0 1 1
2064.0 2064 2064 0.0 0 0 0.0 0.0 0.0 0 1
2104.0 2104 2104 0.0 0 0 0.0 0.0 0.0 0 1
2074.0 2074 2074 0.0 0 0 0.0 0.0 0.0 0 1
2072.0 2072 2072 0.0 0 0 0.0 0.0 0.0 0 1
2113.0 2113 2113 0.0 0 0 0.0 0.0 0.0 0 1
2102.0 2138 2066 0.0 0 0 0.0 0.0 0.0 1 1
2001.84615385 2073 1938 1.61538461538 4 0 0.000808031469374 0.00199600798403 0.0 12 1
2142.0 2142 2142 0.0 0 0 0.0 0.0 0.0 0 1
2010.0 2010 2010 0.0 0 0 0.0 0.0 0.0 0 1
2152.0 2152 2152 0.0 0 0 0.0 0.0 0.0 0 1
2168.0 2168 2168 0.0 0 0 0.0 0.0 0.0 0 1
2142.85714286 2206 2088 1.0 2 0 0.000466980342082 0.000941176470588 0.0 6 1
2082.42857143 2195 1973 0.714285714286 1 0 0.000343922952012 0.000506585612969 0.0 6 1
2039.5 2057 2022 0.5 1 0 0.000242954324587 0.000485908649174 0.0 1 1
2127.0 2133 2121 0.5 1 0 0.000235626767201 0.000471253534402 0.0 1 1
2132.0 2132 2132 0.0 0 0 0.0 0.0 0.0 0 1
1971.0 1971 1971 0.0 0 0 0.0 0.0 0.0 0 1
2222.0 2222 2222 0.0 0 0 0.0 0.0 0.0 0 1
2019.5 2041 2005 0.75 1 0 0.000371186195243 0.00049850448654 0.0 3 1
2110.0 2110 2110 0.0 0 0 0.0 0.0 0.0 0 1
2145.0 2174 2098 0.333333333333 1 0 0.000154035736291 0.000462107208872 0.0 2 1
2137.0 2161 2113 0.5 1 0 0.000231267345051 0.000462534690102 0.0 1 1
2103.0 2103 2103 0.0 0 0 0.0 0.0 0.0 0 1
2078.0 2078 2078 0.0 0 0 0.0 0.0 0.0 0 1
2190.5 2205 2176 0.5 1 0 0.000226654578422 0.000453309156845 0.0 1 1
2153.2 2177 2129 1.8 3 0 0.000837640102522 0.0013986013986 0.0 4 1
2012.33333333 2029 2002 0.333333333333 1 0 0.000164203612479 0.000492610837438 0.0 2 1
2135.66666667 2169 2104 0.0 0 0 0.0 0.0 0.0 2 1
2025.0 2025 2025 0.0 0 0 0.0 0.0 0.0 0 1
2093.75 2106 2078 0.75 1 0 0.000358576717657 0.000481000481 0.0 3 1
1953.0 1953 1953 0.0 0 0 0.0 0.0 0.0 0 1
2074.5 2096 2053 0.5 1 0 0.000243427458617 0.000486854917235 0.0 1 1
2027.88888889 2097 1977 0.888888888889 2 0 0.000440277236144 0.000975609756098 0.0 8 1
2194.0 2194 2194 0.0 0 0 0.0 0.0 0.0 0 1
2143.0 2143 2143 0.0 0 0 0.0 0.0 0.0 0 1
1854.0 1854 1854 0.0 0 0 0.0 0.0 0.0 0 1
2092.0 2092 2092 0.0 0 0 0.0 0.0 0.0 0 1
2136.0 2136 2136 0.0 0 0 0.0 0.0 0.0 0 1
2091.85714286 2274 1874 1.90476190476 5 0 0.000903758626642 0.00244977951984 0.0 20 1
2142.0 2144 2140 0.5 1 0 0.000233535730967 0.000467071461934 0.0 1 1
2041.0 2045 2037 0.5 1 0 0.000244379276637 0.000488758553275 0.0 1 1
1834.0 1834 1834 0.0 0 0 0.0 0.0 0.0 0 1
2077.5 2084 2071 1.0 2 0 0.000482392667631 0.000964785335263 0.0 1 1
1978.0 2004 1944 0.666666666667 1 0 0.000334008126806 0.000503271263211 0.0 2 1
1973.0 1973 1973 0.0 0 0 0.0 0.0 0.0 0 1
2030.0 2030 2030 0.0 0 0 0.0 0.0 0.0 0 1
2068.5 2084 2053 0.5 1 0 0.000239808153477 0.000479616306954 0.0 1 1
2144.16666667 2174 2093 0.833333333333 3 0 0.000394274893333 0.00143129770992 0.0 5 1
2085.5 2099 2072 0.5 1 0 0.000238095238095 0.00047619047619 0.0 1 1
2152.5 2185 2099 0.0 0 0 0.0 0.0 0.0 3 1
2077.0 2077 2077 0.0 0 0 0.0 0.0 0.0 0 1
2082.33333333 2116 2036 0.333333333333 1 0 0.000157455518816 0.000472366556448 0.0 2 1
2212.33333333 2266 2114 1.0 2 0 0.000442153033376 0.000885347498893 0.0 2 1
2036.0 2036 2036 0.0 0 0 0.0 0.0 0.0 0 1
2039.0 2039 2039 0.0 0 0 0.0 0.0 0.0 0 1
2053.33333333 2077 2004 0.833333333333 2 0 0.000404011843455 0.000979911807937 0.0 5 1
1899.0 1899 1899 0.0 0 0 0.0 0.0 0.0 0 1
1985.42857143 2121 1875 0.428571428571 1 0 0.000210936444426 0.000510986203373 0.0 6 1
2081.0 2081 2081 0.0 0 0 0.0 0.0 0.0 0 1
2188.0 2188 2188 0.0 0 0 0.0 0.0 0.0 0 1
2006.8 2033 1966 0.6 1 0 0.000296691930224 0.000496031746032 0.0 4 1
2054.33333333 2088 2017 0.666666666667 2 0 0.000318979266348 0.000956937799043 0.0 2 1
1934.0 1934 1934 0.0 0 0 0.0 0.0 0.0 0 1
2203.0 2203 2203 0.0 0 0 0.0 0.0 0.0 0 1
2227.25 2315 2175 0.75 1 0 0.000341102330399 0.000459558823529 0.0 3 1
2041.375 2163 1947 1.0 4 0 0.000494382434457 0.00205023065095 0.0 15 1
2068.5 2084 2053 0.5 1 0 0.000243427458617 0.000486854917235 0.0 1 1
2110.0 2129 2091 0.0 0 0 0.0 0.0 0.0 1 1
1979.0 2006 1952 0.5 1 0 0.000249128051819 0.000498256103637 0.0 1 1
2275.0 2275 2275 0.0 0 0 0.0 0.0 0.0 0 1
2059.0 2100 2017 1.0 2 0 0.000491085476505 0.000990589400693 0.0 4 1
2129.0 2143 2115 0.5 1 0 0.000233208955224 0.000466417910448 0.0 1 1
2009.83333333 2126 1903 2.16666666667 4 0 0.00107289791544 0.0020191822312 0.0 11 1
2134.0 2134 2134 0.0 0 0 0.0 0.0 0.0 0 1
2081.0 2127 2023 0.5 2 0 0.000240698318515 0.000950118764846 0.0 5 1
2116.0 2116 2116 0.0 0 0 0.0 0.0 0.0 0 1
2071.0 2071 2071 0.0 0 0 0.0 0.0 0.0 0 1
2094.75 2181 1986 1.16666666667 4 0 0.000549661149648 0.00189663347558 0.0 11 1
1967.55555556 2073 1861 1.22222222222 3 0 0.000633221641113 0.0015756302521 0.0 8 1
2063.0 2063 2063 0.0 0 0 0.0 0.0 0.0 0 1
2043.0 2043 2043 0.0 0 0 0.0 0.0 0.0 0 1
2108.5 2113 2104 0.0 0 0 0.0 0.0 0.0 1 1
1980.33333333 2035 1936 0.666666666667 1 0 0.000332838602433 0.00050735667174 0.0 2 1
1944.8 2018 1874 0.6 1 0 0.00030709408114 0.000533333333333 0.0 4 1
2097.83333333 2151 2054 0.333333333333 1 0 0.00015949748184 0.000486618004866 0.0 5 1
2070.16666667 2105 1965 1.16666666667 2 0 0.000556829274793 0.000959232613909 0.0 5 1
2038.0 2038 2038 0.0 0 0 0.0 0.0 0.0 0 1
2342.33333333 2428 2287 0.333333333333 1 0 0.000137230684781 0.000411692054343 0.0 2 1
2136.33333333 2177 2079 0.666666666667 1 0 0.000314077421777 0.000480769230769 0.0 5 1
2181.0 2181 2181 0.0 0 0 0.0 0.0 0.0 0 1
2082.66666667 2157 2014 0.333333333333 1 0 0.000154464009886 0.000463392029657 0.0 2 1
1923.66666667 1982 1849 1.16666666667 3 0 0.000609551786043 0.00157480314961 0.0 5 1
2129.0 2129 2129 0.0 0 0 0.0 0.0 0.0 0 1
1896.33333333 1936 1851 0.333333333333 1 0 0.000179985601152 0.000539956803456 0.0 2 1
2248.33333333 2308 2200 0.666666666667 2 0 0.0002886002886 0.000865800865801 0.0 2 1
1924.0 1999 1844 0.916666666667 3 0 0.000478286099334 0.0015625 0.0 11 1
1998.42857143 2046 1965 1.57142857143 3 0 0.000785660262556 0.0015243902439 0.0 6 1
1989.0 1989 1989 0.0 0 0 0.0 0.0 0.0 0 1
2011.5 2056 1938 1.5 2 0 0.000745784086235 0.00103092783505 0.0 5 1
2038.66666667 2047 2031 1.0 2 0 0.000488840794678 0.000976085895559 0.0 2 1
1973.66666667 2007 1951 0.333333333333 1 0 0.000170765027322 0.000512295081967 0.0 2 1
1964.0 1964 1964 0.0 0 0 0.0 0.0 0.0 0 1
1997.4 2029 1968 1.4 4 0 0.000698321819793 0.00199900049975 0.0 4 1
2137.0 2137 2137 0.0 0 0 0.0 0.0 0.0 0 1
2033.0 2033 2033 0.0 0 0 0.0 0.0 0.0 0 1
2270.625 2316 2186 1.25 2 0 0.000553429772266 0.00091407678245 0.0 7 1
2130.0 2130 2130 0.0 0 0 0.0 0.0 0.0 0 1
2176.0 2176 2176 0.0 0 0 0.0 0.0 0.0 0 1
2124.0 2155 2093 0.0 0 0 0.0 0.0 0.0 1 1
2101.0 2130 2072 0.0 0 0 0.0 0.0 0.0 1 1
1899.5 1920 1879 0.5 1 0 0.000260281103592 0.000520562207184 0.0 1 1
2278.0 2278 2278 0.0 0 0 0.0 0.0 0.0 0 1
2064.0 2122 2006 0.5 1 0 0.000235515779557 0.000471031559114 0.0 1 1
2061.0 2061 2061 0.0 0 0 0.0 0.0 0.0 0 1
1844.0 1844 1844 0.0 0 0 0.0 0.0 0.0 0 1
2096.0 2096 2096 0.0 0 0 0.0 0.0 0.0 0 1
1976.5 1984 1969 0.5 1 0 0.000253807106599 0.000507614213198 0.0 1 1
2120.66666667 2161 2016 0.333333333333 1 0 0.000156208905035 0.000471920717319 0.0 5 1
2052.0 2052 2052 0.0 0 0 0.0 0.0 0.0 0 1
2039.0 2039 2039 0.0 0 0 0.0 0.0 0.0 0 1
2122.0 2122 2122 0.0 0 0 0.0 0.0 0.0 0 1
1909.66666667 1947 1860 1.0 2 0 0.000531378218967 0.00107411385607 0.0 2 1
2140.0 2140 2140 0.0 0 0 0.0 0.0 0.0 0 1
2036.0 2057 2015 0.0 0 0 0.0 0.0 0.0 1 1
2084.0 2084 2084 0.0 0 0 0.0 0.0 0.0 0 1
1876.0 1876 1876 0.0 0 0 0.0 0.0 0.0 0 1
2163.66666667 2193 2116 0.333333333333 1 0 0.00015192950471 0.000455788514129 0.0 2 1
2073.0 2073 2073 0.0 0 0 0.0 0.0 0.0 0 1
2160.0 2160 2160 0.0 0 0 0.0 0.0 0.0 0 1
2035.0 2035 2035 0.0 0 0 0.0 0.0 0.0 0 1
1886.0 1886 1886 0.0 0 0 0.0 0.0 0.0 0 1
2176.0 2189 2163 1.0 2 0 0.000461893764434 0.000923787528868 0.0 1 1
2120.0 2120 2120 0.0 0 0 0.0 0.0 0.0 0 1
2085.0 2130 2041 0.75 2 0 0.00035695056717 0.00093808630394 0.0 3 1
2228.25 2268 2175 0.0 0 0 0.0 0.0 0.0 3 1
2161.0 2177 2145 0.0 0 0 0.0 0.0 0.0 1 1
2025.0 2025 2025 0.0 0 0 0.0 0.0 0.0 0 1
1962.0 1987 1919 0.666666666667 1 0 0.000341283813995 0.000520833333333 0.0 2 1
1986.0 1986 1986 0.0 0 0 0.0 0.0 0.0 0 1
2065.0 2065 2065 0.0 0 0 0.0 0.0 0.0 0 1
2174.5 2184 2165 0.5 1 0 0.000228832951945 0.00045766590389 0.0 1 1
2148.0 2148 2148 0.0 0 0 0.0 0.0 0.0 0 1
2076.0 2155 1984 0.75 1 0 0.000355936620152 0.000480538202787 0.0 3 1
2043.5 2089 1942 0.833333333333 2 0 0.000401512811168 0.000962463907603 0.0 5 1
2074.0 2074 2074 0.0 0 0 0.0 0.0 0.0 0 1
1886.57142857 1942 1803 1.80952380952 5 0 0.000964222110119 0.00276548672566 0.0 20 1
2005.55555556 2059 1950 0.666666666667 2 0 0.000334934160581 0.00100502512563 0.0 8 1
2038.5 2045 2032 0.5 1 0 0.000244379276637 0.000488758553275 0.0 1 1
2119.0 2119 2119 0.0 0 0 0.0 0.0 0.0 0 1
2145.0 2145 2145 0.0 0 0 0.0 0.0 0.0 0 1
2141.5 2153 2130 0.0 0 0 0.0 0.0 0.0 1 1
2026.0 2030 2022 0.5 1 0 0.000247157686604 0.000494315373208 0.0 1 1
2202.5 2215 2190 0.5 1 0 0.000225631768953 0.000451263537906 0.0 1 1
2168.0 2168 2168 0.0 0 0 0.0 0.0 0.0 0 1
2016.14285714 2065 1959 2.0 4 0 0.000993786112482 0.00203769740194 0.0 6 1
1955.5 1997 1920 0.25 1 0 0.000125125125125 0.000500500500501 0.0 3 1
2110.0 2110 2110 0.0 0 0 0.0 0.0 0.0 0 1
1946.0 1959 1933 0.5 1 0 0.000255102040816 0.000510204081633 0.0 1 1
2178.0 2178 2178 0.0 0 0 0.0 0.0 0.0 0 1
1990.0 2005 1975 0.5 1 0 0.000253036437247 0.000506072874494 0.0 1 1
2071.0 2071 2071 0.0 0 0 0.0 0.0 0.0 0 1
2043.75 2125 1987 1.0 2 0 0.000481087853541 0.000940291490362 0.0 3 1
2184.0 2184 2184 0.0 0 0 0.0 0.0 0.0 0 1
2000.0 2000 2000 0.0 0 0 0.0 0.0 0.0 0 1
1836.0 1854 1818 0.0 0 0 0.0 0.0 0.0 1 1
2198.0 2221 2180 0.333333333333 1 0 0.000152835090937 0.000458505272811 0.0 2 1
2014.75 2108 1932 0.5 1 0 0.00024181375396 0.000493096646943 0.0 3 1
1952.75 1994 1906 1.0 2 0 0.000513715153939 0.00104821802935 0.0 7 1
2158.0 2158 2158 0.0 0 0 0.0 0.0 0.0 0 1
1970.2 2042 1900 1.6 2 0 0.000805657493808 0.00105152471083 0.0 4 1
2013.0 2013 2013 0.0 0 0 0.0 0.0 0.0 0 1
2136.0 2165 2107 0.0 0 0 0.0 0.0 0.0 1 1
2124.11764706 2217 1991 3.05882352941 7 0 0.00142959033515 0.00324976787372 0.0 16 1
2013.0 2013 2013 0.0 0 0 0.0 0.0 0.0 0 1
2038.0 2131 1958 0.75 3 0 0.000365675280351 0.0014627011214 0.0 3 1
1874.0 1994 1769 1.375 3 0 0.000721238566396 0.0016393442623 0.0 15 1
2053.0 2053 2053 0.0 0 0 0.0 0.0 0.0 0 1
2028.0 2028 2028 0.0 0 0 0.0 0.0 0.0 0 1
1966.5 2012 1921 0.0 0 0 0.0 0.0 0.0 1 1
1934.66666667 1946 1918 0.333333333333 1 0 0.000171732783788 0.000515198351365 0.0 2 1
1935.0 1935 1935 0.0 0 0 0.0 0.0 0.0 0 1
1983.16666667 2096 1892 0.333333333333 1 0 0.000173759703508 0.000525762355415 0.0 5 1
2007.0 2031 1983 0.5 1 0 0.000252016129032 0.000504032258065 0.0 1 1
1936.5 1957 1916 0.5 1 0 0.000255362614913 0.000510725229826 0.0 1 1
2114.0 2114 2114 0.0 0 0 0.0 0.0 0.0 0 1
2373.5 2392 2355 1.0 2 0 0.000424268137463 0.000848536274926 0.0 1 1
2204.66666667 2218 2195 0.0 0 0 0.0 0.0 0.0 2 1
2048.0 2048 2048 0.0 0 0 0.0 0.0 0.0 0 1
2096.0 2096 2096 0.0 0 0 0.0 0.0 0.0 0 1
1894.0 1952 1849 0.4 1 0 0.000210514662128 0.000540540540541 0.0 4 1
2073.07142857 2152 1970 1.92857142857 4 0 0.000926077268015 0.00192215281115 0.0 13 1
2117.5 2138 2097 0.5 1 0 0.000233754090697 0.000467508181393 0.0 1 1
2198.57142857 2288 2145 1.28571428571 3 0 0.000583686009615 0.00136177939174 0.0 6 1
2082.27272727 2186 1991 0.545454545455 2 0 0.000264393006558 0.000977517106549 0.0 10 1
2191.0 2208 2174 0.0 0 0 0.0 0.0 0.0 1 1
2126.4 2223 2083 0.4 1 0 0.000185897347381 0.000479846449136 0.0 4 1
2041.0 2041 2041 0.0 0 0 0.0 0.0 0.0 0 1
2007.0 2071 1948 0.5 1 0 0.000243687866719 0.000492125984252 0.0 3 1
1910.22222222 2005 1847 1.22222222222 3 0 0.000638976156769 0.00157811678064 0.0 8 1
2120.0 2120 2120 0.0 0 0 0.0 0.0 0.0 0 1
2033.0 2033 2033 0.0 0 0 0.0 0.0 0.0 0 1
2116.0 2249 2028 1.28571428571 3 0 0.000610089135052 0.00144439094848 0.0 6 1
1993.8 2028 1955 0.6 1 0 0.000301452725408 0.000511247443763 0.0 4 1
2180.5 2181 2180 0.5 1 0 0.000229147571036 0.000458295142071 0.0 1 1
2046.0 2046 2046 0.0 0 0 0.0 0.0 0.0 0 1
1884.0 1884 1884 0.0 0 0 0.0 0.0 0.0 0 1
2187.0 2246 2128 0.5 1 0 0.000222518914108 0.000445037828215 0.0 1 1
2023.33333333 2088 1941 1.0 2 0 0.000491643212492 0.00099850224663 0.0 5 1
1984.0 1984 1984 0.0 0 0 0.0 0.0 0.0 0 1
2002.0 2002 2002 0.0 0 0 0.0 0.0 0.0 0 1
2040.0 2040 2040 0.0 0 0 0.0 0.0 0.0 0 1
2205.0 2205 2205 0.0 0 0 0.0 0.0 0.0 0 1
1944.0 1944 1944 0.0 0 0 0.0 0.0 0.0 0 1
1943.0 2099 1820 1.84615384615 6 0 0.000936272958348 0.0030565461029 0.0 12 1
2169.0 2169 2169 0.0 0 0 0.0 0.0 0.0 0 1
2190.0 2190 2190 0.0 0 0 0.0 0.0 0.0 0 1
2109.5 2131 2088 0.5 1 0 0.000234521575985 0.00046904315197 0.0 1 1
2066.0 2114 1963 1.0 2 0 0.000476893827845 0.00096015362458 0.0 3 1
2049.25 2090 2002 0.625 2 0 0.000306339903246 0.000994530084535 0.0 7 1
2117.5 2167 2039 0.25 1 0 0.000118877793628 0.000475511174513 0.0 3 1
2091.0 2091 2091 0.0 0 0 0.0 0.0 0.0 0 1
1908.6 1974 1867 0.2 1 0 0.000101265822785 0.000506329113924 0.0 4 1
2381.0 2381 2381 0.0 0 0 0.0 0.0 0.0 0 1
1906.0 1968 1844 0.0 0 0 0.0 0.0 0.0 1 1
2027.0 2042 2012 0.5 1 0 0.000248385494287 0.000496770988574 0.0 1 1
2216.0 2216 2216 0.0 0 0 0.0 0.0 0.0 0 1
2064.0 2064 2064 0.0 0 0 0.0 0.0 0.0 0 1
2029.5 2047 2012 0.0 0 0 0.0 0.0 0.0 1 1
2087.66666667 2101 2081 0.666666666667 1 0 0.000318681596564 0.000480307396734 0.0 2 1
1992.0 2029 1939 1.0 2 0 0.000494165554202 0.000984736582964 0.0 2 1
2045.0 2088 1975 0.5 1 0 0.000246768338874 0.000506072874494 0.0 3 1
2247.0 2247 2247 0.0 0 0 0.0 0.0 0.0 0 1
1867.0 1867 1867 0.0 0 0 0.0 0.0 0.0 0 1
2050.0 2050 2050 0.0 0 0 0.0 0.0 0.0 0 1
2095.0 2116 2074 0.0 0 0 0.0 0.0 0.0 1 1
2005.0 2005 2005 0.0 0 0 0.0 0.0 0.0 0 1
2008.25 2127 1898 2.125 4 0 0.0010501577258 0.00205973223481 0.0 7 1
2065.0 2065 2065 0.0 0 0 0.0 0.0 0.0 0 1
2111.0 2111 2111 0.0 0 0 0.0 0.0 0.0 0 1
2006.0 2006 2006 0.0 0 0 0.0 0.0 0.0 0 1
2014.66666667 2070 1928 1.77777777778 4 0 0.000877115230628 0.00198117880139 0.0 8 1
2117.8 2210 2040 0.8 2 0 0.000367660411175 0.000934142923867 0.0 4 1
2053.5 2065 2042 0.5 1 0 0.000244738130201 0.000489476260401 0.0 1 1
2039.25 2111 1945 1.25 2 0 0.000607582063178 0.000969932104753 0.0 3 1
2021.5 2059 1984 0.0 0 0 0.0 0.0 0.0 1 1
1998.2 2057 1957 0.8 1 0 0.000398337711253 0.000510725229826 0.0 4 1
2091.5 2111 2072 0.5 1 0 0.000236742424242 0.000473484848485 0.0 1 1
2100.83333333 2148 2066 0.0 0 0 0.0 0.0 0.0 5 1
2067.0 2067 2067 0.0 0 0 0.0 0.0 0.0 0 1
2280.0 2280 2280 0.0 0 0 0.0 0.0 0.0 0 1
2180.0 2180 2180 0.0 0 0 0.0 0.0 0.0 0 1
2036.0 2036 2036 0.0 0 0 0.0 0.0 0.0 0 1
1941.0 1941 1941 0.0 0 0 0.0 0.0 0.0 0 1
1996.5 2004 1989 0.5 1 0 0.000249376558603 0.000498753117207 0.0 1 1
1866.0 1866 1866 0.0 0 0 0.0 0.0 0.0 0 1
2090.0 2148 2032 0.0 0 0 0.0 0.0 0.0 1 1
1893.33333333 1990 1779 0.833333333333 2 0 0.000430812291063 0.00105876124934 0.0 5 1
2066.0 2066 2066 0.0 0 0 0.0 0.0 0.0 0 1
2130.0 2130 2130 0.0 0 0 0.0 0.0 0.0 0 1
1939.66666667 1981 1903 1.0 2 0 0.000508367265003 0.00100857286939 0.0 2 1
2115.0 2171 2059 0.5 1 0 0.000230202578269 0.000460405156538 0.0 1 1
2003.46666667 2053 1941 2.2 6 0 0.0010984368757 0.00306435137896 0.0 14 1
2199.6 2255 2145 1.2 3 0 0.000544588185661 0.00137488542621 0.0 4 1
2077.25 2125 2015 0.75 1 0 0.000357365548887 0.000484261501211 0.0 3 1
2046.44444444 2114 1996 0.888888888889 2 0 0.000434236991224 0.000979431929481 0.0 8 1
1998.0 1998 1998 0.0 0 0 0.0 0.0 0.0 0 1
2041.0 2041 2041 0.0 0 0 0.0 0.0 0.0 0 1
2034.66666667 2038 2033 1.0 2 0 0.000490678080475 0.000980392156863 0.0 2 1
2090.0 2111 2073 0.666666666667 1 0 0.000317547177574 0.000479156684236 0.0 2 1
2014.33333333 2074 1964 2.16666666667 4 0 0.00106662999522 0.0019801980198 0.0 5 1
2181.5 2182 2181 0.5 1 0 0.000229147571036 0.000458295142071 0.0 1 1
2160.0 2160 2160 0.0 0 0 0.0 0.0 0.0 0 1
2120.0 2151 2089 0.5 1 0 0.000232342007435 0.00046468401487 0.0 1 1
2070.0 2070 2070 0.0 0 0 0.0 0.0 0.0 0 1
1992.6 2059 1929 0.8 1 0 0.000398226821837 0.00050916496945 0.0 4 1
1928.33333333 1973 1891 1.16666666667 3 0 0.000602228513948 0.0015479876161 0.0 5 1
1924.0 1938 1910 0.5 1 0 0.000261643118786 0.000523286237572 0.0 1 1
2107.0 2107 2107 0.0 0 0 0.0 0.0 0.0 0 1
2248.85714286 2317 2174 1.14285714286 2 0 0.000505084532881 0.000884564352057 0.0 6 1
2017.0 2017 2017 0.0 0 0 0.0 0.0 0.0 0 1
2138.75 2181 2104 1.0 2 0 0.000464268416215 0.000925069380204 0.0 3 1
2062.0 2080 2044 0.5 1 0 0.000240269101394 0.000480538202787 0.0 1 1
2182.0 2229 2135 1.0 2 0 0.000448229493501 0.000896458987001 0.0 1 1
2008.0 2008 2008 0.0 0 0 0.0 0.0 0.0 0 1
2114.5 2149 2080 1.5 3 0 0.000697026022305 0.00139405204461 0.0 1 1
2107.6 2152 2036 0.8 2 0 0.000383099438552 0.000981354268891 0.0 4 1
1958.0 1958 1958 0.0 0 0 0.0 0.0 0.0 0 1
1954.33333333 2002 1866 0.666666666667 1 0 0.000333417709108 0.000501002004008 0.0 2 1
2078.0 2078 2078 0.0 0 0 0.0 0.0 0.0 0 1
2055.8 2099 2029 0.6 1 0 0.000290561073179 0.000491883915396 0.0 4 1
2063.0 2063 2063 0.0 0 0 0.0 0.0 0.0 0 1
2105.0 2105 2105 0.0 0 0 0.0 0.0 0.0 0 1
2139.0 2139 2139 0.0 0 0 0.0 0.0 0.0 0 1
2195.0 2195 2195 0.0 0 0 0.0 0.0 0.0 0 1
2135.6 2168 2100 0.8 1 0 0.000374330269125 0.000475963826749 0.0 4 1
2205.0 2205 2205 0.0 0 0 0.0 0.0 0.0 0 1
2107.0 2107 2107 0.0 0 0 0.0 0.0 0.0 0 1
1964.5 1999 1930 0.0 0 0 0.0 0.0 0.0 1 1
2051.5 2087 2003 0.75 1 0 0.000365723812862 0.000499001996008 0.0 3 1
2205.0 2205 2205 0.0 0 0 0.0 0.0 0.0 0 1
2186.0 2186 2186 0.0 0 0 0.0 0.0 0.0 0 1
1807.25 1832 1774 1.75 4 0 0.000965173612591 0.002200220022 0.0 7 1
2066.0 2075 2057 0.0 0 0 0.0 0.0 0.0 1 1
1989.0 1998 1980 1.0 2 0 0.00050454086781 0.00100908173562 0.0 1 1
2138.0 2138 2138 0.0 0 0 0.0 0.0 0.0 0 1
2080.0 2080 2080 0.0 0 0 0.0 0.0 0.0 0 1
2077.0 2077 2077 0.0 0 0 0.0 0.0 0.0 0 1
1944.66666667 1973 1915 0.333333333333 1 0 0.00016886187099 0.000506585612969 0.0 2 1
2179.0 2179 2179 0.0 0 0 0.0 0.0 0.0 0 1
2032.33333333 2045 2022 0.666666666667 2 0 0.000325679856701 0.000977039570103 0.0 2 1
2064.375 2185 1998 1.25 3 0 0.000600261963144 0.00143403441683 0.0 7 1
2053.0 2053 2053 0.0 0 0 0.0 0.0 0.0 0 1
2109.375 2193 2049 1.125 2 0 0.000533535286922 0.000952380952381 0.0 7 1
2015.2 2146 1858 0.4 1 0 0.000195717339639 0.000512820512821 0.0 4 1
2073.0 2073 2073 0.0 0 0 0.0 0.0 0.0 0 1
2073.0 2073 2073 0.0 0 0 0.0 0.0 0.0 0 1
1988.0 2012 1966 0.5 1 0 0.000249005527972 0.000499251123315 0.0 3 1
2236.0 2236 2236 0.0 0 0 0.0 0.0 0.0 0 1
1978.2 2079 1904 1.2 2 0 0.000595785593977 0.000988630746416 0.0 4 1
1989.16666667 2100 1875 0.666666666667 2 0 0.000337062643392 0.000992555831266 0.0 5 1
2234.25 2277 2150 1.0 2 0 0.000441279249375 0.000879507475814 0.0 3 1
2036.0 2047 2025 0.0 0 0 0.0 0.0 0.0 1 1
2011.75 2036 1994 0.5 1 0 0.000246308347475 0.000494315373208 0.0 3 1
1900.30769231 2059 1802 2.69230769231 6 0 0.00141639273931 0.0032967032967 0.0 12 1
1938.61538462 2060 1846 1.30769230769 5 0 0.000676513748587 0.00251382604324 0.0 12 1
2107.0 2107 2107 0.0 0 0 0.0 0.0 0.0 0 1
1775.0 1775 1775 0.0 0 0 0.0 0.0 0.0 0 1
2002.07407407 2165 1790 2.48148148148 8 0 0.00121711539027 0.00370713623726 0.0 26 1
2102.66666667 2123 2064 0.666666666667 1 0 0.000318357098018 0.000484261501211 0.0 2 1
1961.0 1961 1961 0.0 0 0 0.0 0.0 0.0 0 1
2117.0 2117 2117 0.0 0 0 0.0 0.0 0.0 0 1
2043.5 2051 2036 0.5 1 0 0.000245459008346 0.000490918016691 0.0 1 1
2047.0 2047 2047 0.0 0 0 0.0 0.0 0.0 0 1
2120.0 2159 2081 0.5 1 0 0.000240153698367 0.000480307396734 0.0 1 1
2039.0 2056 2018 0.666666666667 1 0 0.000328177163651 0.000495294700347 0.0 2 1
1902.0 1917 1887 0.5 1 0 0.000264830508475 0.000529661016949 0.0 1 1
2036.0 2036 2036 0.0 0 0 0.0 0.0 0.0 0 1
2079.5 2124 2059 0.5 1 0 0.000241722762864 0.000484730974309 0.0 3 1
2056.55555556 2131 1875 4.83333333333 11 0 0.00231109419608 0.00517403574788 0.0 17 1
1992.0 1992 1992 0.0 0 0 0.0 0.0 0.0 0 1
2054.0 2054 2054 0.0 0 0 0.0 0.0 0.0 0 1
2181.5 2207 2156 0.5 1 0 0.000231803430691 0.000463606861382 0.0 1 1
2079.0 2079 2079 0.0 0 0 0.0 0.0 0.0 0 1
1943.25 1995 1884 1.125 2 0 0.000583312612215 0.00106044538706 0.0 7 1
2082.5 2139 2052 0.25 1 0 0.0001217730151 0.000487092060399 0.0 3 1
2150.0 2150 2150 0.0 0 0 0.0 0.0 0.0 0 1
2101.25 2156 2069 0.75 1 0 0.000355021972365 0.000478697941599 0.0 3 1
2068.0 2068 2068 0.0 0 0 0.0 0.0 0.0 0 1
2136.0 2136 2136 0.0 0 0 0.0 0.0 0.0 0 1
2031.33333333 2048 2017 0.666666666667 1 0 0.000327861028844 0.000495540138751 0.0 2 1
1949.6 2046 1847 1.8 5 0 0.000908350488773 0.00253936008126 0.0 9 1
1977.0 1977 1977 0.0 0 0 0.0 0.0 0.0 0 1
1930.5 1980 1888 1.0 2 0 0.000516808508427 0.00103305785124 0.0 3 1
2131.0 2131 2131 0.0 0 0 0.0 0.0 0.0 0 1
2134.0 2224 2054 1.2 2 0 0.000561154650448 0.000954198473282 0.0 4 1
2102.0 2102 2102 0.0 0 0 0.0 0.0 0.0 0 1
1963.5 2000 1927 0.5 1 0 0.000249875062469 0.000499750124938 0.0 1 1
2279.0 2279 2279 0.0 0 0 0.0 0.0 0.0 0 1
2181.0 2181 2181 0.0 0 0 0.0 0.0 0.0 0 1
2254.5 2277 2232 0.0 0 0 0.0 0.0 0.0 1 1
2087.0 2087 2087 0.0 0 0 0.0 0.0 0.0 0 1
1982.0 1982 1982 0.0 0 0 0.0 0.0 0.0 0 1
2190.0 2203 2177 0.5 1 0 0.000226860254083 0.000453720508167 0.0 1 1
2007.0 2051 1963 0.5 1 0 0.000243664717349 0.000487329434698 0.0 1 1
2080.0 2080 2080 0.0 0 0 0.0 0.0 0.0 0 1
1942.75 2032 1882 1.125 3 0 0.000571863331089 0.0014742014742 0.0 7 1
2061.5 2114 1990 0.75 1 0 0.000359524145278 0.000485436893204 0.0 3 1
2093.0 2093 2093 0.0 0 0 0.0 0.0 0.0 0 1
2020.0 2030 2003 0.333333333333 1 0 0.000164122763827 0.000492368291482 0.0 2 1
2070.5 2109 2032 0.5 1 0 0.000245941957698 0.000491883915396 0.0 1 1
1849.5 1850 1849 0.5 1 0 0.000270124257158 0.000540248514317 0.0 1 1
2019.5 2110 1947 1.8 3 0 0.000881088419824 0.00150602409639 0.0 9 1
2119.0 2140 2098 1.5 3 0 0.000713945740124 0.00142789148025 0.0 1 1
2136.0 2136 2136 0.0 0 0 0.0 0.0 0.0 0 1
2206.5 2213 2200 0.5 1 0 0.000225835591689 0.000451671183379 0.0 1 1
2063.0 2063 2063 0.0 0 0 0.0 0.0 0.0 0 1
2150.8 2229 2020 0.4 1 0 0.000180668510209 0.000451875282422 0.0 4 1
2242.0 2267 2217 0.5 1 0 0.000225428313796 0.000450856627592 0.0 1 1
2199.25 2237 2173 0.0 0 0 0.0 0.0 0.0 3 1
2070.0 2070 2070 0.0 0 0 0.0 0.0 0.0 0 1
2060.0 2060 2060 0.0 0 0 0.0 0.0 0.0 0 1
2112.0 2112 2112 0.0 0 0 0.0 0.0 0.0 0 1
2109.0 2166 2029 0.333333333333 1 0 0.000153822488848 0.000461467466544 0.0 2 1
2090.33333333 2117 2060 0.333333333333 1 0 0.000157381177211 0.000472143531634 0.0 2 1
1996.66666667 2024 1957 0.666666666667 1 0 0.000334850796773 0.000510725229826 0.0 2 1
2184.0 2198 2170 0.5 1 0 0.000230308613542 0.000460617227084 0.0 1 1
2263.0 2311 2204 0.666666666667 1 0 0.000290695463706 0.00043956043956 0.0 2 1
2131.0 2131 2131 0.0 0 0 0.0 0.0 0.0 0 1
2042.6 2062 2020 0.8 2 0 0.000390270564972 0.000971817298348 0.0 4 1
1980.0 1980 1980 0.0 0 0 0.0 0.0 0.0 0 1
1857.625 1954 1800 1.125 3 0 0.000607049883834 0.00156494522692 0.0 7 1
2042.0 2042 2042 0.0 0 0 0.0 0.0 0.0 0 1
2025.0 2041 2006 0.333333333333 1 0 0.000166085367879 0.000498256103637 0.0 2 1
1932.0 1932 1932 0.0 0 0 0.0 0.0 0.0 0 1
2156.0 2156 2156 0.0 0 0 0.0 0.0 0.0 0 1
2143.0 2143 2143 0.0 0 0 0.0 0.0 0.0 0 1
1983.0 1983 1983 0.0 0 0 0.0 0.0 0.0 0 1
2188.0 2195 2181 0.0 0 0 0.0 0.0 0.0 1 1
2210.0 2266 2165 0.75 2 0 0.000344672765676 0.000917010545621 0.0 3 1
2065.0 2065 2065 0.0 0 0 0.0 0.0 0.0 0 1
2038.0 2038 2038 0.0 0 0 0.0 0.0 0.0 0 1
2000.6 2021 1988 1.2 2 0 0.000599567467787 0.00100502512563 0.0 4 1
2049.42857143 2133 1976 1.0 2 0 0.00048579763178 0.000936768149883 0.0 6 1
1988.4 2027 1935 0.2 1 0 9.86193293886e-05 0.000493096646943 0.0 4 1
2040.0 2084 1996 0.0 0 0 0.0 0.0 0.0 1 1
1950.0 1983 1933 0.666666666667 1 0 0.000340276041233 0.000516795865633 0.0 2 1
2072.5 2076 2069 0.5 1 0 0.00024154589372 0.00048309178744 0.0 1 1
2176.0 2176 2176 0.0 0 0 0.0 0.0 0.0 0 1
1956.33333333 1993 1932 0.0 0 0 0.0 0.0 0.0 2 1
2000.90909091 2093 1898 0.909090909091 2 0 0.000450241885362 0.000993048659384 0.0 10 1
2031.0 2047 2015 1.0 2 0 0.000495785820526 0.000991571641051 0.0 1 1
1996.75 2054 1947 2.0 3 0 0.000999450167622 0.00152284263959 0.0 7 1
1993.0 1996 1990 0.5 1 0 0.000251130085384 0.000502260170768 0.0 1 1
2002.0 2002 2002 0.0 0 0 0.0 0.0 0.0 0 1
1851.5 1868 1835 0.5 1 0 0.000267522739433 0.000535045478866 0.0 1 1
2130.0 2130 2130 0.0 0 0 0.0 0.0 0.0 0 1
2051.0 2051 2051 0.0 0 0 0.0 0.0 0.0 0 1
2051.66666667 2088 2012 0.333333333333 1 0 0.000165590329525 0.000496770988574 0.0 2 1
2080.33333333 2089 2074 0.666666666667 1 0 0.000319823126841 0.000481000481 0.0 2 1
2018.66666667 2034 2004 1.0 2 0 0.000497434557809 0.000997008973081 0.0 2 1
1987.0 1989 1985 0.0 0 0 0.0 0.0 0.0 1 1
2156.0 2156 2156 0.0 0 0 0.0 0.0 0.0 0 1
2115.5 2131 2100 0.5 1 0 0.000237981913375 0.000475963826749 0.0 1 1
2024.0 2024 2024 0.0 0 0 0.0 0.0 0.0 0 1
2208.0 2208 2208 0.0 0 0 0.0 0.0 0.0 0 1
2053.0 2053 2053 0.0 0 0 0.0 0.0 0.0 0 1
2182.33333333 2223 2147 0.333333333333 1 0 0.000149880095923 0.00044964028777 0.0 2 1
1893.33333333 1932 1862 1.33333333333 2 0 0.000697816065763 0.0010593220339 0.0 2 1
2020.0 2083 1956 1.125 3 0 0.000557427165075 0.00150300601202 0.0 7 1
1998.0 1998 1998 0.0 0 0 0.0 0.0 0.0 0 1
2230.0 2230 2230 0.0 0 0 0.0 0.0 0.0 0 1
2117.0 2117 2117 0.0 0 0 0.0 0.0 0.0 0 1
2103.66666667 2127 2062 0.0 0 0 0.0 0.0 0.0 2 1
2182.0 2182 2182 0.0 0 0 0.0 0.0 0.0 0 1
2150.0 2182 2091 0.857142857143 2 0 0.000396166456862 0.00093023255814 0.0 6 1
2128.0 2128 2128 0.0 0 0 0.0 0.0 0.0 0 1
2034.25 2093 2000 0.0 0 0 0.0 0.0 0.0 3 1
1927.0 1927 1927 0.0 0 0 0.0 0.0 0.0 0 1
2034.0 2034 2034 0.0 0 0 0.0 0.0 0.0 0 1
2176.33333333 2239 2100 0.333333333333 1 0 0.000150508262666 0.000456621004566 0.0 5 1
2029.5 2091 1919 0.625 3 0 0.000307151927909 0.00148148148148 0.0 7 1
2100.5 2126 2075 0.0 0 0 0.0 0.0 0.0 1 1
2158.8 2233 2071 1.0 2 0 0.000461810551944 0.000925497454882 0.0 4 1
2035.0 2035 2035 0.0 0 0 0.0 0.0 0.0 0 1
2028.0 2047 2009 0.5 1 0 0.000248756218905 0.000497512437811 0.0 1 1
2105.66666667 2126 2066 0.333333333333 1 0 0.000161264312208 0.000483792936623 0.0 2 1
1983.0 1987 1979 0.0 0 0 0.0 0.0 0.0 1 1
2252.0 2252 2252 0.0 0 0 0.0 0.0 0.0 0 1
2093.0 2133 2049 0.6 1 0 0.000287113024734 0.000487804878049 0.0 4 1
2210.0 2210 2210 0.0 0 0 0.0 0.0 0.0 0 1
2041.0 2115 1959 1.0 2 0 0.000477512663648 0.000944733112896 0.0 2 1
2088.0 2088 2088 0.0 0 0 0.0 0.0 0.0 0 1
2104.0 2104 2104 0.0 0 0 0.0 0.0 0.0 0 1
1942.46153846 2081 1860 0.615384615385 2 0 0.00031137145027 0.0010183299389 0.0 12 1
2161.0 2161 2161 0.0 0 0 0.0 0.0 0.0 0 1
2145.33333333 2186 2104 0.333333333333 1 0 0.000152415790276 0.000457247370828 0.0 2 1
2155.14285714 2191 2115 1.0 3 0 0.000461861306053 0.00137488542621 0.0 6 1
2158.0 2158 2158 0.0 0 0 0.0 0.0 0.0 0 1
2020.9 2117 1908 1.1 2 0 0.000537294158379 0.000945179584121 0.0 9 1
2217.0 2228 2206 0.0 0 0 0.0 0.0 0.0 1 1
2119.0 2119 2119 0.0 0 0 0.0 0.0 0.0 0 1
2035.5 2045 2026 0.5 1 0 0.000244379276637 0.000488758553275 0.0 1 1
2107.0 2113 2101 0.5 1 0 0.00023786869648 0.000475737392959 0.0 1 1
2124.0 2124 2124 0.0 0 0 0.0 0.0 0.0 0 1
2104.33333333 2138 2074 0.333333333333 1 0 0.000155836060464 0.000467508181393 0.0 2 1
1945.0 1945 1945 0.0 0 0 0.0 0.0 0.0 0 1
2086.125 2186 1982 0.625 1 0 0.000298611585075 0.000504286434695 0.0 7 1
2098.57142857 2134 2036 2.14285714286 3 0 0.00101954947055 0.00144369586141 0.0 6 1
1885.16666667 2006 1783 1.58333333333 3 0 0.000831271123881 0.00150602409639 0.0 11 1
1967.66666667 2046 1889 0.666666666667 1 0 0.00034200996088 0.000529100529101 0.0 5 1
2003.0 2019 1987 0.5 1 0 0.000251509054326 0.000503018108652 0.0 1 1
2162.0 2162 2162 0.0 0 0 0.0 0.0 0.0 0 1
1937.0 1968 1885 1.0 2 0 0.000524038210719 0.00105988341282 0.0 3 1
2032.83333333 2053 1988 1.0 2 0 0.000492151623616 0.000988630746416 0.0 5 1
2100.0 2100 2100 0.0 0 0 0.0 0.0 0.0 0 1
2178.5 2188 2169 0.0 0 0 0.0 0.0 0.0 1 1
1992.5 1993 1992 0.5 1 0 0.00025075225677 0.000501504513541 0.0 1 1
2126.0 2150 2085 0.666666666667 1 0 0.000315268098625 0.000479386385427 0.0 2 1
2101.0 2101 2101 0.0 0 0 0.0 0.0 0.0 0 1
1989.0 2029 1955 0.0 0 0 0.0 0.0 0.0 2 1
2180.0 2180 2180 0.0 0 0 0.0 0.0 0.0 0 1
1988.5 2047 1930 0.0 0 0 0.0 0.0 0.0 1 1
2031.0 2031 2031 0.0 0 0 0.0 0.0 0.0 0 1
2045.125 2160 1910 0.875 3 0 0.000414625542647 0.00140515222482 0.0 7 1
1967.0 2029 1940 0.5 1 0 0.000251952297201 0.000515198351365 0.0 3 1
2222.0 2222 2222 0.0 0 0 0.0 0.0 0.0 0 1
2241.0 2241 2241 0.0 0 0 0.0 0.0 0.0 0 1
2160.5 2169 2152 0.5 1 0 0.000232234091965 0.000464468183929 0.0 1 1
2033.7 2135 1968 3.1 7 0 0.0015317188897 0.00354071825999 0.0 9 1
2164.0 2174 2154 0.5 1 0 0.000232018561485 0.00046403712297 0.0 1 1
1962.125 2062 1835 1.1875 2 0 0.000604275070987 0.00107296137339 0.0 15 1
2133.0 2174 2092 0.5 1 0 0.000229885057471 0.000459770114943 0.0 1 1
2101.0 2101 2101 0.0 0 0 0.0 0.0 0.0 0 1
2036.33333333 2064 2006 0.666666666667 1 0 0.000324819193214 0.000490196078431 0.0 2 1
2118.0 2177 2059 0.5 1 0 0.000229568411387 0.000459136822773 0.0 1 1
2014.0 2014 2014 0.0 0 0 0.0 0.0 0.0 0 1
2016.0 2016 2016 0.0 0 0 0.0 0.0 0.0 0 1
2171.5 2178 2165 0.0 0 0 0.0 0.0 0.0 1 1
2075.0 2075 2075 0.0 0 0 0.0 0.0 0.0 0 1
2060.125 2100 1988 0.5 1 0 0.000239238258762 0.000481231953802 0.0 7 1
2327.0 2327 2327 0.0 0 0 0.0 0.0 0.0 0 1
2072.5 2151 1995 0.5 1 0 0.000241253821598 0.000489955903969 0.0 3 1
2168.0 2168 2168 0.0 0 0 0.0 0.0 0.0 0 1
2059.83333333 2141 2000 0.0 0 0 0.0 0.0 0.0 5 1
2126.0 2126 2126 0.0 0 0 0.0 0.0 0.0 0 1
2124.75 2198 2071 1.0 3 0 0.000466629216489 0.00141176470588 0.0 3 1
2153.75 2231 2080 0.25 1 0 0.000117702448211 0.000470809792844 0.0 3 1
2064.2 2109 2010 0.4 1 0 0.000194476333237 0.000490918016691 0.0 4 1
1939.0 1976 1892 0.666666666667 1 0 0.000339545802368 0.000512820512821 0.0 2 1
2022.66666667 2055 1947 1.0 2 0 0.000494158780015 0.000983284169125 0.0 5 1
2084.0 2084 2084 0.0 0 0 0.0 0.0 0.0 0 1
2100.66666667 2230 1910 2.0 4 0 0.000926945856487 0.00181570585565 0.0 11 1
2189.5 2203 2176 0.0 0 0 0.0 0.0 0.0 1 1
2010.0 2010 2010 0.0 0 0 0.0 0.0 0.0 0 1
2021.0 2057 2000 1.0 2 0 0.000492151969002 0.000971345313259 0.0 3 1
2023.0 2023 2023 0.0 0 0 0.0 0.0 0.0 0 1
2092.5 2109 2076 0.0 0 0 0.0 0.0 0.0 1 1
2108.0 2108 2108 0.0 0 0 0.0 0.0 0.0 0 1
2183.33333333 2225 2157 0.666666666667 1 0 0.00030420944265 0.000463392029657 0.0 2 1
2084.33333333 2090 2074 0.0 0 0 0.0 0.0 0.0 2 1
1875.0 1888 1862 1.0 2 0 0.000529100529101 0.0010582010582 0.0 1 1
2179.0 2179 2179 0.0 0 0 0.0 0.0 0.0 0 1
2070.0 2101 2022 1.0 2 0 0.000483477046963 0.000963855421687 0.0 3 1
2091.5 2136 2055 0.75 2 0 0.000359464027219 0.000951474785918 0.0 3 1
1927.0 1965 1862 0.666666666667 1 0 0.000348471883898 0.000536768652711 0.0 2 1
2063.22222222 2103 1991 0.333333333333 1 0 0.000162416792763 0.000499001996008 0.0 8 1
2055.66666667 2104 2017 0.666666666667 1 0 0.000328019974601 0.000495540138751 0.0 2 1
1950.0 1950 1950 0.0 0 0 0.0 0.0 0.0 0 1
2065.75 2124 1998 1.0 3 0 0.000485654909658 0.00147203140334 0.0 3 1
2070.6 2157 1989 2.2 5 0 0.00107260418073 0.0025075225677 0.0 4 1
1906.0 1906 1906 0.0 0 0 0.0 0.0 0.0 0 1
2066.0 2066 2066 0.0 0 0 0.0 0.0 0.0 0 1
1917.14285714 1944 1862 0.285714285714 1 0 0.000146934587095 0.000514403292181 0.0 6 1
2112.0 2112 2112 0.0 0 0 0.0 0.0 0.0 0 1
2149.0 2149 2149 0.0 0 0 0.0 0.0 0.0 0 1
2114.5 2123 2106 0.5 1 0 0.000237304224015 0.00047460844803 0.0 1 1
2143.5 2178 2109 0.5 1 0 0.000236966824645 0.000473933649289 0.0 1 1
1942.0 1942 1942 0.0 0 0 0.0 0.0 0.0 0 1
2085.0 2085 2085 0.0 0 0 0.0 0.0 0.0 0 1
1990.0 1993 1987 0.5 1 0 0.000251509054326 0.000503018108652 0.0 1 1
2202.5 2219 2186 0.5 1 0 0.000225225225225 0.00045045045045 0.0 1 1
1997.0 2018 1936 1.0 2 0 0.000500673969549 0.000991571641051 0.0 4 1
1952.5 1957 1948 0.0 0 0 0.0 0.0 0.0 1 1
1888.8 1979 1819 1.2 2 0 0.000637674432029 0.00109829763866 0.0 4 1
2170.5 2172 2169 0.5 1 0 0.000230096640589 0.000460193281178 0.0 1 1
1890.5 1971 1852 0.75 1 0 0.000394083990143 0.000535618639529 0.0 3 1
2131.0 2141 2121 0.5 1 0 0.000235626767201 0.000471253534402 0.0 1 1
2022.0 2022 2022 0.0 0 0 0.0 0.0 0.0 0 1
2071.66666667 2130 2004 1.83333333333 3 0 0.000873974420643 0.0014367816092 0.0 5 1
2117.5 2174 2061 0.5 1 0 0.000229885057471 0.000459770114943 0.0 1 1
2085.5 2111 2060 0.5 1 0 0.000236742424242 0.000473484848485 0.0 1 1
2109.5 2136 2083 0.5 1 0 0.000239923224568 0.000479846449136 0.0 1 1
2271.0 2271 2271 0.0 0 0 0.0 0.0 0.0 0 1
2136.0 2136 2136 0.0 0 0 0.0 0.0 0.0 0 1
1932.0 1932 1932 0.0 0 0 0.0 0.0 0.0 0 1
2224.0 2224 2224 0.0 0 0 0.0 0.0 0.0 0 1
1941.09090909 2066 1822 1.54545454545 4 0 0.000795864895219 0.00208768267223 0.0 10 1
2138.0 2163 2113 0.5 1 0 0.000231053604436 0.000462107208872 0.0 1 1
2201.0 2244 2177 0.333333333333 1 0 0.000153045607591 0.000459136822773 0.0 2 1
2053.0 2053 2053 0.0 0 0 0.0 0.0 0.0 0 1
1971.66666667 2018 1891 0.666666666667 1 0 0.000331183601328 0.000498256103637 0.0 2 1
2010.0 2010 2010 0.0 0 0 0.0 0.0 0.0 0 1
1951.66666667 1988 1929 0.666666666667 1 0 0.000339498322085 0.000515729757607 0.0 2 1
2019.375 2149 1867 2.0625 6 0 0.00101057195161 0.00290135396518 0.0 15 1
2206.0 2206 2206 0.0 0 0 0.0 0.0 0.0 0 1
2022.8 2077 1965 0.2 1 0 0.000101163378857 0.000505816894284 0.0 4 1
2243.0 2243 2243 0.0 0 0 0.0 0.0 0.0 0 1
2151.0 2151 2151 0.0 0 0 0.0 0.0 0.0 0 1
1978.0 1978 1978 0.0 0 0 0.0 0.0 0.0 0 1
2098.0 2122 2080 0.5 1 0 0.000238899396302 0.000480538202787 0.0 3 1
1868.0 1945 1809 0.8 2 0 0.000437205599218 0.00110436223081 0.0 4 1
2054.0 2054 2054 0.0 0 0 0.0 0.0 0.0 0 1
1962.0 1994 1930 0.5 1 0 0.000250626566416 0.000501253132832 0.0 1 1
1934.33333333 1994 1901 0.333333333333 1 0 0.000167084377611 0.000501253132832 0.0 2 1
1915.5 1978 1862 1.66666666667 3 0 0.000871321207493 0.0016 0.0 5 1
2081.0 2081 2081 0.0 0 0 0.0 0.0 0.0 0 1
2000.33333333 2066 1925 0.666666666667 2 0 0.000322372662798 0.000967117988395 0.0 2 1
