2078.66666667 2114 2044 0.555555555556 1 0 0.000267450705726 0.000488997555012 0.0 8 1
1940.0 1940 1940 0.0 0 0 0.0 0.0 0.0 0 1
1964.77777778 2069 1875 1.66666666667 3 0 0.000843148005579 0.00157728706625 0.0 8 1
2053.0 2054 2052 0.5 1 0 0.0002435460302 0.000487092060399 0.0 1 1
2073.0 2073 2073 0.0 0 0 0.0 0.0 0.0 0 1
2071.0 2071 2071 0.0 0 0 0.0 0.0 0.0 0 1
2097.0 2152 2040 0.25 1 0 0.000116117045982 0.000464468183929 0.0 3 1
2168.0 2168 2168 0.0 0 0 0.0 0.0 0.0 0 1
2083.2 2116 2045 0.6 2 0 0.000286135984984 0.000958313368471 0.0 4 1
2060.0 2060 2060 0.0 0 0 0.0 0.0 0.0 0 1
2207.0 2207 2207 0.0 0 0 0.0 0.0 0.0 0 1
2078.0 2130 2046 0.666666666667 1 0 0.000324730813894 0.000488519785051 0.0 2 1
2047.0 2047 2047 0.0 0 0 0.0 0.0 0.0 0 1
2192.5 2204 2181 0.0 0 0 0.0 0.0 0.0 1 1
2179.0 2179 2179 0.0 0 0 0.0 0.0 0.0 0 1
1940.0 1969 1911 0.0 0 0 0.0 0.0 0.0 1 1
2142.5 2205 2080 0.0 0 0 0.0 0.0 0.0 1 1
2079.0 2114 2044 0.666666666667 1 0 0.00032325559526 0.000488997555012 0.0 2 1
1914.0 1929 1899 0.5 1 0 0.000263157894737 0.000526315789474 0.0 1 1
2172.0 2172 2172 0.0 0 0 0.0 0.0 0.0 0 1
1967.85714286 2017 1900 0.857142857143 3 0 0.000426762180793 0.0014917951268 0.0 6 1
2099.25 2202 2047 0.5 1 0 0.000237007155592 0.000484027105518 0.0 7 1
2163.5 2176 2151 0.5 1 0 0.000229673863114 0.000459347726229 0.0 1 1
2138.66666667 2171 2106 0.666666666667 1 0 0.000309231625388 0.000467289719626 0.0 2 1
2145.66666667 2189 2109 0.333333333333 1 0 0.000155763239875 0.000467289719626 0.0 2 1
2044.33333333 2147 1952 0.333333333333 1 0 0.000155183116077 0.000465549348231 0.0 2 1
2085.5 2116 2055 0.5 1 0 0.000236183278224 0.000472366556448 0.0 1 1
1964.66666667 2038 1935 0.833333333333 2 0 0.000423051590829 0.00102459016393 0.0 5 1
1988.44444444 2071 1938 1.55555555556 2 0 0.000781930002513 0.00103039670273 0.0 8 1
1824.0 1824 1824 0.0 0 0 0.0 0.0 0.0 0 1
2250.6 2293 2210 1.0 2 0 0.00044222412873 0.000884955752212 0.0 4 1
2128.5 2171 2086 0.0 0 0 0.0 0.0 0.0 1 1
2242.0 2254 2221 0.333333333333 1 0 0.000147819660015 0.000443458980044 0.0 2 1
2196.0 2196 2196 0.0 0 0 0.0 0.0 0.0 0 1
2133.375 2176 2045 2.125 4 0 0.000990644631017 0.00188946622579 0.0 7 1
2009.5 2016 2003 0.5 1 0 0.000247892910263 0.000495785820526 0.0 1 1
2154.0 2154 2154 0.0 0 0 0.0 0.0 0.0 0 1
2113.0 2113 2113 0.0 0 0 0.0 0.0 0.0 0 1
2044.0 2111 1983 0.333333333333 1 0 0.000157828282828 0.000473484848485 0.0 2 1
2215.5 2225 2206 0.5 1 0 0.000224618149146 0.000449236298293 0.0 1 1
2253.0 2253 2253 0.0 0 0 0.0 0.0 0.0 0 1
2082.0 2082 2082 0.0 0 0 0.0 0.0 0.0 0 1
1979.5 2009 1950 1.0 2 0 0.000512295081967 0.00102459016393 0.0 1 1
2087.5 2117 2058 0.0 0 0 0.0 0.0 0.0 1 1
2259.33333333 2294 2195 0.666666666667 1 0 0.000290803690067 0.000436681222707 0.0 2 1
1992.0 1992 1992 0.0 0 0 0.0 0.0 0.0 0 1
2086.33333333 2152 2013 0.333333333333 1 0 0.000159108989658 0.000477326968974 0.0 2 1
2052.0 2090 2014 0.5 1 0 0.000248138957816 0.000496277915633 0.0 1 1
2070.5 2074 2067 0.5 1 0 0.000240963855422 0.000481927710843 0.0 1 1
2175.0 2175 2175 0.0 0 0 0.0 0.0 0.0 0 1
2033.0 2033 2033 0.0 0 0 0.0 0.0 0.0 0 1
2115.0 2115 2115 0.0 0 0 0.0 0.0 0.0 0 1
2034.0 2034 2034 0.0 0 0 0.0 0.0 0.0 0 1
2124.0 2124 2124 0.0 0 0 0.0 0.0 0.0 0 1
2093.33333333 2131 2041 0.666666666667 1 0 0.000314400506955 0.000474158368895 0.0 2 1
1949.66666667 2003 1918 1.0 2 0 0.000519124724035 0.00103626943005 0.0 2 1
2206.0 2206 2206 0.0 0 0 0.0 0.0 0.0 0 1
1989.0 1989 1989 0.0 0 0 0.0 0.0 0.0 0 1
2009.0 2009 2009 0.0 0 0 0.0 0.0 0.0 0 1
2115.0 2217 2044 0.666666666667 1 0 0.000310157644849 0.000479616306954 0.0 2 1
1950.0 1950 1950 0.0 0 0 0.0 0.0 0.0 0 1
2128.33333333 2203 2048 0.0 0 0 0.0 0.0 0.0 2 1
1870.75 2065 1757 1.05 3 0 0.000554394461096 0.00145067698259 0.0 19 1
2057.4 2123 1977 1.2 2 0 0.000582665981436 0.00101061141991 0.0 4 1
1941.0 1941 1941 0.0 0 0 0.0 0.0 0.0 0 1
2007.0 2007 2007 0.0 0 0 0.0 0.0 0.0 0 1
2087.28571429 2133 2002 1.42857142857 4 0 0.000677532814214 0.00188058298072 0.0 6 1
2145.0 2145 2145 0.0 0 0 0.0 0.0 0.0 0 1
2032.0 2032 2032 0.0 0 0 0.0 0.0 0.0 0 1
2075.0 2089 2061 0.5 1 0 0.000242483026188 0.000484966052376 0.0 1 1
2114.0 2114 2114 0.0 0 0 0.0 0.0 0.0 0 1
2068.6 2164 1988 0.4 1 0 0.000186852064176 0.000472366556448 0.0 4 1
2111.0 2122 2099 0.666666666667 1 0 0.000314764108599 0.000473260766682 0.0 2 1
1981.0 2107 1845 0.833333333333 1 0 0.000418419679684 0.000541711809317 0.0 5 1
2143.0 2143 2143 0.0 0 0 0.0 0.0 0.0 0 1
2094.0 2103 2085 0.5 1 0 0.000237642585551 0.000475285171103 0.0 1 1
2052.0 2052 2052 0.0 0 0 0.0 0.0 0.0 0 1
2224.5 2234 2215 0.5 1 0 0.000223713646532 0.000447427293065 0.0 1 1
2058.0 2063 2053 0.5 1 0 0.000242248062016 0.000484496124031 0.0 1 1
2084.0 2084 2084 0.0 0 0 0.0 0.0 0.0 0 1
2111.44444444 2181 2026 1.0 2 0 0.000471025577546 0.00093984962406 0.0 8 1
2095.0 2095 2095 0.0 0 0 0.0 0.0 0.0 0 1
2264.33333333 2299 2219 1.0 2 0 0.000446620861157 0.0009004952724 0.0 2 1
2023.33333333 2054 1995 1.66666666667 3 0 0.000827905230705 0.00148221343874 0.0 2 1
1929.75 1981 1887 1.25 2 0 0.000641552155979 0.0010395010395 0.0 3 1
2127.0 2145 2109 0.5 1 0 0.000232991612302 0.000465983224604 0.0 1 1
2075.0 2075 2075 0.0 0 0 0.0 0.0 0.0 0 1
2108.66666667 2160 2007 1.16666666667 3 0 0.000543888606416 0.00140712945591 0.0 5 1
2198.0 2198 2198 0.0 0 0 0.0 0.0 0.0 0 1
2290.0 2313 2267 0.5 1 0 0.000220458553792 0.000440917107584 0.0 1 1
1938.0 1938 1938 0.0 0 0 0.0 0.0 0.0 0 1
2217.4 2266 2181 0.0 0 0 0.0 0.0 0.0 4 1
2029.0 2029 2029 0.0 0 0 0.0 0.0 0.0 0 1
2003.66666667 2055 1946 1.55555555556 4 0 0.00077588052993 0.00198609731877 0.0 8 1
2012.0 2012 2012 0.0 0 0 0.0 0.0 0.0 0 1
1980.33333333 2014 1957 1.5 3 0 0.00075483740297 0.00151133501259 0.0 5 1
1922.0 1929 1915 0.5 1 0 0.000259067357513 0.000518134715026 0.0 1 1
2113.2 2177 2070 0.8 1 0 0.00037766631332 0.000482858522453 0.0 4 1
1912.75 2011 1786 0.916666666667 3 0 0.000464996492067 0.00155118924509 0.0 11 1
2168.0 2168 2168 0.0 0 0 0.0 0.0 0.0 0 1
2254.0 2254 2254 0.0 0 0 0.0 0.0 0.0 0 1
2119.5 2131 2108 0.0 0 0 0.0 0.0 0.0 1 1
2113.0 2113 2113 0.0 0 0 0.0 0.0 0.0 0 1
2056.5 2078 2035 0.0 0 0 0.0 0.0 0.0 1 1
2068.8 2133 2004 1.6 4 0 0.000759501813987 0.00187178287319 0.0 4 1
2081.0 2081 2081 0.0 0 0 0.0 0.0 0.0 0 1
2095.0 2184 2037 1.0 2 0 0.000482734592355 0.000980872976949 0.0 4 1
1905.0 1905 1905 0.0 0 0 0.0 0.0 0.0 0 1
2062.0 2068 2056 0.5 1 0 0.000243072435586 0.000486144871172 0.0 1 1
2091.0 2091 2091 0.0 0 0 0.0 0.0 0.0 0 1
2121.66666667 2138 2108 0.333333333333 1 0 0.000158052789632 0.000474158368895 0.0 2 1
1910.33333333 1959 1875 0.666666666667 1 0 0.000347751040715 0.000533049040512 0.0 2 1
1955.0 1955 1955 0.0 0 0 0.0 0.0 0.0 0 1
2129.0 2153 2109 0.333333333333 1 0 0.00015475085113 0.000464252553389 0.0 2 1
2129.0 2129 2129 0.0 0 0 0.0 0.0 0.0 0 1
2103.33333333 2112 2087 0.333333333333 1 0 0.000159642401022 0.000478927203065 0.0 2 1
2152.0 2152 2152 0.0 0 0 0.0 0.0 0.0 0 1
2042.5 2055 2030 0.5 1 0 0.000243190661479 0.000486381322957 0.0 1 1
2229.66666667 2264 2203 0.666666666667 1 0 0.000297114552953 0.000449842555106 0.0 2 1
2235.0 2235 2235 0.0 0 0 0.0 0.0 0.0 0 1
1924.65 2115 1760 3.55 9 0 0.00181332930588 0.00459887583035 0.0 19 1
2063.3 2109 1949 1.7 5 0 0.000814909408313 0.00236854571293 0.0 9 1
2109.0 2109 2109 0.0 0 0 0.0 0.0 0.0 0 1
2091.5 2165 2053 0.75 2 0 0.000360758568016 0.000958772770853 0.0 3 1
2097.5 2136 2059 0.5 1 0 0.000242718446602 0.000485436893204 0.0 1 1
2142.5 2156 2129 0.0 0 0 0.0 0.0 0.0 1 1
2171.66666667 2221 2134 0.333333333333 1 0 0.00015612802498 0.000468384074941 0.0 2 1
2165.0 2212 2118 0.5 1 0 0.000225937641211 0.000451875282422 0.0 1 1
2154.0 2154 2154 0.0 0 0 0.0 0.0 0.0 0 1
2038.61904762 2178 1863 2.28571428571 6 0 0.00111312923728 0.00296882731321 0.0 20 1
2033.77777778 2103 1932 0.777777777778 1 0 0.000379607820856 0.000517330574237 0.0 8 1
2015.0 2052 1983 0.5 1 0 0.000246151124553 0.000497512437811 0.0 3 1
2152.0 2152 2152 0.0 0 0 0.0 0.0 0.0 0 1
2133.0 2186 2065 1.25 2 0 0.000583432238861 0.000942951438001 0.0 7 1
2128.0 2128 2128 0.0 0 0 0.0 0.0 0.0 0 1
2154.0 2154 2154 0.0 0 0 0.0 0.0 0.0 0 1
2059.0 2095 2023 0.5 1 0 0.000238549618321 0.000477099236641 0.0 1 1
2276.0 2299 2253 0.5 1 0 0.000217391304348 0.000434782608696 0.0 1 1
2308.5 2320 2297 0.5 1 0 0.00021542438604 0.000430848772081 0.0 1 1
1970.0 1992 1952 0.666666666667 1 0 0.000336714851752 0.000508388408744 0.0 2 1
2287.0 2287 2287 0.0 0 0 0.0 0.0 0.0 0 1
2101.0 2101 2101 0.0 0 0 0.0 0.0 0.0 0 1
2090.0 2090 2090 0.0 0 0 0.0 0.0 0.0 0 1
2037.0 2132 1946 0.666666666667 1 0 0.000320894065529 0.000500500500501 0.0 5 1
2039.92857143 2241 1852 4.14285714286 11 0 0.00200537700849 0.00493052442851 0.0 27 1
2094.0 2094 2094 0.0 0 0 0.0 0.0 0.0 0 1
1992.0 1992 1992 0.0 0 0 0.0 0.0 0.0 0 1
2160.625 2258 2042 1.125 4 0 0.000510409214525 0.00176834659593 0.0 7 1
1986.0 1986 1986 0.0 0 0 0.0 0.0 0.0 0 1
2113.0 2113 2113 0.0 0 0 0.0 0.0 0.0 0 1
1879.0 1879 1879 0.0 0 0 0.0 0.0 0.0 0 1
2142.8 2188 2109 0.8 1 0 0.000371779098978 0.000471253534402 0.0 4 1
1959.5 1989 1924 0.25 1 0 0.000125628140704 0.000502512562814 0.0 3 1
2158.0 2222 2102 0.333333333333 1 0 0.000154966682163 0.00046490004649 0.0 2 1
2054.0 2054 2054 0.0 0 0 0.0 0.0 0.0 0 1
2192.0 2192 2192 0.0 0 0 0.0 0.0 0.0 0 1
2141.0 2141 2141 0.0 0 0 0.0 0.0 0.0 0 1
2047.66666667 2100 2009 1.33333333333 2 0 0.000658949451885 0.000994530084535 0.0 2 1
2063.0 2082 2044 0.0 0 0 0.0 0.0 0.0 1 1
2092.0 2092 2092 0.0 0 0 0.0 0.0 0.0 0 1
2090.0 2111 2069 0.5 1 0 0.00024154589372 0.00048309178744 0.0 1 1
2025.0 2037 2013 0.5 1 0 0.000248262164846 0.000496524329692 0.0 1 1
2161.0 2161 2161 0.0 0 0 0.0 0.0 0.0 0 1
1955.42857143 2002 1872 1.71428571429 4 0 0.000868666832762 0.00200904068307 0.0 6 1
2180.0 2180 2180 0.0 0 0 0.0 0.0 0.0 0 1
2301.0 2301 2301 0.0 0 0 0.0 0.0 0.0 0 1
1942.66666667 1975 1888 0.666666666667 1 0 0.000338239957826 0.000508646998983 0.0 2 1
1989.0 1989 1989 0.0 0 0 0.0 0.0 0.0 0 1
2206.5 2249 2164 0.5 1 0 0.000222222222222 0.000444444444444 0.0 1 1
1936.5 1997 1876 0.5 1 0 0.00025025025025 0.000500500500501 0.0 1 1
2007.66666667 2053 1955 0.666666666667 1 0 0.000335759729932 0.000511247443763 0.0 2 1
2209.5 2210 2209 1.0 2 0 0.000452284034374 0.000904568068747 0.0 1 1
2125.0 2125 2125 0.0 0 0 0.0 0.0 0.0 0 1
2041.66666667 2058 2024 1.0 2 0 0.000490946495941 0.000987166831194 0.0 2 1
2059.0 2059 2059 0.0 0 0 0.0 0.0 0.0 0 1
2046.5 2065 2028 0.5 1 0 0.000242013552759 0.000484027105518 0.0 1 1
1993.88888889 2049 1947 1.22222222222 4 0 0.000615524236488 0.00202429149798 0.0 8 1
2203.0 2203 2203 0.0 0 0 0.0 0.0 0.0 0 1
2050.0 2050 2050 0.0 0 0 0.0 0.0 0.0 0 1
2113.0 2129 2097 0.5 1 0 0.00023832221163 0.00047664442326 0.0 1 1
2146.33333333 2157 2127 0.333333333333 1 0 0.000154607297464 0.000463821892393 0.0 2 1
2060.0 2060 2060 0.0 0 0 0.0 0.0 0.0 0 1
2018.4 2205 1920 1.0 3 0 0.000488530184721 0.00143129770992 0.0 9 1
2191.83333333 2230 2153 0.833333333333 2 0 0.000377823541236 0.000903342366757 0.0 5 1
2053.16666667 2097 2021 0.5 1 0 0.000242227390358 0.000494559841741 0.0 5 1
1946.5 1998 1927 1.25 2 0 0.000638467221635 0.00103519668737 0.0 3 1
1941.0 1941 1941 0.0 0 0 0.0 0.0 0.0 0 1
2101.0 2135 2069 0.666666666667 1 0 0.000317085527149 0.00048309178744 0.0 2 1
2093.0 2093 2093 0.0 0 0 0.0 0.0 0.0 0 1
2185.0 2185 2185 0.0 0 0 0.0 0.0 0.0 0 1
1797.25 1826 1759 1.5 3 0 0.000832035006468 0.00164024056862 0.0 3 1
2012.5 2019 2006 0.5 1 0 0.000247524752475 0.00049504950495 0.0 1 1
2146.0 2237 2065 0.428571428571 2 0 0.000197406269623 0.000935016362786 0.0 6 1
2022.0 2022 2022 0.0 0 0 0.0 0.0 0.0 0 1
1956.0 1956 1956 0.0 0 0 0.0 0.0 0.0 0 1
2106.0 2106 2106 0.0 0 0 0.0 0.0 0.0 0 1
2114.0 2114 2114 0.0 0 0 0.0 0.0 0.0 0 1
1990.5 1997 1984 0.5 1 0 0.00025025025025 0.000500500500501 0.0 1 1
2142.33333333 2231 2091 0.166666666667 1 0 7.46714456392e-05 0.000448028673835 0.0 5 1
1978.0 1978 1978 0.0 0 0 0.0 0.0 0.0 0 1
1950.66666667 1979 1934 0.666666666667 2 0 0.000343465567577 0.00103039670273 0.0 2 1
2343.0 2343 2343 0.0 0 0 0.0 0.0 0.0 0 1
2145.0 2145 2145 0.0 0 0 0.0 0.0 0.0 0 1
1976.0 1976 1976 0.0 0 0 0.0 0.0 0.0 0 1
2154.33333333 2210 2107 0.666666666667 1 0 0.000313383162361 0.000474383301708 0.0 2 1
2025.0 2025 2025 0.0 0 0 0.0 0.0 0.0 0 1
2021.0 2021 2021 0.0 0 0 0.0 0.0 0.0 0 1
1980.33333333 2013 1939 0.5 1 0 0.000254772567245 0.000515463917526 0.0 5 1
2297.0 2297 2297 0.0 0 0 0.0 0.0 0.0 0 1
2276.0 2276 2276 0.0 0 0 0.0 0.0 0.0 0 1
2125.0 2125 2125 0.0 0 0 0.0 0.0 0.0 0 1
1976.0 2035 1938 1.125 2 0 0.0005711614249 0.00103092783505 0.0 7 1
2123.33333333 2163 2057 1.0 2 0 0.000463825079537 0.00092936802974 0.0 2 1
2138.5 2178 2099 0.5 1 0 0.000229463056448 0.000458926112896 0.0 1 1
2078.75 2123 2018 1.0 2 0 0.000477601205056 0.000941176470588 0.0 3 1
1960.0 1960 1960 0.0 0 0 0.0 0.0 0.0 0 1
2311.0 2311 2311 0.0 0 0 0.0 0.0 0.0 0 1
2114.0 2114 2114 0.0 0 0 0.0 0.0 0.0 0 1
2047.0 2057 2037 0.5 1 0 0.000242954324587 0.000485908649174 0.0 1 1
2081.0 2081 2081 0.0 0 0 0.0 0.0 0.0 0 1
1979.66666667 2031 1924 0.333333333333 2 0 0.000173070266528 0.00103842159917 0.0 5 1
2073.0 2073 2073 0.0 0 0 0.0 0.0 0.0 0 1
2071.66666667 2114 2049 0.333333333333 1 0 0.000157604412924 0.000472813238771 0.0 2 1
2086.0 2094 2078 0.5 1 0 0.000238663484487 0.000477326968974 0.0 1 1
2082.0 2126 2047 0.666666666667 1 0 0.000317435274109 0.000482160077146 0.0 2 1
2020.0 2020 2020 0.0 0 0 0.0 0.0 0.0 0 1
1935.0 1951 1892 0.75 2 0 0.00038448429663 0.00102459016393 0.0 3 1
2133.5 2134 2133 0.5 1 0 0.000234192037471 0.000468384074941 0.0 1 1
2048.0 2061 2035 0.0 0 0 0.0 0.0 0.0 1 1
1972.33333333 1997 1955 1.0 2 0 0.000503915897963 0.00100050025013 0.0 2 1
2154.0 2154 2154 0.0 0 0 0.0 0.0 0.0 0 1
1942.0 2000 1894 0.5 1 0 0.000251776699169 0.00050735667174 0.0 3 1
1838.0 1838 1838 0.0 0 0 0.0 0.0 0.0 0 1
2022.0 2070 1974 0.5 1 0 0.000241429261226 0.000482858522453 0.0 1 1
2026.5 2069 1984 0.0 0 0 0.0 0.0 0.0 1 1
2119.0 2119 2119 0.0 0 0 0.0 0.0 0.0 0 1
2040.0 2040 2040 0.0 0 0 0.0 0.0 0.0 0 1
1954.18181818 2007 1909 1.81818181818 3 0 0.000925979077829 0.0015243902439 0.0 10 1
2009.0 2009 2009 0.0 0 0 0.0 0.0 0.0 0 1
2255.0 2255 2255 0.0 0 0 0.0 0.0 0.0 0 1
2091.2 2238 2029 0.8 1 0 0.000380545704544 0.000492610837438 0.0 4 1
2166.0 2166 2166 0.0 0 0 0.0 0.0 0.0 0 1
2009.33333333 2013 2005 0.666666666667 1 0 0.000331676272078 0.00049850448654 0.0 2 1
1925.55555556 2123 1765 1.05555555556 3 0 0.000530405374762 0.00150225338007 0.0 17 1
2121.0 2121 2121 0.0 0 0 0.0 0.0 0.0 0 1
1947.0 1947 1947 0.0 0 0 0.0 0.0 0.0 0 1
1986.8 2080 1859 1.4 4 0 0.000698079142796 0.00201816347124 0.0 9 1
2053.0 2053 2053 0.0 0 0 0.0 0.0 0.0 0 1
2102.0 2102 2102 0.0 0 0 0.0 0.0 0.0 0 1
2064.47619048 2241 1932 0.904761904762 4 0 0.000440424083842 0.00200904068307 0.0 20 1
2226.5 2270 2180 0.5 1 0 0.000225343767273 0.000458505272811 0.0 3 1
2100.0 2144 2056 0.5 1 0 0.000243072435586 0.000486144871172 0.0 1 1
1966.0 1966 1966 0.0 0 0 0.0 0.0 0.0 0 1
1862.5 1879 1846 0.0 0 0 0.0 0.0 0.0 1 1
2143.0 2143 2143 0.0 0 0 0.0 0.0 0.0 0 1
2108.0 2108 2108 0.0 0 0 0.0 0.0 0.0 0 1
1868.66666667 1889 1828 0.666666666667 1 0 0.000358615795102 0.000546746856206 0.0 2 1
2123.0 2123 2123 0.0 0 0 0.0 0.0 0.0 0 1
2073.0 2073 2073 0.0 0 0 0.0 0.0 0.0 0 1
2146.0 2146 2146 0.0 0 0 0.0 0.0 0.0 0 1
2012.0 2012 2012 0.0 0 0 0.0 0.0 0.0 0 1
2143.66666667 2158 2134 1.0 2 0 0.000467508999603 0.000934142923867 0.0 2 1
2092.0 2092 2092 0.0 0 0 0.0 0.0 0.0 0 1
2189.66666667 2200 2182 0.666666666667 1 0 0.000303792442691 0.000457038391225 0.0 2 1
2257.0 2257 2257 0.0 0 0 0.0 0.0 0.0 0 1
1954.0 1954 1954 0.0 0 0 0.0 0.0 0.0 0 1
2054.0 2054 2054 0.0 0 0 0.0 0.0 0.0 0 1
2080.0 2080 2080 0.0 0 0 0.0 0.0 0.0 0 1
2122.5 2144 2108 0.75 1 0 0.000353404900445 0.000474158368895 0.0 3 1
2110.0 2110 2110 0.0 0 0 0.0 0.0 0.0 0 1
2040.33333333 2099 1988 0.333333333333 1 0 0.0001638001638 0.0004914004914 0.0 2 1
1982.125 2035 1944 0.25 2 0 0.000125817815803 0.00100654252642 0.0 7 1
2021.5 2044 1999 0.5 1 0 0.000244498777506 0.000488997555012 0.0 1 1
1952.09090909 2016 1885 0.636363636364 2 0 0.000326004744268 0.00105988341282 0.0 10 1
1996.5 2023 1970 0.0 0 0 0.0 0.0 0.0 1 1
1844.18181818 1988 1778 1.27272727273 3 0 0.000679277163738 0.0016155088853 0.0 10 1
2139.0 2160 2118 0.0 0 0 0.0 0.0 0.0 1 1
2058.0 2058 2058 0.0 0 0 0.0 0.0 0.0 0 1
2293.0 2293 2293 0.0 0 0 0.0 0.0 0.0 0 1
2026.66666667 2080 1961 0.0 0 0 0.0 0.0 0.0 2 1
2130.0 2174 2078 1.25 3 0 0.000590875800323 0.00141911069063 0.0 3 1
2189.5 2213 2166 0.0 0 0 0.0 0.0 0.0 1 1
2025.5 2027 2024 1.5 3 0 0.000740009866798 0.0014800197336 0.0 1 1
2116.0 2186 2050 0.333333333333 1 0 0.000152415790276 0.000457247370828 0.0 2 1
2002.25 2052 1926 0.75 2 0 0.000381109114685 0.00103734439834 0.0 3 1
2160.5 2216 2105 0.5 1 0 0.000225529995489 0.000451059990979 0.0 1 1
2022.5 2044 2001 0.5 1 0 0.000244498777506 0.000488997555012 0.0 1 1
2176.6 2223 2128 0.2 1 0 9.39408172851e-05 0.000469704086426 0.0 4 1
1836.63636364 1872 1783 0.818181818182 3 0 0.000446343038908 0.00166574125486 0.0 10 1
2091.25 2140 2063 1.5 2 0 0.000716986715847 0.000968523002421 0.0 3 1
2131.0 2188 2099 1.0 2 0 0.00046731691359 0.000928505106778 0.0 4 1
2083.0 2117 2064 0.5 2 0 0.000240963855422 0.000963855421687 0.0 3 1
2028.6 2053 1997 0.8 1 0 0.000392663903813 0.000496524329692 0.0 4 1
2038.0 2038 2038 0.0 0 0 0.0 0.0 0.0 0 1
2064.375 2217 1961 2.0 4 0 0.000963427324561 0.00190657769304 0.0 7 1
2021.0 2028 2014 0.5 1 0 0.000246426811237 0.000492853622474 0.0 1 1
2023.0 2023 2023 0.0 0 0 0.0 0.0 0.0 0 1
2031.5 2051 2012 0.5 1 0 0.000248385494287 0.000496770988574 0.0 1 1
1982.0 1982 1982 0.0 0 0 0.0 0.0 0.0 0 1
2096.5 2128 2065 0.5 1 0 0.000234852043213 0.000469704086426 0.0 1 1
2068.25 2114 2018 0.25 1 0 0.000121359223301 0.000485436893204 0.0 3 1
1907.5 1911 1904 0.5 1 0 0.000261506276151 0.000523012552301 0.0 1 1
1895.0 1895 1895 0.0 0 0 0.0 0.0 0.0 0 1
2043.0 2043 2043 0.0 0 0 0.0 0.0 0.0 0 1
1998.0 1998 1998 0.0 0 0 0.0 0.0 0.0 0 1
1995.0 1995 1995 0.0 0 0 0.0 0.0 0.0 0 1
2100.66666667 2139 2073 1.33333333333 2 0 0.000630055289473 0.000956022944551 0.0 2 1
1951.25 1981 1932 0.25 1 0 0.000127681307457 0.000510725229826 0.0 3 1
2059.25 2153 2014 0.75 1 0 0.000369651179453 0.000496277915633 0.0 3 1
2062.125 2099 2021 0.875 2 0 0.000425719124954 0.000988630746416 0.0 7 1
2029.0 2047 2011 0.5 1 0 0.000244140625 0.00048828125 0.0 1 1
2004.10526316 2122 1880 1.42105263158 4 0 0.000703802514405 0.00199600798403 0.0 18 1
1955.0 1955 1955 0.0 0 0 0.0 0.0 0.0 0 1
2128.66666667 2137 2112 0.333333333333 1 0 0.000157753588894 0.000473260766682 0.0 2 1
2002.5 2051 1954 0.5 1 0 0.000243664717349 0.000487329434698 0.0 1 1
2197.0 2197 2197 0.5 1 0 0.000227479526843 0.000454959053685 0.0 1 1
2166.5 2180 2153 0.5 1 0 0.000229252636405 0.000458505272811 0.0 1 1
2137.5 2148 2127 0.5 1 0 0.000232666356445 0.00046533271289 0.0 1 1
2113.0 2113 2113 0.0 0 0 0.0 0.0 0.0 0 1
2067.66666667 2124 2009 1.33333333333 3 0 0.000631098585999 0.00141043723554 0.0 2 1
2021.0 2021 2021 0.0 0 0 0.0 0.0 0.0 0 1
2086.0 2086 2086 0.0 0 0 0.0 0.0 0.0 0 1
2091.0 2091 2091 0.0 0 0 0.0 0.0 0.0 0 1
2118.75 2146 2084 1.75 3 0 0.00082502527998 0.00143747005271 0.0 3 1
2036.0 2036 2036 0.0 0 0 0.0 0.0 0.0 0 1
2074.625 2146 1989 0.875 2 0 0.000418663296584 0.000948766603416 0.0 7 1
2073.0 2073 2073 0.0 0 0 0.0 0.0 0.0 0 1
2146.83333333 2190 2101 0.833333333333 2 0 0.000383912957751 0.000912408759124 0.0 5 1
2059.0 2084 2034 0.0 0 0 0.0 0.0 0.0 1 1
1955.85714286 2003 1888 1.42857142857 4 0 0.000724809302406 0.00201714573878 0.0 6 1
2066.83333333 2120 2036 0.0 0 0 0.0 0.0 0.0 5 1
2137.5 2151 2124 0.0 0 0 0.0 0.0 0.0 1 1
2211.0 2211 2211 0.0 0 0 0.0 0.0 0.0 0 1
2050.0 2050 2050 0.0 0 0 0.0 0.0 0.0 0 1
2035.3 2117 1966 0.7 2 0 0.000342562165136 0.000975609756098 0.0 9 1
2089.0 2089 2089 0.5 1 0 0.000239234449761 0.000478468899522 0.0 1 1
1988.5 1994 1983 0.5 1 0 0.000250626566416 0.000501253132832 0.0 1 1
1985.0 1985 1985 0.0 0 0 0.0 0.0 0.0 0 1
1952.0 1971 1932 0.25 1 0 0.000128799587841 0.000515198351365 0.0 3 1
2089.0 2089 2089 0.0 0 0 0.0 0.0 0.0 0 1
2187.0 2187 2187 0.0 0 0 0.0 0.0 0.0 0 1
2093.0 2149 2041 1.0 2 0 0.000475419033717 0.00092980009298 0.0 3 1
1958.0 1984 1932 0.5 1 0 0.000258665287118 0.000517330574237 0.0 1 1
2219.0 2235 2203 0.0 0 0 0.0 0.0 0.0 1 1
2089.0 2089 2089 0.0 0 0 0.0 0.0 0.0 0 1
2044.0 2067 2021 0.0 0 0 0.0 0.0 0.0 1 1
1999.33333333 2042 1906 0.666666666667 2 0 0.000333018679647 0.000984251968504 0.0 5 1
2055.0 2082 2028 0.5 1 0 0.000240038406145 0.00048007681229 0.0 1 1
2112.27272727 2174 2066 1.36363636364 4 0 0.000639721041177 0.00183654729109 0.0 10 1
2036.0 2091 1981 0.0 0 0 0.0 0.0 0.0 1 1
2164.5 2182 2147 0.5 1 0 0.000229042601924 0.000458085203848 0.0 1 1
2121.66666667 2155 2064 0.333333333333 1 0 0.000154607297464 0.000463821892393 0.0 2 1
2121.0 2121 2121 0.0 0 0 0.0 0.0 0.0 0 1
2082.75 2110 2052 1.625 4 0 0.000778084548667 0.00191846522782 0.0 7 1
2035.16666667 2110 1976 1.33333333333 2 0 0.000654445368709 0.0010111223458 0.0 5 1
2021.0 2021 2021 0.0 0 0 0.0 0.0 0.0 0 1
1947.4 1976 1920 0.6 1 0 0.000306243865456 0.000515198351365 0.0 4 1
2096.85714286 2176 1968 3.07142857143 8 0 0.00147093256753 0.00387221684414 0.0 13 1
1917.6 1970 1876 1.8 4 0 0.000933511476446 0.00211416490486 0.0 4 1
2132.8 2162 2108 0.6 2 0 0.00028203762985 0.000947867298578 0.0 4 1
1977.5 1981 1974 0.5 1 0 0.000252270433905 0.00050454086781 0.0 1 1
2012.66666667 2115 1915 0.666666666667 2 0 0.000330334693715 0.00102197240675 0.0 8 1
1987.5 1993 1982 0.5 1 0 0.000252143217347 0.000504286434695 0.0 1 1
1988.0 1988 1988 0.0 0 0 0.0 0.0 0.0 0 1
2020.0 2020 2020 0.0 0 0 0.0 0.0 0.0 0 1
2056.0 2074 2038 0.5 1 0 0.000240963855422 0.000481927710843 0.0 1 1
2043.0 2043 2043 0.0 0 0 0.0 0.0 0.0 0 1
2016.8 2060 1985 1.0 2 0 0.000493720123085 0.00100654252642 0.0 4 1
2113.0 2113 2113 0.0 0 0 0.0 0.0 0.0 0 1
2096.0 2096 2096 0.0 0 0 0.0 0.0 0.0 0 1
2049.5 2064 2035 1.0 2 0 0.000484027105518 0.000968054211036 0.0 1 1
2120.0 2148 2092 0.5 1 0 0.000232666356445 0.00046533271289 0.0 1 1
1964.0 1964 1964 0.0 0 0 0.0 0.0 0.0 0 1
1952.33333333 2006 1908 1.5 2 0 0.000763544001015 0.00104004160166 0.0 5 1
2089.25 2166 2018 1.25 3 0 0.000597220731828 0.00142857142857 0.0 7 1
2004.0 2004 2004 0.0 0 0 0.0 0.0 0.0 0 1
2194.5 2199 2190 0.5 1 0 0.000228206298494 0.000456412596988 0.0 1 1
1997.2 2102 1931 0.7 1 0 0.000348904287428 0.000512820512821 0.0 9 1
2045.5 2081 2010 0.5 1 0 0.000240153698367 0.000480307396734 0.0 1 1
1935.5 1961 1910 1.0 2 0 0.000509424350484 0.00101884870097 0.0 1 1
2086.0 2191 1966 1.16666666667 4 0 0.000535512067496 0.00182982616651 0.0 5 1
2144.0 2144 2144 0.0 0 0 0.0 0.0 0.0 0 1
2154.0 2154 2154 0.0 0 0 0.0 0.0 0.0 0 1
1996.0 1996 1996 0.0 0 0 0.0 0.0 0.0 0 1
2001.0 2028 1959 0.666666666667 1 0 0.000329546481 0.000495785820526 0.0 2 1
2279.66666667 2304 2263 0.666666666667 1 0 0.00029388110647 0.000441696113074 0.0 2 1
2155.0 2155 2155 0.0 0 0 0.0 0.0 0.0 0 1
2014.0 2052 1976 0.0 0 0 0.0 0.0 0.0 1 1
2096.0 2096 2096 0.0 0 0 0.0 0.0 0.0 0 1
1936.44444444 2005 1882 1.11111111111 3 0 0.000573983007462 0.00157811678064 0.0 8 1
2051.0 2051 2051 0.0 0 0 0.0 0.0 0.0 0 1
2150.0 2150 2150 0.0 0 0 0.0 0.0 0.0 0 1
2196.0 2196 2196 0.0 0 0 0.0 0.0 0.0 0 1
2211.5 2212 2211 0.5 1 0 0.000225937641211 0.000451875282422 0.0 1 1
1975.0 1980 1970 0.0 0 0 0.0 0.0 0.0 1 1
1983.6 2042 1918 1.2 2 0 0.000602048693296 0.00101265822785 0.0 4 1
2193.0 2202 2184 0.0 0 0 0.0 0.0 0.0 1 1
1960.5 1964 1957 0.0 0 0 0.0 0.0 0.0 1 1
2050.33333333 2079 2024 0.666666666667 1 0 0.00032293739285 0.000488042947779 0.0 2 1
2002.0 2046 1949 0.6 1 0 0.00029538155057 0.000494804552202 0.0 4 1
2115.1 2208 1927 1.4 3 0 0.000662472313937 0.00148367952522 0.0 9 1
1966.5 2011 1920 1.0 2 0 0.000502498943646 0.000993541977149 0.0 3 1
1983.0 1983 1983 0.0 0 0 0.0 0.0 0.0 0 1
2216.6 2255 2182 1.0 2 0 0.000448530170874 0.000891662951404 0.0 4 1
2114.0 2114 2114 0.0 0 0 0.0 0.0 0.0 0 1
2041.0 2041 2041 0.0 0 0 0.0 0.0 0.0 0 1
1960.0 1992 1928 0.5 1 0 0.000250878073256 0.000501756146513 0.0 1 1
2156.0 2156 2156 0.0 0 0 0.0 0.0 0.0 0 1
2104.6 2193 2034 1.0 3 0 0.00046431979335 0.00141043723554 0.0 4 1
2179.33333333 2222 2137 0.333333333333 1 0 0.000152905198777 0.00045871559633 0.0 2 1
2074.0 2074 2074 0.0 0 0 0.0 0.0 0.0 0 1
2034.0 2034 2034 0.0 0 0 0.0 0.0 0.0 0 1
2028.0 2028 2028 0.0 0 0 0.0 0.0 0.0 0 1
1975.66666667 1998 1948 0.666666666667 1 0 0.000334930330958 0.00050454086781 0.0 2 1
1997.33333333 2041 1967 0.333333333333 1 0 0.000163238654913 0.00048971596474 0.0 2 1
2129.0 2167 2091 1.0 2 0 0.000477783086479 0.000955566172957 0.0 1 1
2202.0 2202 2202 0.0 0 0 0.0 0.0 0.0 0 1
2203.0 2203 2203 0.0 0 0 0.0 0.0 0.0 0 1
2104.0 2114 2094 0.0 0 0 0.0 0.0 0.0 1 1
2132.0 2132 2132 0.0 0 0 0.0 0.0 0.0 0 1
2092.0 2092 2092 0.0 0 0 0.0 0.0 0.0 0 1
2081.0 2081 2081 0.0 0 0 0.0 0.0 0.0 0 1
2048.5 2061 2036 0.0 0 0 0.0 0.0 0.0 1 1
2023.66666667 2051 1984 0.666666666667 1 0 0.00033036925741 0.000503778337531 0.0 2 1
2180.72727273 2293 2046 4.72727272727 9 0 0.00214092640141 0.00410771337289 0.0 10 1
1899.0 1899 1899 0.0 0 0 0.0 0.0 0.0 0 1
2042.0 2042 2042 0.0 0 0 0.0 0.0 0.0 0 1
2006.0 2006 2006 0.0 0 0 0.0 0.0 0.0 0 1
2132.0 2132 2132 0.0 0 0 0.0 0.0 0.0 0 1
1995.0 1995 1995 0.0 0 0 0.0 0.0 0.0 0 1
2027.0 2027 2027 0.0 0 0 0.0 0.0 0.0 0 1
1988.0 1988 1988 0.0 0 0 0.0 0.0 0.0 0 1
2037.0 2037 2037 0.0 0 0 0.0 0.0 0.0 0 1
2110.33333333 2191 2049 0.666666666667 2 0 0.000310804600585 0.000911992704058 0.0 5 1
1891.33333333 1940 1828 1.33333333333 2 0 0.000703717892992 0.00109289617486 0.0 5 1
2070.0 2071 2069 0.5 1 0 0.00024154589372 0.00048309178744 0.0 1 1
2142.0 2143 2141 0.0 0 0 0.0 0.0 0.0 1 1
2180.5 2222 2139 0.5 1 0 0.000233644859813 0.000467289719626 0.0 1 1
1974.0 1974 1974 0.0 0 0 0.0 0.0 0.0 0 1
1998.0 2070 1924 0.714285714286 2 0 0.000356559721972 0.0010152284264 0.0 6 1
1965.0 1967 1963 0.0 0 0 0.0 0.0 0.0 1 1
2126.0 2126 2126 0.0 0 0 0.0 0.0 0.0 0 1
2062.0 2062 2062 0.0 0 0 0.0 0.0 0.0 0 1
2097.0 2097 2097 0.0 0 0 0.0 0.0 0.0 0 1
1810.64285714 1960 1736 1.35714285714 3 0 0.000745461233768 0.00171232876712 0.0 13 1
2000.75 2050 1959 0.75 1 0 0.000372198442178 0.000508130081301 0.0 3 1
2178.0 2178 2178 0.0 0 0 0.0 0.0 0.0 0 1
1991.0 2051 1907 1.0 2 0 0.0005072536133 0.00104766893662 0.0 4 1
2077.0 2106 2055 0.666666666667 1 0 0.000320329923663 0.000486381322957 0.0 2 1
2006.44444444 2121 1907 2.0 5 0 0.000986398017485 0.00240038406145 0.0 8 1
1946.25 1985 1886 0.5 1 0 0.000255379667918 0.000514933058702 0.0 3 1
1946.5 2012 1904 1.25 3 0 0.000645916450145 0.0015392508979 0.0 3 1
2068.0 2068 2068 0.0 0 0 0.0 0.0 0.0 0 1
1966.0 1966 1966 0.0 0 0 0.0 0.0 0.0 0 1
2057.0 2057 2057 0.0 0 0 0.0 0.0 0.0 0 1
2007.5 2011 2004 0.5 1 0 0.000248508946322 0.000497017892644 0.0 1 1
2042.0 2042 2042 0.0 0 0 0.0 0.0 0.0 0 1
1970.0 1980 1960 0.5 1 0 0.000254971953085 0.00050994390617 0.0 1 1
2130.0 2130 2130 0.0 0 0 0.0 0.0 0.0 0 1
1955.0 1999 1911 0.5 1 0 0.00025 0.0005 0.0 1 1
2146.0 2146 2146 0.0 0 0 0.0 0.0 0.0 0 1
1996.75 2009 1981 0.75 1 0 0.000374891435858 0.00050454086781 0.0 3 1
1989.875 2036 1942 1.375 3 0 0.000693600077395 0.00154241645244 0.0 7 1
2120.0 2120 2120 0.0 0 0 0.0 0.0 0.0 0 1
1975.0 1975 1975 0.0 0 0 0.0 0.0 0.0 0 1
2015.6 2029 2002 0.6 1 0 0.000297874879713 0.000499251123315 0.0 4 1
2123.0 2136 2107 0.333333333333 1 0 0.000155981906099 0.000467945718297 0.0 2 1
2014.0 2014 2014 0.0 0 0 0.0 0.0 0.0 0 1
1960.0 2044 1917 0.833333333333 1 0 0.000424534539543 0.000521376433785 0.0 5 1
2136.0 2136 2136 0.0 0 0 0.0 0.0 0.0 0 1
2107.5 2121 2094 0.5 1 0 0.000235626767201 0.000471253534402 0.0 1 1
2038.0 2045 2031 0.0 0 0 0.0 0.0 0.0 1 1
2151.0 2151 2151 0.0 0 0 0.0 0.0 0.0 0 1
2151.0 2151 2151 0.0 0 0 0.0 0.0 0.0 0 1
2066.0 2074 2058 0.0 0 0 0.0 0.0 0.0 1 1
2039.5 2118 1989 0.25 1 0 0.00011798017933 0.000471920717319 0.0 3 1
1998.0 1998 1998 0.0 0 0 0.0 0.0 0.0 0 1
2186.0 2186 2186 0.0 0 0 0.0 0.0 0.0 0 1
2042.0 2042 2042 0.0 0 0 0.0 0.0 0.0 0 1
2185.33333333 2189 2181 0.333333333333 1 0 0.000152765047357 0.000458295142071 0.0 2 1
2087.0 2106 2068 0.0 0 0 0.0 0.0 0.0 1 1
2023.57142857 2080 1977 1.0 3 0 0.000499676342986 0.00150981378963 0.0 6 1
1952.0 1963 1941 0.5 1 0 0.000257466529351 0.000514933058702 0.0 1 1
2121.85714286 2240 2010 2.0 3 0 0.000930761888878 0.00145137880987 0.0 6 1
2080.0 2080 2080 0.0 0 0 0.0 0.0 0.0 0 1
2198.75 2237 2141 0.5 1 0 0.000225034170355 0.000453309156845 0.0 3 1
1985.18181818 2065 1827 1.18181818182 3 0 0.000587610157178 0.00154479917611 0.0 10 1
2078.4 2128 2032 1.0 2 0 0.000476348176855 0.000962927298989 0.0 4 1
2166.5 2218 2131 0.75 2 0 0.000340167753961 0.000900900900901 0.0 3 1
1970.375 2087 1851 0.375 2 0 0.000186057916095 0.000957395883198 0.0 7 1
2039.125 2174 1961 0.875 2 0 0.000427584419204 0.00100200400802 0.0 7 1
2107.66666667 2161 2049 0.0 0 0 0.0 0.0 0.0 2 1
2225.0 2225 2225 0.0 0 0 0.0 0.0 0.0 0 1
2017.66666667 2074 1928 0.166666666667 1 0 8.15394651011e-05 0.000489236790607 0.0 5 1
2124.0 2124 2124 0.0 0 0 0.0 0.0 0.0 0 1
1870.71428571 1977 1732 1.57142857143 3 0 0.000828291347477 0.0016 0.0 6 1
2111.5 2135 2088 0.0 0 0 0.0 0.0 0.0 1 1
2090.0 2090 2090 0.0 0 0 0.0 0.0 0.0 0 1
1974.66666667 2034 1888 0.333333333333 1 0 0.00016717325865 0.000504286434695 0.0 5 1
2074.25 2109 1998 0.5 1 0 0.000243545943588 0.000500250125063 0.0 3 1
1923.4 2148 1810 2.9 7 0 0.00149797004618 0.00365535248042 0.0 19 1
1969.0 1969 1969 0.0 0 0 0.0 0.0 0.0 0 1
2166.0 2166 2166 0.0 0 0 0.0 0.0 0.0 0 1
2129.33333333 2161 2090 1.0 2 0 0.000474583264024 0.000956022944551 0.0 2 1
2016.83333333 2071 1953 1.16666666667 2 0 0.000578079176164 0.000994530084535 0.0 5 1
1986.75 2010 1964 1.5 3 0 0.000755857817375 0.00152516522623 0.0 3 1
2073.0 2073 2073 0.0 0 0 0.0 0.0 0.0 0 1
2152.0 2152 2152 0.0 0 0 0.0 0.0 0.0 0 1
2163.0 2238 2089 0.666666666667 1 0 0.000313596583397 0.000478468899522 0.0 2 1
2027.5 2086 1969 0.5 1 0 0.000239578342118 0.000479156684236 0.0 1 1
2124.83333333 2190 2073 0.833333333333 2 0 0.000390263638999 0.000912408759124 0.0 5 1
2048.0 2070 2026 0.0 0 0 0.0 0.0 0.0 1 1
2179.5 2189 2170 0.5 1 0 0.000228310502283 0.000456621004566 0.0 1 1
2157.0 2229 2111 0.666666666667 1 0 0.000305824548415 0.00046904315197 0.0 2 1
2169.0 2169 2169 0.0 0 0 0.0 0.0 0.0 0 1
2136.2 2185 2095 0.4 1 0 0.000184212680602 0.000463606861382 0.0 4 1
2111.0 2111 2111 0.0 0 0 0.0 0.0 0.0 0 1
2032.4 2084 2004 0.6 1 0 0.000298115112411 0.000498753117207 0.0 4 1
2125.0 2125 2125 0.0 0 0 0.0 0.0 0.0 0 1
2047.0 2061 2030 0.333333333333 1 0 0.000162522346823 0.000487567040468 0.0 2 1
2033.0 2033 2033 0.0 0 0 0.0 0.0 0.0 0 1
1962.57142857 2073 1873 1.14285714286 2 0 0.000573407283014 0.000977039570103 0.0 6 1
2058.5 2089 2011 0.0 0 0 0.0 0.0 0.0 3 1
2115.44444444 2219 2039 1.33333333333 3 0 0.000635812764835 0.00144369586141 0.0 8 1
2099.0 2099 2099 0.0 0 0 0.0 0.0 0.0 0 1
2216.0 2256 2176 1.0 2 0 0.000459136822773 0.000918273645546 0.0 1 1
1890.5 1898 1883 0.5 1 0 0.000265392781316 0.000530785562633 0.0 1 1
2332.0 2332 2332 0.0 0 0 0.0 0.0 0.0 0 1
2087.5 2127 2048 0.5 1 0 0.000234962406015 0.00046992481203 0.0 1 1
2167.33333333 2217 2133 0.166666666667 1 0 7.51427712654e-05 0.000450856627592 0.0 5 1
2218.0 2218 2218 0.0 0 0 0.0 0.0 0.0 0 1
2131.8 2183 2051 1.0 2 0 0.000463131688127 0.00091533180778 0.0 4 1
2082.75 2124 2027 0.75 1 0 0.000360595705959 0.000493096646943 0.0 3 1
2032.1 2166 1934 2.85 7 0 0.00140130925909 0.00347050074368 0.0 19 1
1903.0 1903 1903 0.0 0 0 0.0 0.0 0.0 0 1
1949.0 1989 1919 1.0 2 0 0.00050839873165 0.00102459016393 0.0 6 1
2091.66666667 2153 2009 0.666666666667 1 0 0.000312429816756 0.000473036896878 0.0 2 1
2147.83333333 2243 2086 0.666666666667 2 0 0.000303707273893 0.000890868596882 0.0 5 1
2230.5 2278 2183 0.5 1 0 0.000219394471259 0.000438788942519 0.0 1 1
1938.28571429 2081 1772 2.2380952381 5 0 0.0011499760752 0.00253807106599 0.0 20 1
2090.66666667 2110 2062 0.666666666667 1 0 0.000320231600353 0.000484730974309 0.0 2 1
2103.66666667 2125 2087 0.666666666667 1 0 0.000316431363079 0.000478927203065 0.0 2 1
2088.6 2104 2059 0.8 1 0 0.000383262096175 0.000485436893204 0.0 4 1
1885.6 1906 1856 1.4 3 0 0.000744199900273 0.00161377084454 0.0 4 1
2004.0 2004 2004 0.0 0 0 0.0 0.0 0.0 0 1
1913.0 1913 1913 0.0 0 0 0.0 0.0 0.0 0 1
2102.0 2102 2102 0.0 0 0 0.0 0.0 0.0 0 1
2010.66666667 2046 1975 0.0 0 0 0.0 0.0 0.0 2 1
2151.0 2151 2151 0.0 0 0 0.0 0.0 0.0 0 1
2190.0 2190 2190 0.0 0 0 0.0 0.0 0.0 0 1
2139.0 2189 2089 0.5 1 0 0.000228310502283 0.000456621004566 0.0 1 1
2049.36363636 2133 1963 0.909090909091 3 0 0.000434629579132 0.001414427157 0.0 10 1
1981.44444444 2059 1914 0.333333333333 1 0 0.000165804858649 0.000517330574237 0.0 8 1
2355.0 2355 2355 0.0 0 0 0.0 0.0 0.0 0 1
2072.33333333 2093 2034 0.333333333333 1 0 0.000159184972939 0.000477554918816 0.0 2 1
1957.66666667 2036 1918 0.333333333333 1 0 0.000163639338897 0.000490918016691 0.0 2 1
2060.0 2060 2060 0.0 0 0 0.0 0.0 0.0 0 1
2024.4 2043 2007 0.6 2 0 0.000296065247849 0.00098231827112 0.0 4 1
2019.5 2079 1966 1.0 2 0 0.000497077480345 0.000985707244948 0.0 5 1
2118.33333333 2215 2031 2.66666666667 7 0 0.00124701223369 0.0032437442076 0.0 11 1
2077.0 2219 1902 1.90909090909 5 0 0.000910791178905 0.002405002405 0.0 10 1
2131.0 2131 2131 0.0 0 0 0.0 0.0 0.0 0 1
2136.8 2191 2030 1.2 2 0 0.000562064291002 0.000984251968504 0.0 4 1
2207.33333333 2278 2159 0.333333333333 1 0 0.000152485513876 0.000457456541629 0.0 2 1
2015.0 2029 2001 0.5 1 0 0.000246305418719 0.000492610837438 0.0 1 1
2103.66666667 2148 2069 0.833333333333 2 0 0.000390881799131 0.000931966449208 0.0 5 1
2147.5 2231 2086 0.5 1 0 0.000229378060478 0.000469483568075 0.0 3 1
1896.92307692 2038 1845 2.0 4 0 0.00105502943014 0.00214477211796 0.0 12 1
2030.0 2030 2030 0.0 0 0 0.0 0.0 0.0 0 1
2003.5 2049 1955 0.875 3 0 0.000438712668528 0.0015306122449 0.0 7 1
2166.0 2166 2166 0.0 0 0 0.0 0.0 0.0 0 1
2024.85714286 2070 1997 0.857142857143 2 0 0.000423748418794 0.000995024875622 0.0 6 1
1917.55555556 1987 1840 1.55555555556 4 0 0.000801958685999 0.00208441896821 0.0 8 1
2146.66666667 2167 2116 1.0 2 0 0.000468513891938 0.000944287063267 0.0 2 1
2126.0 2227 2032 1.58333333333 3 0 0.000744899208669 0.00140318054256 0.0 11 1
2085.5 2092 2079 0.5 1 0 0.000238891543239 0.000477783086479 0.0 1 1
2209.0 2209 2209 0.0 0 0 0.0 0.0 0.0 0 1
2042.0 2054 2030 1.0 2 0 0.000486381322957 0.000972762645914 0.0 1 1
2092.33333333 2121 2045 1.33333333333 2 0 0.000629528217198 0.000946521533365 0.0 2 1
2181.0 2200 2162 0.5 1 0 0.000227169468423 0.000454338936847 0.0 1 1
2078.0 2119 2034 0.6 1 0 0.000287716477063 0.000483558994197 0.0 4 1
1929.0 1929 1929 0.0 0 0 0.0 0.0 0.0 0 1
2165.0 2213 2118 0.666666666667 1 0 0.000304521649271 0.000461893764434 0.0 2 1
2167.0 2167 2167 0.0 0 0 0.0 0.0 0.0 0 1
1899.0 1899 1899 0.0 0 0 0.0 0.0 0.0 0 1
2017.0 2017 2017 0.0 0 0 0.0 0.0 0.0 0 1
2130.4 2168 2094 1.2 2 0 0.000558979252354 0.000931098696462 0.0 4 1
1980.0 1980 1980 0.0 0 0 0.0 0.0 0.0 0 1
2066.25 2119 2019 0.875 2 0 0.000424732766537 0.00098814229249 0.0 7 1
1941.0 1941 1941 0.0 0 0 0.0 0.0 0.0 0 1
2065.0 2086 2044 0.0 0 0 0.0 0.0 0.0 1 1
2107.0 2147 2085 0.333333333333 1 0 0.000159489633174 0.000478468899522 0.0 2 1
2281.5 2283 2280 0.5 1 0 0.000218914185639 0.000437828371278 0.0 1 1
2070.0 2070 2070 0.0 0 0 0.0 0.0 0.0 0 1
2078.33333333 2102 2050 0.666666666667 1 0 0.000318452541216 0.000479846449136 0.0 2 1
2020.75 2041 1982 0.5 1 0 0.000245038113304 0.000490436488475 0.0 3 1
2064.5 2092 2027 0.666666666667 1 0 0.000324822785752 0.000493096646943 0.0 5 1
1990.0 1990 1990 0.0 0 0 0.0 0.0 0.0 0 1
2160.66666667 2204 2126 0.0 0 0 0.0 0.0 0.0 2 1
2150.0 2159 2141 0.5 1 0 0.000233426704015 0.00046685340803 0.0 1 1
2056.0 2056 2056 0.0 0 0 0.0 0.0 0.0 0 1
2181.0 2181 2181 0.0 0 0 0.0 0.0 0.0 0 1
2083.0 2083 2083 0.0 0 0 0.0 0.0 0.0 0 1
2070.0 2070 2070 0.0 0 0 0.0 0.0 0.0 0 1
2113.0 2240 2013 1.9 4 0 0.000884248674823 0.0017825311943 0.0 9 1
2055.0 2055 2055 0.0 0 0 0.0 0.0 0.0 0 1
2091.0 2120 2062 0.5 1 0 0.0002357378595 0.000471475719 0.0 1 1
1943.0 1943 1943 0.0 0 0 0.0 0.0 0.0 0 1
2254.0 2254 2254 0.0 0 0 0.0 0.0 0.0 0 1
2062.0 2062 2062 0.0 0 0 0.0 0.0 0.0 0 1
2254.0 2254 2254 0.0 0 0 0.0 0.0 0.0 0 1
2026.0 2026 2026 0.0 0 0 0.0 0.0 0.0 0 1
1961.0 1969 1953 0.0 0 0 0.0 0.0 0.0 1 1
2030.0 2030 2030 0.5 1 0 0.000246184145741 0.000492368291482 0.0 1 1
2187.5 2200 2175 0.0 0 0 0.0 0.0 0.0 1 1
1963.0 1970 1956 0.5 1 0 0.000255493101686 0.000510986203373 0.0 1 1
2169.0 2175 2163 0.0 0 0 0.0 0.0 0.0 1 1
2291.0 2291 2291 0.0 0 0 0.0 0.0 0.0 0 1
2034.8 2096 1985 0.6 1 0 0.000294504475694 0.000503524672709 0.0 4 1
2147.0 2147 2147 0.0 0 0 0.0 0.0 0.0 0 1
2018.8 2098 1931 0.7 2 0 0.000345620244773 0.000990099009901 0.0 9 1
2191.0 2265 2140 0.8 1 0 0.000366351688881 0.000467071461934 0.0 4 1
2071.0 2071 2071 0.0 0 0 0.0 0.0 0.0 0 1
1974.8 2020 1893 1.2 3 0 0.000605923867804 0.00150981378963 0.0 4 1
1994.0 1994 1994 0.0 0 0 0.0 0.0 0.0 0 1
2280.0 2280 2280 0.0 0 0 0.0 0.0 0.0 0 1
2034.0 2079 1989 0.5 1 0 0.000240384615385 0.000480769230769 0.0 1 1
2180.5 2235 2142 1.5 3 0 0.000685832107559 0.00137931034483 0.0 5 1
2171.0 2179 2163 0.0 0 0 0.0 0.0 0.0 1 1
1877.5 1891 1864 0.5 1 0 0.000264270613108 0.000528541226216 0.0 1 1
2087.0 2087 2087 0.0 0 0 0.0 0.0 0.0 0 1
2060.0 2060 2060 0.0 0 0 0.0 0.0 0.0 0 1
1993.77777778 2082 1863 1.11111111111 3 0 0.000547184568952 0.00145560407569 0.0 8 1
2008.75 2067 1944 0.5 1 0 0.000248538831198 0.000509424350484 0.0 3 1
2067.0 2067 2067 0.0 0 0 0.0 0.0 0.0 0 1
2155.0 2155 2155 0.0 0 0 0.0 0.0 0.0 0 1
2114.0 2114 2114 0.0 0 0 0.0 0.0 0.0 0 1
1988.625 2150 1921 1.5625 3 0 0.000784578825186 0.00151133501259 0.0 15 1
2044.0 2054 2034 0.5 1 0 0.000243309002433 0.000486618004866 0.0 1 1
2094.28571429 2185 2049 1.85714285714 4 0 0.000883781593712 0.00193610842207 0.0 6 1
2093.0 2093 2093 0.0 0 0 0.0 0.0 0.0 0 1
1958.0 1958 1958 0.0 0 0 0.0 0.0 0.0 0 1
2119.0 2148 2090 0.5 1 0 0.000239120038259 0.000478240076518 0.0 1 1
2092.0 2173 1996 0.75 1 0 0.000353090962142 0.000483558994197 0.0 3 1
2251.0 2251 2251 0.0 0 0 0.0 0.0 0.0 0 1
2125.33333333 2133 2120 0.666666666667 1 0 0.000313359760129 0.000471475719 0.0 2 1
2121.0 2121 2121 0.0 0 0 0.0 0.0 0.0 0 1
2171.88888889 2241 2091 0.888888888889 2 0 0.000409118670756 0.000922083909636 0.0 8 1
2082.75 2149 2042 1.5 3 0 0.000719796356412 0.00146699266504 0.0 3 1
1960.0 1960 1960 0.0 0 0 0.0 0.0 0.0 0 1
2086.0 2086 2086 0.0 0 0 0.0 0.0 0.0 0 1
2110.0 2138 2082 0.5 1 0 0.000233754090697 0.000467508181393 0.0 1 1
2068.66666667 2121 2040 0.333333333333 1 0 0.000157084511467 0.000471253534402 0.0 2 1
2098.5 2113 2084 0.0 0 0 0.0 0.0 0.0 1 1
2079.5 2126 2033 0.0 0 0 0.0 0.0 0.0 1 1
2023.25 2082 1987 1.25 2 0 0.000616647729941 0.0010055304173 0.0 7 1
2251.5 2297 2206 0.0 0 0 0.0 0.0 0.0 1 1
2059.5 2120 1972 1.5 3 0 0.000713301846385 0.00141978230005 0.0 3 1
2032.0 2108 1929 0.75 1 0 0.000373891086783 0.000518134715026 0.0 3 1
2167.0 2187 2147 1.0 2 0 0.000456829602558 0.000913659205116 0.0 1 1
2247.0 2247 2247 0.0 0 0 0.0 0.0 0.0 0 1
2112.0 2116 2108 0.5 1 0 0.000236183278224 0.000472366556448 0.0 1 1
1983.0 1983 1983 0.0 0 0 0.0 0.0 0.0 0 1
2080.0 2080 2080 0.0 0 0 0.0 0.0 0.0 0 1
2017.5 2040 1995 0.5 1 0 0.000250501002004 0.000501002004008 0.0 1 1
1956.0 1956 1956 0.0 0 0 0.0 0.0 0.0 0 1
2238.0 2263 2213 0.0 0 0 0.0 0.0 0.0 1 1
2050.0 2089 2019 1.0 2 0 0.000483843219329 0.000956480153037 0.0 2 1
2093.0 2166 2003 0.571428571429 2 0 0.000266568295291 0.000922509225092 0.0 6 1
2092.0 2092 2092 0.0 0 0 0.0 0.0 0.0 0 1
1933.5 1938 1929 0.5 1 0 0.000259067357513 0.000518134715026 0.0 1 1
1993.5 2055 1932 0.0 0 0 0.0 0.0 0.0 1 1
2041.33333333 2064 2019 1.5 3 0 0.000734430414097 0.0014800197336 0.0 5 1
2006.5 2035 1978 0.5 1 0 0.000252652854977 0.000505305709955 0.0 1 1
2086.0 2086 2086 0.0 0 0 0.0 0.0 0.0 0 1
2254.2 2284 2226 0.6 2 0 0.000269058728416 0.000897666068223 0.0 4 1
1917.58823529 2160 1778 1.17647058824 3 0 0.000604873606092 0.00158982511924 0.0 16 1
2155.0 2181 2129 0.0 0 0 0.0 0.0 0.0 1 1
1943.0 1943 1943 0.0 0 0 0.0 0.0 0.0 0 1
2261.0 2261 2261 0.0 0 0 0.0 0.0 0.0 0 1
2021.0 2021 2021 0.0 0 0 0.0 0.0 0.0 0 1
2025.55555556 2078 1967 2.11111111111 4 0 0.00104027317783 0.00201106083459 0.0 8 1
2016.0 2048 1938 0.8 1 0 0.000392847200511 0.000495785820526 0.0 4 1
2010.0 2010 2010 0.0 0 0 0.0 0.0 0.0 0 1
1904.33333333 1948 1865 0.666666666667 1 0 0.000349663104411 0.0005359056806 0.0 2 1
2048.0 2048 2048 0.0 0 0 0.0 0.0 0.0 0 1
2091.5 2136 2047 0.0 0 0 0.0 0.0 0.0 1 1
2009.0 2009 2009 0.0 0 0 0.0 0.0 0.0 0 1
2114.8 2216 2044 0.6 1 0 0.000281382190804 0.000488997555012 0.0 4 1
2087.0 2087 2087 0.0 0 0 0.0 0.0 0.0 0 1
2125.0 2125 2125 0.0 0 0 0.0 0.0 0.0 0 1
2094.0 2094 2094 0.0 0 0 0.0 0.0 0.0 0 1
2193.0 2193 2193 0.0 0 0 0.0 0.0 0.0 0 1
2082.0 2082 2082 0.0 0 0 0.0 0.0 0.0 0 1
2004.0 2076 1963 0.6 1 0 0.000301292250943 0.00050916496945 0.0 4 1
1951.5 1960 1943 0.5 1 0 0.000254971953085 0.00050994390617 0.0 1 1
2161.0 2161 2161 0.0 0 0 0.0 0.0 0.0 0 1
1980.33333333 2054 1924 1.0 2 0 0.000493975871788 0.000972762645914 0.0 2 1
2123.0 2166 2080 0.5 1 0 0.000230733733272 0.000461467466544 0.0 1 1
1987.91666667 2067 1927 2.75 4 0 0.00138414612249 0.00206825232678 0.0 11 1
2198.0 2198 2198 0.0 0 0 0.0 0.0 0.0 0 1
2253.0 2253 2253 0.0 0 0 0.0 0.0 0.0 0 1
2073.0 2077 2069 0.5 1 0 0.00024154589372 0.00048309178744 0.0 1 1
1836.33333333 1881 1787 1.0 2 0 0.000553610383315 0.00111794298491 0.0 2 1
1997.5 2043 1952 0.0 0 0 0.0 0.0 0.0 1 1
2187.0 2188 2186 0.0 0 0 0.0 0.0 0.0 1 1
2109.71428571 2280 1933 2.42857142857 6 0 0.00114699483041 0.00284629981025 0.0 13 1
2195.5 2312 2102 1.66666666667 4 0 0.000742423253188 0.00182648401826 0.0 5 1
1986.125 2079 1922 0.625 2 0 0.000310826251553 0.001001001001 0.0 7 1
2134.0 2176 2094 1.25 2 0 0.000580966210815 0.000937207122774 0.0 3 1
2016.0 2016 2016 0.0 0 0 0.0 0.0 0.0 0 1
2102.8 2134 2083 1.0 2 0 0.000474225629567 0.000948766603416 0.0 4 1
1972.75 2019 1944 1.0 2 0 0.000504991732516 0.00101471334348 0.0 3 1
2040.0 2072 1982 1.33333333333 2 0 0.000655868144071 0.00100806451613 0.0 5 1
2145.0 2145 2145 0.0 0 0 0.0 0.0 0.0 0 1
2039.75 2080 1994 0.875 3 0 0.00042879267594 0.00146341463415 0.0 7 1
2119.25 2149 2073 0.75 1 0 0.000351205999049 0.000474158368895 0.0 3 1
2303.0 2341 2232 0.0 0 0 0.0 0.0 0.0 2 1
2212.0 2212 2212 0.0 0 0 0.0 0.0 0.0 0 1
1794.0 1794 1794 0.0 0 0 0.0 0.0 0.0 0 1
2053.0 2053 2053 0.0 0 0 0.0 0.0 0.0 0 1
2060.83333333 2125 2032 0.5 1 0 0.000243373662948 0.000491883915396 0.0 5 1
2126.0 2126 2126 0.0 0 0 0.0 0.0 0.0 0 1
2344.5 2368 2321 0.5 1 0 0.00021533161068 0.000430663221361 0.0 1 1
1910.0625 2041 1838 2.5625 7 0 0.00134957433563 0.00377969762419 0.0 15 1
2077.0 2077 2077 0.0 0 0 0.0 0.0 0.0 0 1
2062.0 2062 2062 0.0 0 0 0.0 0.0 0.0 0 1
2135.0 2135 2135 0.0 0 0 0.0 0.0 0.0 0 1
2068.0 2068 2068 0.0 0 0 0.0 0.0 0.0 0 1
1982.0 1982 1982 0.0 0 0 0.0 0.0 0.0 0 1
1948.5 1964 1930 0.75 2 0 0.000386090414205 0.00103519668737 0.0 3 1
1923.0 1923 1923 0.0 0 0 0.0 0.0 0.0 0 1
2073.0 2074 2072 0.0 0 0 0.0 0.0 0.0 1 1
2080.5 2094 2067 0.5 1 0 0.000241779497099 0.000483558994197 0.0 1 1
2065.0 2065 2065 0.0 0 0 0.0 0.0 0.0 0 1
2190.83333333 2243 2052 0.666666666667 1 0 0.000301194129209 0.000454752160073 0.0 5 1
1945.5 1957 1934 0.0 0 0 0.0 0.0 0.0 1 1
2040.0 2040 2040 0.0 0 0 0.0 0.0 0.0 0 1
2128.5 2136 2121 0.5 1 0 0.000233972859148 0.000467945718297 0.0 1 1
2166.5 2171 2162 0.5 1 0 0.000230202578269 0.000460405156538 0.0 1 1
2043.5 2050 2037 0.5 1 0 0.000243783520234 0.000487567040468 0.0 1 1
2177.0 2190 2164 0.0 0 0 0.0 0.0 0.0 1 1
1938.0 1938 1938 0.0 0 0 0.0 0.0 0.0 0 1
2167.0 2167 2167 0.0 0 0 0.0 0.0 0.0 0 1
2189.5 2228 2151 0.5 1 0 0.000224315836698 0.000448631673396 0.0 1 1
2012.5 2017 2008 0.0 0 0 0.0 0.0 0.0 1 1
2101.0 2101 2101 0.0 0 0 0.0 0.0 0.0 0 1
1997.5 2040 1955 1.0 2 0 0.00048971596474 0.000979431929481 0.0 1 1
1990.25 2027 1957 1.25 2 0 0.000624017197449 0.00101061141991 0.0 3 1
1995.0 1995 1995 0.0 0 0 0.0 0.0 0.0 0 1
2120.33333333 2239 2056 0.833333333333 2 0 0.000384140344847 0.000936329588015 0.0 5 1
2017.0 2040 1980 1.33333333333 2 0 0.000654399920091 0.000983767830792 0.0 2 1
2049.5 2114 2016 0.25 1 0 0.00012370113805 0.000494804552202 0.0 3 1
1993.0 1993 1993 0.0 0 0 0.0 0.0 0.0 0 1
1943.5 1965 1922 1.0 2 0 0.000519750519751 0.0010395010395 0.0 1 1
2075.5 2133 2024 1.0 2 0 0.000476753162992 0.000936768149883 0.0 3 1
2054.5 2115 1994 0.5 1 0 0.00023629489603 0.00047258979206 0.0 1 1
1979.16666667 2010 1927 1.16666666667 2 0 0.000585193799827 0.0010055304173 0.0 5 1
1936.0 1936 1936 0.0 0 0 0.0 0.0 0.0 0 1
2067.0 2067 2067 0.0 0 0 0.0 0.0 0.0 0 1
2055.0 2066 2044 0.0 0 0 0.0 0.0 0.0 1 1
2006.0 2006 2006 0.0 0 0 0.0 0.0 0.0 0 1
2125.5 2128 2123 0.5 1 0 0.000234852043213 0.000469704086426 0.0 1 1
2135.0 2135 2135 0.0 0 0 0.0 0.0 0.0 0 1
1880.17391304 2054 1795 1.26086956522 4 0 0.000671155324718 0.00220872446162 0.0 22 1
2207.0 2207 2207 0.0 0 0 0.0 0.0 0.0 0 1
2211.5 2224 2199 0.5 1 0 0.000224719101124 0.000449438202247 0.0 1 1
2075.0 2088 2065 0.666666666667 1 0 0.00032036353641 0.000482392667631 0.0 2 1
2018.0 2090 1942 1.5 4 0 0.00073285276105 0.00194741966894 0.0 5 1
2038.5 2056 2021 0.5 1 0 0.000243072435586 0.000486144871172 0.0 1 1
2179.0 2179 2179 0.0 0 0 0.0 0.0 0.0 0 1
2213.5 2217 2210 0.5 1 0 0.000225428313796 0.000450856627592 0.0 1 1
1974.4 2026 1920 1.6 3 0 0.000800945576688 0.00147856086742 0.0 4 1
2203.0 2203 2203 0.0 0 0 0.0 0.0 0.0 0 1
1996.0 1996 1996 0.0 0 0 0.0 0.0 0.0 0 1
2087.0 2087 2087 0.0 0 0 0.0 0.0 0.0 0 1
2051.0 2051 2051 0.0 0 0 0.0 0.0 0.0 0 1
2025.0 2025 2025 0.0 0 0 0.0 0.0 0.0 0 1
2110.0 2124 2082 0.666666666667 1 0 0.000313725490196 0.000470588235294 0.0 2 1
1867.5 1885 1850 0.5 1 0 0.000270124257158 0.000540248514317 0.0 1 1
2019.5 2022 2017 1.0 2 0 0.000495294700347 0.000990589400693 0.0 1 1
2071.33333333 2094 2054 0.666666666667 1 0 0.000320373301866 0.000483792936623 0.0 2 1
1894.0 1894 1894 0.0 0 0 0.0 0.0 0.0 0 1
1980.45454545 2014 1943 1.18181818182 4 0 0.000594913613607 0.00202224469161 0.0 10 1
1976.0 1976 1976 0.0 0 0 0.0 0.0 0.0 0 1
1985.55555556 2072 1888 1.44444444444 4 0 0.000724202125815 0.00199900049975 0.0 8 1
1961.0 1961 1961 0.0 0 0 0.0 0.0 0.0 0 1
2029.33333333 2055 1994 0.0 0 0 0.0 0.0 0.0 2 1
2100.0 2100 2100 0.0 0 0 0.0 0.0 0.0 0 1
2218.25 2305 2167 0.0 0 0 0.0 0.0 0.0 3 1
1975.5 2070 1902 2.0 4 0 0.00100724415298 0.00204185809086 0.0 11 1
2015.0 2015 2015 0.0 0 0 0.0 0.0 0.0 0 1
2155.5 2198 2113 0.0 0 0 0.0 0.0 0.0 1 1
2008.0 2008 2008 0.0 0 0 0.0 0.0 0.0 0 1
2030.0 2030 2030 0.0 0 0 0.0 0.0 0.0 0 1
2260.0 2260 2260 0.0 0 0 0.0 0.0 0.0 0 1
2138.5 2163 2114 0.5 1 0 0.000231053604436 0.000462107208872 0.0 1 1
2147.57142857 2246 2085 1.0 3 0 0.000455072396577 0.00136861313869 0.0 6 1
2301.5 2302 2301 0.5 1 0 0.000217108119844 0.000434216239687 0.0 1 1
2097.0 2127 2067 0.0 0 0 0.0 0.0 0.0 1 1
1980.0 1980 1980 0.0 0 0 0.0 0.0 0.0 0 1
2046.25 2082 2017 0.75 2 0 0.000362737649674 0.000970873786408 0.0 3 1
2092.0 2092 2092 0.0 0 0 0.0 0.0 0.0 0 1
2058.0 2058 2058 0.0 0 0 0.0 0.0 0.0 0 1
2105.5 2110 2101 1.0 2 0 0.000473484848485 0.00094696969697 0.0 1 1
2159.66666667 2242 2114 0.0 0 0 0.0 0.0 0.0 2 1
2106.71428571 2150 2048 1.57142857143 4 0 0.000742826436308 0.0018779342723 0.0 6 1
2007.33333333 2042 1970 0.666666666667 1 0 0.000331895311646 0.00050735667174 0.0 5 1
2007.0 2007 2007 0.0 0 0 0.0 0.0 0.0 0 1
2217.75 2324 2083 0.5 1 0 0.000216744880847 0.000436871996505 0.0 3 1
2190.0 2246 2125 1.25 2 0 0.000566369079118 0.00092936802974 0.0 3 1
1971.0 2008 1934 0.5 1 0 0.000248880039821 0.000497760079642 0.0 1 1
2020.75 2050 2001 0.75 1 0 0.000369793445037 0.000498753117207 0.0 3 1
1976.75 2088 1886 1.0 3 0 0.00051033090011 0.00157232704403 0.0 7 1
2102.0 2102 2102 0.0 0 0 0.0 0.0 0.0 0 1
2036.5 2080 2002 0.75 1 0 0.000368955268033 0.000499251123315 0.0 3 1
2252.33333333 2275 2233 0.666666666667 1 0 0.000294603918506 0.000444444444444 0.0 2 1
1883.6 1993 1776 1.9 3 0 0.00100457458554 0.00168634064081 0.0 19 1
1989.0 2038 1940 0.5 1 0 0.000257599175683 0.000515198351365 0.0 1 1
2031.0 2102 1950 1.5 4 0 0.000740871843109 0.00200501253133 0.0 5 1
2297.0 2297 2297 0.0 0 0 0.0 0.0 0.0 0 1
2023.625 2083 1937 2.25 4 0 0.00110429534133 0.00191662673694 0.0 7 1
2001.0 2001 2001 0.0 0 0 0.0 0.0 0.0 0 1
1885.0 1885 1885 0.0 0 0 0.0 0.0 0.0 0 1
1984.25 2024 1942 0.75 1 0 0.000376563819813 0.000514668039115 0.0 3 1
2165.5 2169 2162 0.0 0 0 0.0 0.0 0.0 1 1
2091.0 2091 2091 0.0 0 0 0.0 0.0 0.0 0 1
1949.44444444 2054 1736 1.0 3 0 0.00051480212848 0.00154958677686 0.0 8 1
1945.16666667 2055 1859 2.83333333333 5 0 0.00144928492965 0.00257599175683 0.0 11 1
2012.0 2012 2012 0.0 0 0 0.0 0.0 0.0 0 1
2045.25 2061 2026 0.0 0 0 0.0 0.0 0.0 3 1
1942.66666667 1957 1934 1.0 2 0 0.000512308305821 0.00102092904543 0.0 2 1
2055.66666667 2061 2046 0.666666666667 1 0 0.000324495279143 0.000488519785051 0.0 2 1
2149.0 2149 2149 0.0 0 0 0.0 0.0 0.0 0 1
1974.0 1974 1974 0.0 0 0 0.0 0.0 0.0 0 1
2108.0 2108 2108 0.0 0 0 0.0 0.0 0.0 0 1
2028.27272727 2141 1927 0.636363636364 2 0 0.000317737596493 0.00101884870097 0.0 10 1
2312.0 2312 2312 0.0 0 0 0.0 0.0 0.0 0 1
2252.0 2252 2252 0.0 0 0 0.0 0.0 0.0 0 1
2027.25 2188 1923 0.625 2 0 0.000316107225313 0.00103145951521 0.0 7 1
2003.5 2055 1952 0.0 0 0 0.0 0.0 0.0 1 1
2094.66666667 2142 2046 0.333333333333 1 0 0.00016283992835 0.000488519785051 0.0 2 1
2261.0 2261 2261 0.0 0 0 0.0 0.0 0.0 0 1
2032.0 2053 2011 1.0 2 0 0.000496770988574 0.000993541977149 0.0 1 1
2112.25 2152 2038 0.5 1 0 0.000240145558414 0.000490436488475 0.0 3 1
2021.0 2021 2021 0.0 0 0 0.0 0.0 0.0 0 1
2047.0 2047 2047 0.0 0 0 0.0 0.0 0.0 0 1
2011.71428571 2045 1990 0.571428571429 2 0 0.000282599434393 0.000999000999001 0.0 6 1
2100.0 2116 2084 0.0 0 0 0.0 0.0 0.0 1 1
1930.66666667 2029 1862 1.16666666667 2 0 0.000595263504607 0.00100401606426 0.0 5 1
2247.0 2293 2210 0.25 1 0 0.00010897994769 0.000435919790759 0.0 3 1
2094.0 2114 2074 0.5 1 0 0.000240963855422 0.000481927710843 0.0 1 1
1928.2 1982 1861 0.8 1 0 0.000413710588921 0.000537056928034 0.0 4 1
1965.0 1965 1965 0.0 0 0 0.0 0.0 0.0 0 1
2068.0 2068 2068 0.0 0 0 0.0 0.0 0.0 0 1
2035.0 2060 2010 0.5 1 0 0.000242600679282 0.000485201358564 0.0 1 1
2185.0 2185 2185 0.0 0 0 0.0 0.0 0.0 0 1
1939.0 1939 1939 0.0 0 0 0.0 0.0 0.0 0 1
1954.0 1954 1954 0.0 0 0 0.0 0.0 0.0 0 1
1925.0 1925 1925 0.0 0 0 0.0 0.0 0.0 0 1
1934.57142857 2033 1879 1.57142857143 2 0 0.000809784473473 0.00106326422116 0.0 6 1
1986.5 2008 1965 0.0 0 0 0.0 0.0 0.0 1 1
1831.55555556 1992 1734 3.38888888889 7 0 0.00186215615388 0.00386526780784 0.0 17 1
2186.5 2223 2150 0.5 1 0 0.000224820143885 0.00044964028777 0.0 1 1
2062.5 2080 2045 0.0 0 0 0.0 0.0 0.0 1 1
2047.66666667 2090 1995 0.0 0 0 0.0 0.0 0.0 2 1
1956.0 1956 1956 0.0 0 0 0.0 0.0 0.0 0 1
2150.0 2150 2150 0.0 0 0 0.0 0.0 0.0 0 1
2078.7 2170 1913 1.4 3 0 0.000660097858645 0.00141911069063 0.0 9 1
2092.25 2120 2064 0.5 1 0 0.000238834501324 0.000477783086479 0.0 3 1
2248.0 2286 2210 1.0 2 0 0.000452079566004 0.000904159132007 0.0 1 1
1916.5 1950 1862 0.5 1 0 0.000257204980991 0.000516262261229 0.0 3 1
1995.0 1995 1995 0.0 0 0 0.0 0.0 0.0 0 1
2103.0 2103 2103 0.0 0 0 0.0 0.0 0.0 0 1
2094.75 2113 2068 0.5 1 0 0.000237137017848 0.000475511174513 0.0 3 1
1901.4 2011 1839 0.6 1 0 0.00031332714261 0.000539956803456 0.0 4 1
1835.25 1872 1776 0.375 1 0 0.000206944490676 0.000562746201463 0.0 7 1
2081.0 2081 2081 0.0 0 0 0.0 0.0 0.0 0 1
1930.66666667 1994 1897 0.666666666667 2 0 0.000334001336005 0.00100200400802 0.0 2 1
2108.33333333 2166 2075 0.666666666667 1 0 0.000320437291785 0.000481695568401 0.0 2 1
1981.0 1981 1981 0.0 0 0 0.0 0.0 0.0 0 1
1924.0 1963 1892 1.0 2 0 0.000520082382474 0.00105596620908 0.0 3 1
2006.0 2103 1907 0.857142857143 2 0 0.000419403662431 0.000973709834469 0.0 6 1
1999.0 2011 1987 0.5 1 0 0.000251509054326 0.000503018108652 0.0 1 1
2092.0 2092 2092 0.0 0 0 0.0 0.0 0.0 0 1
1981.6 2031 1954 1.0 3 0 0.00050349349292 0.00151591712986 0.0 4 1
1858.0 1858 1858 0.0 0 0 0.0 0.0 0.0 0 1
2053.0 2119 1987 0.5 1 0 0.000235849056604 0.000471698113208 0.0 1 1
2137.66666667 2159 2112 0.666666666667 1 0 0.000312074576548 0.000473260766682 0.0 2 1
2018.0 2018 2018 0.0 0 0 0.0 0.0 0.0 0 1
2002.25 2032 1988 1.5 2 0 0.00074669760763 0.00100200400802 0.0 3 1
2170.0 2194 2146 0.5 1 0 0.000227790432802 0.000455580865604 0.0 1 1
2075.0 2075 2075 0.0 0 0 0.0 0.0 0.0 0 1
2082.33333333 2115 2031 1.0 2 0 0.000478953032383 0.000944733112896 0.0 2 1
2006.33333333 2025 1988 0.333333333333 1 0 0.000164527805199 0.000493583415597 0.0 2 1
1909.0 1909 1909 0.0 0 0 0.0 0.0 0.0 0 1
2123.5 2135 2112 0.5 1 0 0.000234082397004 0.000468164794007 0.0 1 1
1914.0 2016 1818 1.85714285714 5 0 0.000967337154374 0.00262881177708 0.0 13 1
2115.0 2115 2115 0.0 0 0 0.0 0.0 0.0 0 1
2370.0 2370 2370 0.0 0 0 0.0 0.0 0.0 0 1
2235.0 2254 2216 0.5 1 0 0.000225529995489 0.000451059990979 0.0 1 1
2146.0 2146 2146 0.0 0 0 0.0 0.0 0.0 0 1
2024.0 2024 2024 0.0 0 0 0.0 0.0 0.0 0 1
1929.0 1937 1921 0.5 1 0 0.000260145681582 0.000520291363163 0.0 1 1
2157.0 2157 2157 0.0 0 0 0.0 0.0 0.0 0 1
2131.0 2131 2131 0.0 0 0 0.0 0.0 0.0 0 1
1985.0 1990 1980 1.0 2 0 0.000502008032129 0.00100401606426 0.0 1 1
2143.71428571 2229 1998 2.0 5 0 0.000924213213206 0.00231053604436 0.0 6 1
2030.0 2030 2030 0.0 0 0 0.0 0.0 0.0 0 1
2092.8 2127 2062 0.6 1 0 0.000285715860991 0.000484496124031 0.0 4 1
2026.5 2032 2021 0.0 0 0 0.0 0.0 0.0 1 1
2028.33333333 2065 2009 0.666666666667 2 0 0.000326117955681 0.000967585873246 0.0 5 1
1976.75 2042 1896 0.875 2 0 0.000436955890987 0.000984736582964 0.0 7 1
2046.0 2046 2046 0.0 0 0 0.0 0.0 0.0 0 1
2123.5 2143 2104 0.0 0 0 0.0 0.0 0.0 1 1
2185.0 2228 2142 0.0 0 0 0.0 0.0 0.0 1 1
2138.5 2214 2089 0.25 1 0 0.00011961722488 0.000478468899522 0.0 3 1
2106.5 2119 2094 0.0 0 0 0.0 0.0 0.0 1 1
2051.75 2080 2025 1.25 2 0 0.000608478155183 0.000986679822398 0.0 3 1
2034.0 2034 2034 0.0 0 0 0.0 0.0 0.0 0 1
1990.6 2032 1963 0.6 1 0 0.000301732619609 0.00050916496945 0.0 4 1
2087.0 2140 2034 0.0 0 0 0.0 0.0 0.0 1 1
2154.66666667 2175 2134 0.333333333333 1 0 0.00015318627451 0.000459558823529 0.0 2 1
1979.0 1979 1979 0.0 0 0 0.0 0.0 0.0 0 1
2164.0 2164 2164 0.0 0 0 0.0 0.0 0.0 0 1
2053.0 2053 2053 0.0 0 0 0.0 0.0 0.0 0 1
2170.5 2185 2156 1.0 2 0 0.000463392029657 0.000926784059314 0.0 1 1
1991.0 2023 1957 0.5 2 0 0.000252908447142 0.00101163378857 0.0 3 1
1880.8 2078 1786 0.9 2 0 0.000489184974512 0.00108695652174 0.0 9 1
1990.0 2022 1958 0.5 1 0 0.000247157686604 0.000494315373208 0.0 1 1
2020.5 2038 2003 0.5 1 0 0.000249500998004 0.000499001996008 0.0 1 1
2146.0 2171 2109 1.0 2 0 0.000461187986433 0.000920386562356 0.0 2 1
2240.0 2240 2240 0.0 0 0 0.0 0.0 0.0 0 1
2184.0 2184 2184 0.0 0 0 0.0 0.0 0.0 0 1
2053.0 2080 2020 0.25 1 0 0.000122729504173 0.000490918016691 0.0 3 1
2019.0 2021 2017 0.5 1 0 0.000247770069376 0.000495540138751 0.0 1 1
2160.33333333 2171 2143 0.333333333333 1 0 0.000153751537515 0.000461254612546 0.0 2 1
2249.0 2249 2249 0.0 0 0 0.0 0.0 0.0 0 1
2247.0 2247 2247 0.0 0 0 0.0 0.0 0.0 0 1
2053.0 2053 2053 0.0 0 0 0.0 0.0 0.0 0 1
2055.5 2112 1982 2.25 6 0 0.00108689424706 0.00294117647059 0.0 15 1
2081.0 2125 2044 1.0 3 0 0.000474860683096 0.00141843971631 0.0 7 1
1990.92857143 2107 1892 0.928571428571 3 0 0.000463554641743 0.00142180094787 0.0 13 1
2102.0 2102 2102 0.0 0 0 0.0 0.0 0.0 0 1
1923.0 1923 1923 0.5 1 0 0.000259875259875 0.000519750519751 0.0 1 1
1994.0 1994 1994 0.0 0 0 0.0 0.0 0.0 0 1
2186.0 2186 2186 0.0 0 0 0.0 0.0 0.0 0 1
2042.0 2042 2042 0.0 0 0 0.0 0.0 0.0 0 1
2097.0 2137 2024 1.0 2 0 0.000484964559572 0.000987166831194 0.0 2 1
2054.0 2054 2054 0.0 0 0 0.0 0.0 0.0 0 1
2135.0 2188 2082 0.5 1 0 0.000228414801279 0.000456829602558 0.0 1 1
2137.0 2137 2137 0.0 0 0 0.0 0.0 0.0 0 1
2076.0 2076 2076 0.0 0 0 0.0 0.0 0.0 0 1
2014.0 2014 2014 0.0 0 0 0.0 0.0 0.0 0 1
2218.0 2218 2218 0.0 0 0 0.0 0.0 0.0 0 1
2098.0 2098 2098 0.0 0 0 0.0 0.0 0.0 0 1
2042.5 2064 2003 0.75 1 0 0.000367175097606 0.000499001996008 0.0 3 1
2175.0 2207 2143 0.5 1 0 0.000226449275362 0.000452898550725 0.0 1 1
1996.0 1996 1996 0.0 0 0 0.0 0.0 0.0 0 1
2104.5 2210 2044 0.75 2 0 0.000352866147482 0.000935891436593 0.0 7 1
2055.0 2055 2055 0.0 0 0 0.0 0.0 0.0 0 1
2124.0 2124 2124 0.0 0 0 0.0 0.0 0.0 0 1
2182.33333333 2246 2133 0.666666666667 1 0 0.000304547129867 0.000468603561387 0.0 2 1
1981.0 2021 1940 1.0 2 0 0.000501787489858 0.000993048659384 0.0 5 1
2184.0 2184 2184 0.0 0 0 0.0 0.0 0.0 0 1
2173.0 2173 2173 0.0 0 0 0.0 0.0 0.0 0 1
2032.0 2032 2032 0.0 0 0 0.0 0.0 0.0 0 1
2208.33333333 2257 2152 0.0 0 0 0.0 0.0 0.0 2 1
1899.9 1943 1827 0.9 2 0 0.00047140980929 0.00103788271925 0.0 9 1
2167.0 2167 2167 0.0 0 0 0.0 0.0 0.0 0 1
2093.0 2093 2093 0.0 0 0 0.0 0.0 0.0 0 1
2101.0 2101 2101 0.0 0 0 0.0 0.0 0.0 0 1
2030.0 2030 2030 0.0 0 0 0.0 0.0 0.0 0 1
2244.0 2244 2244 0.0 0 0 0.0 0.0 0.0 0 1
1985.0 1985 1985 0.0 0 0 0.0 0.0 0.0 0 1
2155.0 2155 2155 0.0 0 0 0.0 0.0 0.0 0 1
2246.0 2246 2246 0.0 0 0 0.0 0.0 0.0 0 1
2115.0 2149 2081 0.5 1 0 0.000232558139535 0.00046511627907 0.0 1 1
2001.0 2038 1964 0.5 1 0 0.000245218244237 0.000490436488475 0.0 1 1
2004.0 2004 2004 0.0 0 0 0.0 0.0 0.0 0 1
2173.5 2234 2113 0.5 1 0 0.000223713646532 0.000447427293065 0.0 1 1
1999.33333333 2115 1801 1.0 4 0 0.000483120846158 0.00195407914021 0.0 8 1
1974.75 2037 1884 0.5 1 0 0.000247982566819 0.000501253132832 0.0 3 1
2134.0 2134 2134 0.0 0 0 0.0 0.0 0.0 0 1
1987.75 2054 1940 0.5 1 0 0.000246032610669 0.000497512437811 0.0 3 1
1983.0 1983 1983 0.0 0 0 0.0 0.0 0.0 0 1
2086.0 2086 2086 0.0 0 0 0.0 0.0 0.0 0 1
2062.5 2080 2045 0.5 1 0 0.000244379276637 0.000488758553275 0.0 1 1
1955.0 1955 1955 0.0 0 0 0.0 0.0 0.0 0 1
2080.0 2092 2068 0.5 1 0 0.000238891543239 0.000477783086479 0.0 1 1
2042.5 2079 2006 0.5 1 0 0.000249128051819 0.000498256103637 0.0 1 1
2206.0 2206 2206 0.0 0 0 0.0 0.0 0.0 0 1
2104.0 2104 2104 0.0 0 0 0.0 0.0 0.0 0 1
2183.0 2225 2141 0.5 1 0 0.000224618149146 0.000449236298293 0.0 1 1
1889.0 1889 1889 0.0 0 0 0.0 0.0 0.0 0 1
1974.0 2041 1907 0.5 1 0 0.00024485798237 0.00048971596474 0.0 1 1
2216.0 2216 2216 0.0 0 0 0.0 0.0 0.0 0 1
2073.0 2073 2073 0.0 0 0 0.0 0.0 0.0 0 1
2032.0 2032 2032 0.0 0 0 0.0 0.0 0.0 0 1
2073.0 2073 2073 0.0 0 0 0.0 0.0 0.0 0 1
