881.126436782 1980 277 153.091954023 666 0 0.157621466244 0.576419213974 0.0 86 1
1793.05128205 2137 1591 31.5897435897 116 0 0.0163154185959 0.0577689243028 0.0 38 1
1951.0 1951 1951 0.0 0 0 0.0 0.0 0.0 0 1
1886.23636364 2356 1617 21.6727272727 106 0 0.010923358936 0.0533736153072 0.0 54 1
2021.0 2021 2021 0.0 0 0 0.0 0.0 0.0 0 1
2024.0 2063 1985 0.0 0 0 0.0 0.0 0.0 1 1
1908.0 1908 1908 0.0 0 0 0.0 0.0 0.0 0 1
1094.11392405 2240 768 128.126582278 450 0 0.0877255942686 0.302148302148 0.0 78 1
888.572916667 2079 485 114.333333333 449 0 0.105534183993 0.3025606469 0.0 95 1
2178.42857143 2288 2029 0.857142857143 2 0 0.00038413940106 0.000914913083257 0.0 6 1
1980.0 1980 1980 0.0 0 0 0.0 0.0 0.0 0 1
2028.66666667 2033 2026 0.666666666667 2 0 0.0003276003276 0.000982800982801 0.0 2 1
1208.76785714 1964 853 154.160714286 483 0 0.107445470521 0.317518248175 0.0 55 1
2040.0 2040 2040 0.0 0 0 0.0 0.0 0.0 0 1
992.348684211 1940 425 92.8552631579 433 0 0.0980568477486 0.454831932773 0.0 151 1
1991.0 2013 1969 0.5 1 0 0.000248262164846 0.000496524329692 0.0 1 1
2096.0 2096 2096 0.0 0 0 0.0 0.0 0.0 0 1
2211.25 2271 2182 0.0 0 0 0.0 0.0 0.0 3 1
1928.0 2014 1882 0.25 1 0 0.000127651537354 0.000524934383202 0.0 7 1
975.76 2024 698 118.88 385 0 0.0921201405012 0.289691497366 0.0 74 1
2119.0 2119 2119 0.0 0 0 0.0 0.0 0.0 0 1
2280.0 2322 2243 0.333333333333 1 0 0.000146455770357 0.000439367311072 0.0 2 1
1617.06382979 2050 1380 72.9361702128 208 0 0.0420544337729 0.119608970673 0.0 46 1
1944.0 2001 1890 1.09090909091 4 0 0.000564380616842 0.00206504904491 0.0 10 1
2096.375 2174 2044 0.875 2 0 0.000413966002677 0.000958313368471 0.0 7 1
1884.0 1884 1884 0.0 0 0 0.0 0.0 0.0 0 1
2024.66666667 2144 1961 1.0 2 0 0.000493253596702 0.0010101010101 0.0 5 1
2176.0 2176 2176 0.0 0 0 0.0 0.0 0.0 0 1
2178.0 2210 2146 0.0 0 0 0.0 0.0 0.0 1 1
2169.0 2169 2169 0.0 0 0 0.0 0.0 0.0 0 1
2132.4 2157 2098 0.6 1 0 0.000280814781147 0.000470366886171 0.0 4 1
1972.2 1995 1948 0.8 1 0 0.000406644139178 0.000513083632632 0.0 4 1
847.290697674 2151 408 141.372093023 620 0 0.122279156084 0.350672121566 0.0 85 1
1923.0 1940 1906 0.0 0 0 0.0 0.0 0.0 1 1
2187.0 2265 2148 0.0 0 0 0.0 0.0 0.0 2 1
1522.43283582 2014 1335 54.2686567164 171 0 0.0320350692579 0.10303030303 0.0 66 1
2033.0 2112 1965 1.25 3 0 0.000606213610673 0.00144857556736 0.0 3 1
2015.5 2053 1978 0.5 1 0 0.000252652854977 0.000505305709955 0.0 1 1
1019.48 2222 608 127.906666667 572 0 0.101791911668 0.358638743455 0.0 74 1
2009.0 2041 1977 1.0 2 0 0.000489476260401 0.000978952520803 0.0 1 1
2171.5 2201 2142 0.0 0 0 0.0 0.0 0.0 1 1
2032.66666667 2100 2002 1.0 3 0 0.000493181376278 0.00149625935162 0.0 8 1
2009.0 2012 2006 0.5 1 0 0.000249128051819 0.000498256103637 0.0 1 1
2173.0 2214 2132 1.0 2 0 0.000451263537906 0.000902527075812 0.0 1 1
1958.0 1958 1958 0.0 0 0 0.0 0.0 0.0 0 1
2052.0 2052 2052 0.0 0 0 0.0 0.0 0.0 0 1
1942.46153846 2015 1845 1.23076923077 3 0 0.000631188702897 0.00155359917141 0.0 12 1
1053.69047619 2118 721 128.833333333 613 0 0.0956135445489 0.342693409742 0.0 83 1
2239.0 2239 2239 0.0 0 0 0.0 0.0 0.0 0 1
2164.66666667 2211 2107 0.333333333333 1 0 0.000153115908743 0.000459347726229 0.0 2 1
2088.0 2088 2088 0.0 0 0 0.0 0.0 0.0 0 1
2044.0 2044 2044 0.0 0 0 0.0 0.0 0.0 0 1
2138.0 2138 2138 0.0 0 0 0.0 0.0 0.0 0 1
1087.4 1996 761 106.588235294 471 0 0.0790240657444 0.346069066863 0.0 84 1
2085.0 2090 2080 0.5 1 0 0.000239120038259 0.000478240076518 0.0 1 1
2112.0 2164 2058 0.0 0 0 0.0 0.0 0.0 2 1
1073.47826087 1966 838 138.057971014 521 0 0.0943303289242 0.318042813456 0.0 68 1
2255.2 2347 2157 0.2 1 0 8.51788756388e-05 0.000425894378194 0.0 4 1
2093.8 2165 2021 0.6 2 0 0.000277696856264 0.000922934933087 0.0 4 1
2282.0 2282 2282 0.0 0 0 0.0 0.0 0.0 0 1
1235.68674699 1957 625 126.096385542 316 0 0.0981995684663 0.274240940255 0.0 82 1
1542.21276596 2013 1387 76.2553191489 215 0 0.0444919140093 0.119977678571 0.0 46 1
2074.0 2074 2074 0.0 0 0 0.0 0.0 0.0 0 1
1971.5 1986 1957 0.5 1 0 0.000255362614913 0.000510725229826 0.0 1 1
2153.66666667 2204 2121 0.333333333333 1 0 0.000157084511467 0.000471253534402 0.0 2 1
2069.0 2069 2069 0.0 0 0 0.0 0.0 0.0 0 1
1838.0 1944 1775 1.92307692308 3 0 0.0010468290833 0.00167224080268 0.0 12 1
1831.69047619 2132 1713 28.8571428571 130 0 0.0151693100076 0.0669412976313 0.0 41 1
2070.5 2079 2062 0.5 1 0 0.000242365487155 0.000484730974309 0.0 1 1
2086.0 2086 2086 0.0 0 0 0.0 0.0 0.0 0 1
930.14893617 1943 569 94.6170212766 338 0 0.0806646240117 0.261645962733 0.0 93 1
1951.25 1978 1905 0.75 1 0 0.000384652920151 0.000524658971668 0.0 3 1
1988.0 1988 1988 0.0 0 0 0.0 0.0 0.0 0 1
880.448979592 2054 416 116.755102041 328 0 0.120032335743 0.314516129032 0.0 97 1
1708.35294118 2001 1557 37.0588235294 115 0 0.0211464119443 0.0639599555061 0.0 33 1
1971.0 2010 1926 0.6 2 0 0.00030301534942 0.00101781170483 0.0 4 1
1851.5 2082 1729 40.75 126 0 0.0207022524041 0.0631578947368 0.0 31 1
2167.0 2167 2167 0.0 0 0 0.0 0.0 0.0 0 1
1620.25925926 2013 1349 72.1111111111 209 0 0.0389962783322 0.110756123536 0.0 53 1
2162.42857143 2255 2105 1.14285714286 2 0 0.000522540309653 0.000900900900901 0.0 6 1
2055.25 2105 2001 2.75 5 0 0.00132429677557 0.002408477842 0.0 3 1
2025.0 2038 2012 1.0 2 0 0.000496524329692 0.000993048659384 0.0 1 1
1570.12244898 2050 1328 62.3265306122 155 0 0.0363513787775 0.0845608292417 0.0 48 1
1966.75 1989 1942 1.0 2 0 0.000509918872364 0.00102249488753 0.0 3 1
2088.0 2157 2051 0.666666666667 1 0 0.000316907154785 0.000487329434698 0.0 2 1
1814.03921569 2100 1681 21.5098039216 104 0 0.0116661748829 0.0547080483956 0.0 50 1
848.369047619 2081 383 150.571428571 396 0 0.136498615576 0.262798634812 0.0 83 1
2037.0 2037 2037 0.0 0 0 0.0 0.0 0.0 0 1
1953.5 1996 1911 0.0 0 0 0.0 0.0 0.0 1 1
2002.83333333 2098 1893 3.38888888889 10 0 0.00171399540312 0.00525486074619 0.0 17 1
2083.0 2083 2083 0.0 0 0 0.0 0.0 0.0 0 1
2037.0 2037 2037 0.0 0 0 0.0 0.0 0.0 0 1
2169.0 2169 2169 0.0 0 0 0.0 0.0 0.0 0 1
2098.0 2123 2073 0.0 0 0 0.0 0.0 0.0 1 1
1904.9 2104 1744 2.25 4 0 0.00116248713442 0.00215169445939 0.0 19 1
2145.5 2150 2141 0.0 0 0 0.0 0.0 0.0 1 1
2107.8 2150 2056 1.0 2 0 0.000470165950541 0.000946521533365 0.0 4 1
1128.95652174 2056 773 122.15942029 306 0 0.0932751385773 0.25415282392 0.0 68 1
1767.28846154 2173 1538 22.8269230769 96 0 0.0122199564821 0.0529509100938 0.0 51 1
2120.0 2151 2089 0.5 1 0 0.000232342007435 0.00046468401487 0.0 1 1
1877.88888889 2004 1760 2.22222222222 5 0 0.00116770627161 0.00248880039821 0.0 8 1
2049.5 2120 1978 0.5 2 0 0.000239921655006 0.000968054211036 0.0 5 1
2148.0 2148 2148 0.0 0 0 0.0 0.0 0.0 0 1
2116.0 2116 2116 0.0 0 0 0.0 0.0 0.0 0 1
1973.91666667 2033 1918 2.33333333333 5 0 0.00117851794417 0.00259067357513 0.0 11 1
2246.0 2246 2246 0.0 0 0 0.0 0.0 0.0 0 1
1874.0 1874 1874 0.0 0 0 0.0 0.0 0.0 0 1
1965.875 2089 1861 2.3125 7 0 0.00117698565678 0.00357507660878 0.0 15 1
2162.0 2162 2162 0.0 0 0 0.0 0.0 0.0 0 1
2015.0 2066 1987 0.0 0 0 0.0 0.0 0.0 2 1
2062.0 2106 1988 0.333333333333 1 0 0.000159261028826 0.000477783086479 0.0 2 1
1729.12765957 2236 1550 30.829787234 80 0 0.0167220837363 0.039100684262 0.0 46 1
949.191489362 2297 496 137.329787234 448 0 0.11496344455 0.228687415426 0.0 93 1
1016.0375 2139 735 115.4375 441 0 0.0807630399642 0.298578199052 0.0 79 1
2150.25 2184 2122 1.25 2 0 0.000580737644848 0.000941619585687 0.0 3 1
1940.0 1940 1940 0.0 0 0 0.0 0.0 0.0 0 1
2043.66666667 2047 2041 0.0 0 0 0.0 0.0 0.0 2 1
2160.0 2160 2160 0.0 0 0 0.0 0.0 0.0 0 1
1975.5 2007 1944 0.5 1 0 0.000249003984064 0.000498007968127 0.0 1 1
2056.44444444 2180 1957 2.55555555556 5 0 0.00123012616273 0.00250878073256 0.0 8 1
2111.0 2111 2111 0.0 0 0 0.0 0.0 0.0 0 1
797.380434783 2113 343 141.847826087 476 0 0.129913643994 0.327372764787 0.0 91 1
1042.69230769 2041 675 97.5 288 0 0.0755103704146 0.241206030151 0.0 77 1
2100.5 2146 2062 0.166666666667 1 0 7.76276975625e-05 0.000465766185375 0.0 5 1
1968.0 2007 1929 0.5 1 0 0.000249003984064 0.000498007968127 0.0 1 1
1996.20833333 2153 1847 19.125 64 0 0.00924632029941 0.0311284046693 0.0 23 1
1683.19047619 2263 1354 76.9047619048 211 0 0.0417668940875 0.115300546448 0.0 41 1
1222.453125 2191 816 142.03125 443 0 0.100579660061 0.332290852228 0.0 63 1
2341.0 2363 2317 0.666666666667 1 0 0.000286009181741 0.000431406384814 0.0 2 1
2040.0 2069 2019 0.25 1 0 0.000122189638319 0.000488758553275 0.0 3 1
2099.0 2138 2073 0.8 2 0 0.000378628995496 0.000951927653498 0.0 4 1
1541.52631579 2019 1284 59.701754386 177 0 0.0346850294609 0.0957254665864 0.0 56 1
2072.5 2079 2066 0.5 1 0 0.000241896468312 0.000483792936623 0.0 1 1
2246.0 2246 2246 0.0 0 0 0.0 0.0 0.0 0 1
1995.0 2013 1977 0.5 1 0 0.000252780586451 0.000505561172902 0.0 1 1
2017.72222222 2332 1828 6.97222222222 20 0 0.00344447457372 0.0096015362458 0.0 35 1
758.891566265 1959 396 145.662650602 577 0 0.142002628021 0.498201438849 0.0 82 1
2024.5 2064 1985 0.5 1 0 0.000242130750605 0.000484261501211 0.0 1 1
2056.33333333 2077 2042 0.0 0 0 0.0 0.0 0.0 2 1
2023.5 2054 1983 0.5 1 0 0.000249893099204 0.000504032258065 0.0 3 1
1935.05263158 2061 1864 2.21052631579 5 0 0.00114541322632 0.00267522739433 0.0 18 1
1883.66666667 1960 1835 0.666666666667 1 0 0.000349482289312 0.000538502961766 0.0 2 1
2128.0 2128 2128 0.0 0 0 0.0 0.0 0.0 0 1
2106.8 2126 2066 0.8 1 0 0.000377717261416 0.000473260766682 0.0 4 1
1974.0 1974 1974 0.0 0 0 0.0 0.0 0.0 0 1
2029.0 2029 2029 0.0 0 0 0.0 0.0 0.0 0 1
2057.0 2079 2035 1.0 2 0 0.000490918016691 0.000981836033382 0.0 1 1
2088.0 2088 2088 0.0 0 0 0.0 0.0 0.0 0 1
2101.0 2101 2101 0.0 0 0 0.0 0.0 0.0 0 1
2092.0 2092 2092 0.0 0 0 0.0 0.0 0.0 0 1
1187.48684211 2147 781 107.986842105 470 0 0.0785361770023 0.316988950276 0.0 75 1
2125.0 2125 2125 0.0 0 0 0.0 0.0 0.0 0 1
2105.0 2105 2105 0.0 0 0 0.0 0.0 0.0 0 1
2051.0 2051 2051 0.0 0 0 0.0 0.0 0.0 0 1
2110.5 2116 2105 0.5 1 0 0.000236183278224 0.000472366556448 0.0 1 1
2006.0 2006 2006 0.0 0 0 0.0 0.0 0.0 0 1
2295.0 2295 2295 0.0 0 0 0.0 0.0 0.0 0 1
1825.32 1996 1636 29.9 99 0 0.0154911784131 0.0488406512087 0.0 49 1
2171.0 2171 2171 0.0 0 0 0.0 0.0 0.0 0 1
2119.5 2123 2116 0.0 0 0 0.0 0.0 0.0 1 1
1528.55172414 1994 1332 56.2068965517 156 0 0.0333236265263 0.0875776397516 0.0 57 1
2033.0 2033 2033 0.0 0 0 0.0 0.0 0.0 0 1
2165.66666667 2232 2096 0.666666666667 2 0 0.000307514386316 0.000920386562356 0.0 5 1
1165.03508772 2088 768 163.754385965 436 0 0.114101336417 0.27917282127 0.0 56 1
2187.0 2209 2165 0.5 1 0 0.000226244343891 0.000452488687783 0.0 1 1
928.3125 2229 505 73.3375 362 0 0.0660553958626 0.371179039301 0.0 159 1
1661.04878049 2246 1367 88.0731707317 199 0 0.0493036577083 0.116374269006 0.0 40 1
2226.0 2226 2226 0.0 0 0 0.0 0.0 0.0 0 1
2108.0 2109 2107 0.5 1 0 0.000236966824645 0.000473933649289 0.0 1 1
1531.63157895 2115 1273 45.6315789474 222 0 0.0268519758217 0.121951219512 0.0 75 1
1957.0 1957 1957 0.0 0 0 0.0 0.0 0.0 0 1
2054.0 2119 1991 1.5 4 0 0.000723131725659 0.00193517174649 0.0 7 1
2024.0 2044 2004 0.5 1 0 0.000249376558603 0.000498753117207 0.0 1 1
2074.33333333 2141 2025 0.333333333333 1 0 0.000155617802677 0.00046685340803 0.0 2 1
1939.25 1991 1854 0.5 1 0 0.000255494169067 0.000512032770097 0.0 3 1
2032.0 2032 2032 0.0 0 0 0.0 0.0 0.0 0 1
2183.4 2235 2114 0.8 1 0 0.000363413555805 0.000461467466544 0.0 4 1
2351.0 2351 2351 0.0 0 0 0.0 0.0 0.0 0 1
2160.5 2163 2158 0.5 1 0 0.000231588698472 0.000463177396943 0.0 1 1
1833.9 2081 1627 29.375 122 0 0.014975313837 0.0586820586821 0.0 39 1
2160.0 2160 2160 0.0 0 0 0.0 0.0 0.0 0 1
2255.5 2270 2241 0.5 1 0 0.000220167327169 0.000440334654337 0.0 1 1
1496.54285714 1942 1366 43.5571428571 186 0 0.0260825217708 0.109850746269 0.0 69 1
2028.0 2028 2028 0.0 0 0 0.0 0.0 0.0 0 1
2201.0 2201 2201 0.0 0 0 0.0 0.0 0.0 0 1
1092.0 2068 694 173.0 436 0 0.120967140344 0.276184122748 0.0 52 1
1747.17391304 2145 1548 37.1739130435 135 0 0.0197463034137 0.0645933014354 0.0 45 1
1988.5 2039 1931 1.0 2 0 0.000498000152328 0.000997008973081 0.0 3 1
1944.7 2071 1832 1.0 2 0 0.000512375392422 0.00105764145955 0.0 9 1
1532.16666667 1946 1231 33.1666666667 113 0 0.0206652904773 0.0718829516539 0.0 83 1
2019.5 2049 1990 0.5 1 0 0.000251130085384 0.000502260170768 0.0 1 1
2042.8 2230 1855 5.15 13 0 0.00243785630804 0.00582176444245 0.0 19 1
2078.16666667 2158 1989 0.5 1 0 0.000238895823771 0.000487804878049 0.0 5 1
1943.2 2015 1869 1.96 5 0 0.00100140975504 0.00257864878804 0.0 24 1
1601.26923077 2124 1305 80.5961538462 212 0 0.0444372260683 0.109717868339 0.0 51 1
2120.0 2120 2120 0.0 0 0 0.0 0.0 0.0 0 1
903.573170732 2023 294 140.719512195 485 0 0.136672943768 0.487528344671 0.0 81 1
1878.5 1942 1815 1.0 2 0 0.000550357732526 0.00110071546505 0.0 1 1
2121.0 2128 2114 0.5 1 0 0.000236406619385 0.000472813238771 0.0 1 1
2176.0 2188 2166 0.333333333333 1 0 0.000153822488848 0.000461467466544 0.0 2 1
2156.0 2156 2156 0.0 0 0 0.0 0.0 0.0 0 1
2050.0 2091 2009 0.5 1 0 0.000248756218905 0.000497512437811 0.0 1 1
2118.0 2160 2057 1.83333333333 4 0 0.000858649726271 0.00184842883549 0.0 5 1
1300.13392857 2134 663 87.0357142857 294 0 0.0715163839586 0.276575729069 0.0 111 1
1908.09090909 2146 1726 22.696969697 78 0 0.011477595954 0.0380673499268 0.0 32 1
1942.0 2000 1880 0.6 2 0 0.000307850426509 0.0010095911156 0.0 4 1
1587.8852459 1980 1312 62.7704918033 242 0 0.0357414187634 0.135195530726 0.0 60 1
2129.0 2129 2129 0.0 0 0 0.0 0.0 0.0 0 1
2150.0 2176 2124 0.5 1 0 0.000229673863114 0.000459347726229 0.0 1 1
1933.11764706 2029 1846 2.88235294118 10 0 0.0015057078665 0.00538793103448 0.0 16 1
2039.0 2238 1909 2.21428571429 6 0 0.00106417760831 0.00283419933869 0.0 13 1
2135.5 2141 2130 0.0 0 0 0.0 0.0 0.0 1 1
2092.0 2139 2065 0.666666666667 1 0 0.000316560795753 0.000482392667631 0.0 2 1
2136.0 2156 2109 0.666666666667 1 0 0.000310008257276 0.000466417910448 0.0 2 1
2036.0 2036 2036 0.0 0 0 0.0 0.0 0.0 0 1
2020.0 2020 2020 0.0 0 0 0.0 0.0 0.0 0 1
2146.0 2146 2146 0.0 0 0 0.0 0.0 0.0 0 1
2121.33333333 2156 2094 0.0 0 0 0.0 0.0 0.0 2 1
1986.0 1986 1986 0.0 0 0 0.0 0.0 0.0 0 1
1437.94117647 2055 1198 44.7411764706 147 0 0.0281549739836 0.0903503380455 0.0 84 1
1121.55932203 2051 791 152.254237288 414 0 0.108120645155 0.289298892989 0.0 58 1
1524.19230769 1980 1177 49.9423076923 123 0 0.0304845455088 0.077975376197 0.0 51 1
2033.83333333 2094 1984 0.166666666667 1 0 8.39630562552e-05 0.000503778337531 0.0 5 1
2018.0 2018 2018 0.0 0 0 0.0 0.0 0.0 0 1
2220.0 2220 2220 0.0 0 0 0.0 0.0 0.0 0 1
2002.0 2002 2002 0.0 0 0 0.0 0.0 0.0 0 1
1928.92857143 2222 1635 31.6071428571 83 0 0.0153777262074 0.038785046729 0.0 27 1
2112.0 2112 2112 0.0 0 0 0.0 0.0 0.0 0 1
2083.0 2097 2060 0.333333333333 1 0 0.000161733786188 0.000485201358564 0.0 2 1
2070.0 2070 2070 0.0 0 0 0.0 0.0 0.0 0 1
2110.0 2110 2110 0.0 0 0 0.0 0.0 0.0 0 1
2008.33333333 2021 1989 0.333333333333 1 0 0.00016485328058 0.000494559841741 0.0 2 1
2052.0 2052 2052 0.0 0 0 0.0 0.0 0.0 0 1
1088.22857143 2172 710 128.742857143 413 0 0.0902602125702 0.297317436662 0.0 69 1
1514.33962264 2103 1240 46.9433962264 142 0 0.028864325771 0.0883084577114 0.0 52 1
2234.0 2234 2234 0.0 0 0 0.0 0.0 0.0 0 1
2027.41666667 2120 1963 3.83333333333 10 0 0.0018676109378 0.00496031746032 0.0 11 1
1759.37037037 2125 1537 46.0740740741 135 0 0.0246645304635 0.0676691729323 0.0 26 1
2143.0 2143 2143 0.0 0 0 0.0 0.0 0.0 0 1
1516.56 1907 1296 76.96 218 0 0.0450114334468 0.124216524217 0.0 49 1
2106.0 2106 2106 0.0 0 0 0.0 0.0 0.0 0 1
2016.0 2061 1971 0.5 1 0 0.000242483026188 0.000484966052376 0.0 1 1
2045.42857143 2101 2000 1.0 2 0 0.000492424733714 0.000999000999001 0.0 6 1
2118.5 2165 2072 0.0 0 0 0.0 0.0 0.0 1 1
2178.5 2193 2164 0.0 0 0 0.0 0.0 0.0 1 1
2246.0 2288 2204 0.5 1 0 0.000218435998253 0.000436871996505 0.0 1 1
2083.5 2094 2073 0.0 0 0 0.0 0.0 0.0 1 1
1938.0 1938 1938 0.0 0 0 0.0 0.0 0.0 0 1
2055.0 2055 2055 0.0 0 0 0.0 0.0 0.0 0 1
2116.5 2138 2095 0.5 1 0 0.000238549618321 0.000477099236641 0.0 1 1
1967.33333333 1982 1958 0.0 0 0 0.0 0.0 0.0 2 1
2332.0 2332 2332 0.0 0 0 0.0 0.0 0.0 0 1
2006.0 2050 1949 1.25 3 0 0.00062459010657 0.00149253731343 0.0 7 1
1722.25 1940 1621 34.1071428571 121 0 0.018810635873 0.0659340659341 0.0 27 1
1013.64044944 2304 583 125.449438202 500 0 0.0968350067243 0.383893666927 0.0 88 1
2206.75 2287 2091 0.75 2 0 0.000336527943827 0.000895255147717 0.0 3 1
1969.4 2030 1883 0.8 1 0 0.000401789731628 0.000520562207184 0.0 4 1
2177.0 2210 2140 0.0 0 0 0.0 0.0 0.0 2 1
2234.0 2234 2234 0.0 0 0 0.0 0.0 0.0 0 1
2170.33333333 2185 2155 0.0 0 0 0.0 0.0 0.0 2 1
1946.0 1946 1946 0.0 0 0 0.0 0.0 0.0 0 1
1121.94505495 1980 878 98.8791208791 463 0 0.0667400460654 0.282489322758 0.0 90 1
2150.5 2214 2099 0.0 0 0 0.0 0.0 0.0 3 1
660.686666667 2034 310 87.4333333333 573 0 0.105456631901 0.481773399015 0.0 149 1
1615.09615385 2050 1349 63.8269230769 177 0 0.0349283901079 0.0876494023904 0.0 51 1
2139.0 2139 2139 0.0 0 0 0.0 0.0 0.0 0 1
1890.4 2044 1755 2.05 5 0 0.00107971263134 0.0026581605529 0.0 19 1
2110.0 2110 2110 0.0 0 0 0.0 0.0 0.0 0 1
2053.5 2056 2051 0.5 1 0 0.000243072435586 0.000486144871172 0.0 1 1
1877.5 1885 1870 0.0 0 0 0.0 0.0 0.0 1 1
1930.0 1930 1930 0.0 0 0 0.0 0.0 0.0 0 1
2053.0 2053 2053 0.0 0 0 0.0 0.0 0.0 0 1
1932.0 1950 1914 0.0 0 0 0.0 0.0 0.0 1 1
2008.875 2141 1949 1.75 4 0 0.000870103792506 0.00199600798403 0.0 7 1
2153.5 2169 2138 0.5 1 0 0.000233754090697 0.000467508181393 0.0 1 1
1826.53333333 1980 1698 12.0 39 0 0.00657601078192 0.0211956521739 0.0 29 1
841.932692308 2009 332 113.288461538 388 0 0.105853759729 0.386613386613 0.0 103 1
1896.0 1896 1896 0.0 0 0 0.0 0.0 0.0 0 1
1226.44444444 2126 594 78.9682539683 354 0 0.0689155788935 0.358662613982 0.0 125 1
2010.5 2059 1962 0.5 1 0 0.000242718446602 0.000485436893204 0.0 1 1
2094.0 2094 2094 0.0 0 0 0.0 0.0 0.0 0 1
2143.71428571 2220 2123 0.714285714286 2 0 0.000333007572178 0.000941176470588 0.0 6 1
2192.0 2192 2192 0.0 0 0 0.0 0.0 0.0 0 1
2153.0 2153 2153 0.0 0 0 0.0 0.0 0.0 0 1
2243.0 2273 2213 0.0 0 0 0.0 0.0 0.0 1 1
2165.0 2165 2165 0.0 0 0 0.0 0.0 0.0 0 1
1918.4516129 2171 1650 25.7741935484 89 0 0.0125349421879 0.0421202082347 0.0 30 1
2061.0 2061 2061 0.0 0 0 0.0 0.0 0.0 0 1
1945.0 1945 1945 0.0 0 0 0.0 0.0 0.0 0 1
1820.0 1820 1820 0.0 0 0 0.0 0.0 0.0 0 1
1620.88709677 2113 1341 58.7903225806 182 0 0.0349539536866 0.108011869436 0.0 61 1
1933.0 1933 1933 0.0 0 0 0.0 0.0 0.0 0 1
2033.25 2064 1993 0.75 1 0 0.000369291626538 0.000501504513541 0.0 3 1
2149.0 2149 2149 0.0 0 0 0.0 0.0 0.0 0 1
2058.0 2058 2058 0.0 0 0 0.0 0.0 0.0 0 1
1565.2 1934 1368 59.14 134 0 0.0354809457871 0.0795724465558 0.0 49 1
2088.28571429 2117 2040 0.142857142857 1 0 6.74490759477e-05 0.000472143531634 0.0 6 1
1137.50666667 2117 726 132.88 617 0 0.0994616878076 0.391443167305 0.0 74 1
2033.0 2118 1900 0.8 2 0 0.000386934091895 0.000943396226415 0.0 4 1
1906.25 1933 1890 0.5 1 0 0.00026015582278 0.000523560209424 0.0 3 1
2175.0 2175 2175 0.0 0 0 0.0 0.0 0.0 0 1
2007.0 2007 2007 0.0 0 0 0.0 0.0 0.0 0 1
2074.875 2141 2040 0.875 3 0 0.000422289301439 0.00145843461351 0.0 7 1
828.223076923 2031 293 103.523076923 433 0 0.108473391558 0.394664213431 0.0 129 1
1995.5 2012 1979 0.0 0 0 0.0 0.0 0.0 1 1
2053.33333333 2106 2017 0.333333333333 1 0 0.00015820281601 0.00047460844803 0.0 2 1
1992.91666667 2072 1896 1.66666666667 3 0 0.00082945848875 0.00153767298821 0.0 11 1
1978.2 2040 1917 1.0 2 0 0.000499088854727 0.000979431929481 0.0 4 1
2168.0 2168 2168 0.0 0 0 0.0 0.0 0.0 0 1
1985.66666667 2029 1928 0.333333333333 1 0 0.000166583374979 0.000499750124938 0.0 2 1
1491.72916667 1957 1225 74.875 232 0 0.0429707130428 0.126984126984 0.0 47 1
2128.5 2175 2082 0.5 1 0 0.000229779411765 0.000459558823529 0.0 1 1
1968.0 1968 1968 0.0 0 0 0.0 0.0 0.0 0 1
1132.82857143 1994 727 133.657142857 471 0 0.102972386042 0.321721311475 0.0 69 1
1957.0 1957 1957 0.0 0 0 0.0 0.0 0.0 0 1
2028.5 2076 1967 1.0 3 0 0.000492865148365 0.00150905432596 0.0 5 1
1980.25 2111 1871 0.25 1 0 0.000118371212121 0.000473484848485 0.0 3 1
2216.0 2216 2216 0.0 0 0 0.0 0.0 0.0 0 1
2165.0 2165 2165 0.0 0 0 0.0 0.0 0.0 0 1
2022.0 2022 2022 0.0 0 0 0.0 0.0 0.0 0 1
1917.33333333 2024 1854 1.0 3 0 0.000527196067818 0.00161290322581 0.0 8 1
2021.0 2021 2021 0.0 0 0 0.0 0.0 0.0 0 1
2068.0 2068 2068 0.0 0 0 0.0 0.0 0.0 0 1
2110.0 2110 2110 0.0 0 0 0.0 0.0 0.0 0 1
2091.0 2091 2091 0.0 0 0 0.0 0.0 0.0 0 1
2004.5 2009 2000 0.5 1 0 0.000248756218905 0.000497512437811 0.0 1 1
1051.36764706 2097 703 134.794117647 560 0 0.10294597627 0.35974025974 0.0 67 1
2088.0 2199 2007 0.5 1 0 0.000241096236923 0.000486144871172 0.0 3 1
2377.5 2430 2325 0.0 0 0 0.0 0.0 0.0 1 1
2113.66666667 2163 2054 0.333333333333 1 0 0.000154035736291 0.000462107208872 0.0 2 1
1063.11111111 2230 334 124.252525253 401 0 0.122023379323 0.433045356371 0.0 98 1
1755.28 1980 1564 34.4 132 0 0.0188304219271 0.0708833151581 0.0 49 1
1638.82978723 2009 1440 59.6808510638 132 0 0.0340783190027 0.0764256319812 0.0 46 1
2189.0 2189 2189 0.0 0 0 0.0 0.0 0.0 0 1
980.222222222 2034 315 105.611111111 404 0 0.111606989278 0.430939226519 0.0 107 1
2188.25 2236 2161 1.5 3 0 0.000688328024188 0.00138632162662 0.0 3 1
1927.0 1927 1927 0.0 0 0 0.0 0.0 0.0 0 1
1969.0 1969 1969 0.0 0 0 0.0 0.0 0.0 0 1
1569.44 2035 1318 56.58 191 0 0.0322661938015 0.103187466234 0.0 49 1
2127.0 2127 2127 0.0 0 0 0.0 0.0 0.0 0 1
1144.27586207 1978 778 95.6666666667 409 0 0.0698741855342 0.29193433262 0.0 86 1
1815.48484848 1975 1668 17.6666666667 73 0 0.00931989829079 0.0389333333333 0.0 32 1
2213.0 2213 2213 0.0 0 0 0.0 0.0 0.0 0 1
2069.0 2081 2057 0.5 1 0 0.000240153698367 0.000480307396734 0.0 1 1
1960.5 1984 1915 0.75 1 0 0.000379430025259 0.000507099391481 0.0 3 1
2017.5 2057 1979 0.75 1 0 0.000369453517865 0.000505050505051 0.0 3 1
2082.0 2082 2082 0.0 0 0 0.0 0.0 0.0 0 1
1543.29824561 2024 1316 63.4561403509 193 0 0.0377039966934 0.107461024499 0.0 56 1
2087.5 2098 2077 0.0 0 0 0.0 0.0 0.0 1 1
2069.5 2103 2036 0.5 1 0 0.000237642585551 0.000475285171103 0.0 1 1
2221.5 2229 2214 0.0 0 0 0.0 0.0 0.0 1 1
2109.5 2125 2094 0.0 0 0 0.0 0.0 0.0 1 1
975.980952381 2041 409 108.876190476 383 0 0.105941295251 0.386088709677 0.0 104 1
1950.0 1950 1950 0.0 0 0 0.0 0.0 0.0 0 1
2119.0 2122 2116 0.0 0 0 0.0 0.0 0.0 1 1
2018.0 2018 2018 0.0 0 0 0.0 0.0 0.0 0 1
2042.0 2042 2042 0.0 0 0 0.0 0.0 0.0 0 1
2090.66666667 2134 2058 0.333333333333 1 0 0.000161890885543 0.000485672656629 0.0 2 1
2042.05263158 2130 1941 2.10526315789 5 0 0.00102484807382 0.00241312741313 0.0 18 1
2191.33333333 2248 2120 0.666666666667 2 0 0.000307329789083 0.000942507068803 0.0 5 1
1123.70769231 2111 714 132.861538462 472 0 0.0931775467946 0.272542372881 0.0 64 1
2174.5 2184 2165 0.0 0 0 0.0 0.0 0.0 1 1
896.788235294 2098 446 141.847058824 595 0 0.120760288685 0.336919592299 0.0 84 1
2106.0 2152 2064 0.0 0 0 0.0 0.0 0.0 2 1
1112.0 2107 811 138.4 508 0 0.100445951847 0.313695485845 0.0 64 1
2034.0 2085 1979 0.333333333333 1 0 0.00016835016835 0.000505050505051 0.0 2 1
1924.0 1932 1916 1.0 2 0 0.000517063081696 0.00103412616339 0.0 1 1
1884.65384615 1976 1779 20.0769230769 76 0 0.0104021607824 0.0385200202737 0.0 25 1
1921.0 1924 1918 1.0 2 0 0.000520833333333 0.00104166666667 0.0 1 1
1735.19354839 2027 1563 24.8064516129 89 0 0.0138012298989 0.0487671232877 0.0 30 1
1869.33333333 1965 1790 2.61111111111 6 0 0.00140946054346 0.00334075723831 0.0 17 1
1521.90909091 1930 1283 55.3636363636 155 0 0.0323361592127 0.0876585928489 0.0 54 1
1978.0 1978 1978 0.0 0 0 0.0 0.0 0.0 0 1
2152.0 2152 2152 0.0 0 0 0.0 0.0 0.0 0 1
2057.8 2090 2003 0.6 1 0 0.000291741144404 0.000499001996008 0.0 4 1
2088.75 2119 2045 0.25 1 0 0.000122189638319 0.000488758553275 0.0 3 1
1716.43243243 2000 1533 28.5675675676 80 0 0.0158129527444 0.0431732325958 0.0 36 1
1990.0 2036 1911 1.0 2 0 0.000499365867034 0.000981354268891 0.0 3 1
1192.70769231 2133 680 138.553846154 381 0 0.0961747763273 0.25559566787 0.0 64 1
2127.0 2137 2117 0.5 1 0 0.000236071765817 0.000472143531634 0.0 1 1
1983.0 2017 1949 0.0 0 0 0.0 0.0 0.0 1 1
2187.28571429 2319 2045 2.14285714286 4 0 0.000953101790517 0.00176133861735 0.0 6 1
1970.0 1970 1970 0.0 0 0 0.0 0.0 0.0 0 1
1979.66666667 1993 1955 0.666666666667 1 0 0.000337583985768 0.000511247443763 0.0 2 1
2178.0 2178 2178 0.0 0 0 0.0 0.0 0.0 0 1
1057.38129496 2039 488 96.8992805755 337 0 0.0958561361444 0.275493421053 0.0 138 1
1106.56896552 2154 809 148.672413793 537 0 0.10324531614 0.34191886671 0.0 57 1
1210.1 2077 798 134.1 363 0 0.0982439186565 0.264661654135 0.0 59 1
1658.49152542 2051 1477 65.2033898305 189 0 0.0369294865491 0.107692307692 0.0 58 1
2092.0 2092 2092 0.0 0 0 0.0 0.0 0.0 0 1
2079.0 2079 2079 0.0 0 0 0.0 0.0 0.0 0 1
2004.0 2014 1988 0.666666666667 2 0 0.000331345261763 0.000994035785288 0.0 2 1
2036.5 2063 2010 0.0 0 0 0.0 0.0 0.0 1 1
2281.0 2281 2281 0.0 0 0 0.0 0.0 0.0 0 1
2125.23076923 2193 2040 0.923076923077 2 0 0.000431840782264 0.000932835820896 0.0 12 1
2141.0 2141 2141 0.0 0 0 0.0 0.0 0.0 0 1
1978.33333333 2042 1902 0.666666666667 2 0 0.000334504097675 0.00100351229303 0.0 2 1
1892.54285714 2140 1704 39.9142857143 150 0 0.0197530227066 0.0703953712633 0.0 34 1
1936.125 1994 1851 1.25 3 0 0.000638488831923 0.00150225338007 0.0 7 1
1994.0 1994 1994 0.0 0 0 0.0 0.0 0.0 0 1
2191.0 2228 2135 0.666666666667 1 0 0.000300305235923 0.000452284034374 0.0 2 1
1599.35555556 1972 1388 77.5555555556 202 0 0.0454566295207 0.122128174123 0.0 44 1
1823.25 2162 1615 20.9772727273 68 0 0.0111921618664 0.0350318471338 0.0 43 1
2187.0 2187 2187 0.0 0 0 0.0 0.0 0.0 0 1
1647.87012987 2079 1396 42.3636363636 168 0 0.0232969491541 0.0893617021277 0.0 76 1
1149.60344828 2049 816 125.413793103 370 0 0.0900216957098 0.249662618084 0.0 57 1
990.394230769 1994 360 107.230769231 352 0 0.101758308357 0.352705410822 0.0 103 1
1780.22222222 2046 1604 29.7111111111 110 0 0.0164757826613 0.059331175836 0.0 44 1
2186.88888889 2270 2096 2.11111111111 5 0 0.000963518018466 0.00227376080036 0.0 8 1
992.607142857 2016 416 159.452380952 584 0 0.13468189385 0.485175202156 0.0 83 1
1083.59459459 2141 597 140.72972973 522 0 0.11202705517 0.319852941176 0.0 73 1
1200.0 2140 749 126.647058824 389 0 0.0917121613142 0.282608695652 0.0 67 1
2252.0 2252 2252 0.0 0 0 0.0 0.0 0.0 0 1
1982.5 1988 1977 0.5 1 0 0.000252780586451 0.000505561172902 0.0 1 1
1947.0 1947 1947 0.0 0 0 0.0 0.0 0.0 0 1
2046.04166667 2238 1831 16.875 38 0 0.00802823661202 0.0166959578207 0.0 23 1
1965.0 1965 1965 0.0 0 0 0.0 0.0 0.0 0 1
1238.2173913 2178 831 120.971014493 329 0 0.0815417382168 0.20796460177 0.0 68 1
1908.5 1918 1899 0.5 1 0 0.000260552371027 0.000521104742053 0.0 1 1
756.739583333 2109 316 125.0 393 0 0.138493878857 0.339441535777 0.0 95 1
2131.0 2134 2128 0.0 0 0 0.0 0.0 0.0 1 1
2102.5 2132 2053 0.75 1 0 0.000353780864843 0.000473933649289 0.0 3 1
2321.0 2358 2284 0.0 0 0 0.0 0.0 0.0 1 1
1849.43181818 2071 1629 26.7954545455 125 0 0.0135507287513 0.0600961538462 0.0 43 1
1256.14925373 2147 768 97.2537313433 262 0 0.0742781478386 0.164356435644 0.0 66 1
2015.5 2019 2012 0.0 0 0 0.0 0.0 0.0 1 1
2096.0 2145 2047 0.0 0 0 0.0 0.0 0.0 1 1
1825.16666667 2125 1701 14.6904761905 75 0 0.00779958218827 0.0393494228751 0.0 41 1
1044.38297872 2032 425 130.680851064 428 0 0.118264912735 0.437564499484 0.0 93 1
2083.0 2083 2083 0.0 0 0 0.0 0.0 0.0 0 1
1704.46341463 2072 1459 37.1951219512 113 0 0.0208637797304 0.0614525139665 0.0 40 1
813.345454545 1951 415 104.318181818 344 0 0.109279291322 0.271428571429 0.0 109 1
2154.0 2154 2154 0.0 0 0 0.0 0.0 0.0 0 1
2121.0 2132 2110 0.0 0 0 0.0 0.0 0.0 1 1
2138.0 2138 2138 0.0 0 0 0.0 0.0 0.0 0 1
1872.81578947 2119 1631 35.7368421053 144 0 0.0183219147102 0.0719280719281 0.0 37 1
2247.0 2247 2247 0.0 0 0 0.0 0.0 0.0 0 1
1972.6 1991 1948 1.0 2 0 0.000505386903684 0.00100806451613 0.0 4 1
2105.0 2105 2105 0.0 0 0 0.0 0.0 0.0 0 1
1904.0 1904 1904 0.0 0 0 0.0 0.0 0.0 0 1
2216.0 2216 2216 0.0 0 0 0.0 0.0 0.0 0 1
1118.31428571 2222 644 125.014285714 347 0 0.0966904086403 0.269893355209 0.0 69 1
1917.33333333 1941 1875 1.16666666667 3 0 0.000605831868093 0.00154320987654 0.0 5 1
2066.66666667 2177 1991 0.888888888889 2 0 0.000430113906795 0.000974658869396 0.0 8 1
2083.0 2105 2061 0.0 0 0 0.0 0.0 0.0 1 1
1710.08333333 2090 1478 26.3333333333 93 0 0.0156435060991 0.0536951501155 0.0 47 1
2231.0 2258 2204 0.5 1 0 0.000221336874723 0.000442673749447 0.0 1 1
924.233576642 2184 226 89.1167883212 384 0 0.113373235865 0.361398963731 0.0 136 1
1952.0 1952 1952 0.0 0 0 0.0 0.0 0.0 0 1
2152.5 2157 2148 0.0 0 0 0.0 0.0 0.0 1 1
1055.82432432 2130 718 115.540540541 510 0 0.0853748111521 0.302295081967 0.0 73 1
2032.57142857 2097 1972 0.714285714286 1 0 0.000351608386292 0.000506842372022 0.0 6 1
1990.13333333 2137 1879 6.73333333333 19 0 0.00327922006445 0.00889929742389 0.0 14 1
1667.66666667 1994 1463 70.6222222222 185 0 0.0384115186541 0.103874227962 0.0 44 1
2205.1 2291 2126 0.9 2 0 0.000405325533464 0.00092980009298 0.0 9 1
2036.38461538 2133 1952 2.76923076923 6 0 0.00136603147766 0.00306435137896 0.0 12 1
2088.0 2088 2088 0.0 0 0 0.0 0.0 0.0 0 1
2036.42857143 2060 1999 2.0 4 0 0.000980031557615 0.00194552529183 0.0 6 1
1992.33333333 2024 1962 1.0 3 0 0.000503452496885 0.00152516522623 0.0 5 1
968.223214286 2101 474 99.8571428571 373 0 0.0858996660787 0.333035714286 0.0 111 1
990.458333333 2087 664 132.25 547 0 0.103136422866 0.321197886083 0.0 71 1
2107.5 2108 2107 0.0 0 0 0.0 0.0 0.0 1 1
846.726027397 2148 314 171.342465753 570 0 0.158421794528 0.3343691734 0.0 72 1
1919.18181818 2095 1785 3.81818181818 12 0 0.00194195255969 0.00603318250377 0.0 21 1
2131.33333333 2174 2085 0.666666666667 1 0 0.000313801123279 0.000479386385427 0.0 5 1
782.875 2199 394 144.352272727 532 0 0.13517725746 0.319637462236 0.0 87 1
2157.33333333 2234 2080 0.666666666667 1 0 0.000314571866577 0.000480538202787 0.0 2 1
1051.56164384 2378 650 118.821917808 559 0 0.0850816319685 0.336746987952 0.0 72 1
2105.4 2178 2052 0.8 1 0 0.000379643559499 0.000487092060399 0.0 4 1
2187.0 2187 2187 0.0 0 0 0.0 0.0 0.0 0 1
1081.296875 2099 712 130.140625 401 0 0.0954329260792 0.292424242424 0.0 63 1
2098.4 2136 2054 1.2 2 0 0.000571566147162 0.000972762645914 0.0 4 1
2130.5 2195 2066 0.0 0 0 0.0 0.0 0.0 1 1
2111.0 2111 2111 0.0 0 0 0.0 0.0 0.0 0 1
1985.0 1985 1985 0.5 1 0 0.000251762336354 0.000503524672709 0.0 1 1
864.0 2113 390 176.323076923 560 0 0.157565370984 0.390591589451 0.0 64 1
2071.0 2071 2071 0.0 0 0 0.0 0.0 0.0 0 1
1210.23076923 1950 738 135.492307692 479 0 0.0961898730157 0.336612789881 0.0 64 1
2086.0 2086 2086 0.0 0 0 0.0 0.0 0.0 0 1
1130.78125 1924 770 130.53125 483 0 0.0865868726208 0.259677419355 0.0 63 1
1178.84482759 2040 748 145.24137931 577 0 0.0997378990059 0.340011785504 0.0 57 1
1929.61538462 2132 1739 19.9230769231 60 0 0.00982381650886 0.0283553875236 0.0 38 1
1919.0 1919 1919 0.0 0 0 0.0 0.0 0.0 0 1
1679.30612245 2000 1521 38.2244897959 180 0 0.0209473018507 0.0935550935551 0.0 48 1
1993.47058824 2130 1903 2.82352941176 6 0 0.00140727037773 0.00303643724696 0.0 16 1
1921.0 1921 1921 0.0 0 0 0.0 0.0 0.0 0 1
1539.27659574 1912 1365 58.9574468085 203 0 0.0353666102381 0.117749419954 0.0 46 1
1093.95522388 2036 778 118.23880597 423 0 0.0882383192833 0.28331090175 0.0 66 1
2059.0 2059 2059 0.0 0 0 0.0 0.0 0.0 0 1
2060.0 2174 1974 0.875 2 0 0.00042541009117 0.00100806451613 0.0 7 1
2208.0 2208 2208 0.0 0 0 0.0 0.0 0.0 0 1
2131.0 2131 2131 0.0 0 0 0.0 0.0 0.0 0 1
1093.04 1967 298 106.712 366 0 0.105990058279 0.302912621359 0.0 124 1
2241.0 2241 2241 0.0 0 0 0.0 0.0 0.0 0 1
2098.0 2121 2075 0.5 1 0 0.0002408477842 0.000481695568401 0.0 1 1
2063.0 2063 2063 0.0 0 0 0.0 0.0 0.0 0 1
2109.0 2109 2109 0.0 0 0 0.0 0.0 0.0 0 1
1084.01428571 1994 738 112.385714286 342 0 0.0829792750587 0.240168539326 0.0 69 1
2190.57142857 2216 2146 1.42857142857 3 0 0.00064879277565 0.00136861313869 0.0 6 1
916.156626506 2005 554 132.265060241 520 0 0.10758958093 0.300404390526 0.0 82 1
2039.0 2039 2039 0.0 0 0 0.0 0.0 0.0 0 1
2133.5 2159 2108 0.5 1 0 0.000231481481481 0.000462962962963 0.0 1 1
969.375 2018 574 146.555555556 457 0 0.120490464943 0.323818019625 0.0 71 1
1996.85714286 2078 1942 1.57142857143 3 0 0.000790765886643 0.00154241645244 0.0 6 1
1937.0 1937 1937 0.0 0 0 0.0 0.0 0.0 0 1
1025.52564103 2039 666 152.051282051 481 0 0.117774782097 0.387590652699 0.0 77 1
2197.0 2197 2197 0.0 0 0 0.0 0.0 0.0 0 1
2081.66666667 2117 2049 0.333333333333 1 0 0.000162601626016 0.000487804878049 0.0 2 1
2000.75 2081 1871 0.875 3 0 0.000422396145443 0.00145419292293 0.0 7 1
2142.6 2219 2086 0.2 1 0 9.2936802974e-05 0.00046468401487 0.0 4 1
1963.0 1968 1956 1.0 2 0 0.000510032486212 0.00102145045965 0.0 2 1
1967.66666667 1987 1934 1.0 2 0 0.000503272283997 0.0010055304173 0.0 2 1
2178.0 2178 2178 0.0 0 0 0.0 0.0 0.0 0 1
786.79787234 2282 319 146.723404255 473 0 0.146574379061 0.308362369338 0.0 93 1
974.975903614 1982 598 123.421686747 408 0 0.104134784378 0.299177262528 0.0 82 1
2007.0 2028 1986 0.0 0 0 0.0 0.0 0.0 1 1
1648.34090909 2140 1420 79.8863636364 280 0 0.0451301654965 0.148226574907 0.0 43 1
1984.5 2002 1967 0.5 1 0 0.00025406504065 0.000508130081301 0.0 1 1
948.413793103 2179 557 133.08045977 454 0 0.102803106908 0.293661060802 0.0 86 1
2037.5 2055 2020 0.5 1 0 0.000243190661479 0.000486381322957 0.0 1 1
2014.0 2014 2014 0.0 0 0 0.0 0.0 0.0 0 1
1999.0 2257 1816 5.03571428571 14 0 0.00244904445931 0.00680272108844 0.0 27 1
1698.86956522 2167 1281 48.6666666667 166 0 0.0276857757924 0.101219512195 0.0 68 1
2064.88888889 2151 1866 0.333333333333 2 0 0.000155972370161 0.00092936802974 0.0 8 1
2132.0 2133 2131 0.5 1 0 0.000234521575985 0.00046904315197 0.0 1 1
2189.0 2189 2189 0.0 0 0 0.0 0.0 0.0 0 1
807.871287129 2087 443 133.168316832 434 0 0.117844329277 0.301470588235 0.0 100 1
1839.84210526 2144 1588 28.3157894737 109 0 0.0142849428767 0.0523283725396 0.0 37 1
2080.0 2080 2080 0.0 0 0 0.0 0.0 0.0 0 1
2071.5 2088 2055 0.0 0 0 0.0 0.0 0.0 1 1
938.870967742 2001 342 189.129032258 579 0 0.169295342683 0.522421524664 0.0 61 1
2081.5 2115 2041 0.75 2 0 0.000359140286834 0.000956022944551 0.0 3 1
2198.0 2198 2198 0.0 0 0 0.0 0.0 0.0 0 1
2015.2 2080 1933 1.4 3 0 0.000705041806571 0.00154958677686 0.0 4 1
2117.5 2119 2116 0.5 1 0 0.000236183278224 0.000472366556448 0.0 1 1
2159.4 2198 2123 1.0 2 0 0.000465426908395 0.000934579439252 0.0 4 1
1712.0 1936 1572 20.6279069767 92 0 0.0121371437624 0.053302433372 0.0 42 1
2132.5 2140 2125 0.5 1 0 0.000233535730967 0.000467071461934 0.0 1 1
2094.0 2094 2094 0.0 0 0 0.0 0.0 0.0 0 1
1856.81818182 2030 1687 2.90909090909 8 0 0.00154553650173 0.00414078674948 0.0 21 1
2200.0 2200 2200 0.0 0 0 0.0 0.0 0.0 0 1
1897.83333333 2056 1806 1.61111111111 4 0 0.000840933653788 0.00202122283982 0.0 17 1
1996.0 1996 1996 0.0 0 0 0.0 0.0 0.0 0 1
1652.31707317 2129 1419 90.2926829268 182 0 0.0494907114449 0.0935987089833 0.0 40 1
2225.0 2225 2225 0.0 0 0 0.0 0.0 0.0 0 1
1705.57377049 2215 1430 32.262295082 135 0 0.0176508847999 0.0719232818327 0.0 60 1
2003.0 2003 2003 0.0 0 0 0.0 0.0 0.0 0 1
1541.74137931 2210 1321 72.4310344828 310 0 0.0402593023479 0.164718384697 0.0 57 1
835.906976744 1938 411 142.697674419 396 0 0.13688231927 0.282362459547 0.0 85 1
2185.33333333 2203 2172 0.666666666667 2 0 0.000305390135899 0.000916170407696 0.0 2 1
772.558558559 2021 298 129.189189189 495 0 0.141481812422 0.476878612717 0.0 110 1
2019.0 2019 2019 0.0 0 0 0.0 0.0 0.0 0 1
792.6875 2190 260 137.6875 422 0 0.143120767676 0.287729196051 0.0 95 1
2262.5 2271 2254 0.0 0 0 0.0 0.0 0.0 1 1
2017.0 2100 1934 1.21428571429 3 0 0.000598480355861 0.00146484375 0.0 13 1
2093.07692308 2186 2009 2.46153846154 5 0 0.00117319204499 0.00233426704015 0.0 25 1
2081.66666667 2132 2028 0.666666666667 1 0 0.000316069879687 0.000479386385427 0.0 2 1
2255.5 2260 2251 0.5 1 0 0.000221141088014 0.000442282176028 0.0 1 1
2036.0 2036 2036 0.0 0 0 0.0 0.0 0.0 0 1
2019.5 2062 1992 1.0 2 0 0.000493370651522 0.00098231827112 0.0 5 1
1657.65384615 2204 1346 73.75 180 0 0.0395234487924 0.0851063829787 0.0 51 1
2117.25 2137 2098 1.0 2 0 0.000471925867328 0.00094696969697 0.0 3 1
2111.6 2176 2047 1.2 2 0 0.000562708444627 0.000934142923867 0.0 4 1
1677.23809524 2235 1344 60.7142857143 213 0 0.034756041119 0.12074829932 0.0 62 1
1885.52380952 2057 1752 0.904761904762 3 0 0.00048403952884 0.00169014084507 0.0 20 1
1003.36082474 2172 709 103.484536082 402 0 0.0812783884167 0.264136904762 0.0 96 1
793.552941176 2037 222 150.082352941 481 0 0.158257515016 0.322772277228 0.0 84 1
1628.98214286 2252 1376 68.2857142857 224 0 0.0379328679123 0.121540965817 0.0 55 1
1736.17241379 2061 1608 25.5172413793 84 0 0.0141790523835 0.0437727983325 0.0 28 1
2134.0 2167 2101 0.5 1 0 0.00023786869648 0.000475737392959 0.0 1 1
2005.0 2005 2005 0.0 0 0 0.0 0.0 0.0 0 1
2044.5 2081 2008 1.0 2 0 0.00048007681229 0.00096015362458 0.0 1 1
2263.5 2293 2222 1.0 3 0 0.000439667778377 0.00132275132275 0.0 3 1
2050.5 2069 2027 0.0 0 0 0.0 0.0 0.0 3 1
2032.0 2032 2032 0.0 0 0 0.0 0.0 0.0 0 1
2102.66666667 2171 2008 0.166666666667 1 0 7.67341927563e-05 0.000460405156538 0.0 5 1
2095.0 2095 2095 0.0 0 0 0.0 0.0 0.0 0 1
2038.33333333 2069 1982 0.0 0 0 0.0 0.0 0.0 2 1
969.039473684 2045 652 135.473684211 376 0 0.107784612773 0.267902274642 0.0 75 1
1744.90196078 2171 1581 24.2941176471 106 0 0.0129864654636 0.0538891713269 0.0 50 1
1870.13636364 2168 1722 36.4318181818 130 0 0.0185431174718 0.0656234225139 0.0 43 1
1609.2037037 2156 1366 63.2407407407 193 0 0.0353792803636 0.105736782902 0.0 53 1
2111.0 2111 2111 0.0 0 0 0.0 0.0 0.0 0 1
1916.0 1941 1891 0.5 1 0 0.000257466529351 0.000514933058702 0.0 1 1
2138.0 2138 2138 0.0 0 0 0.0 0.0 0.0 0 1
1712.61363636 2047 1534 26.4772727273 77 0 0.0151125196768 0.0427777777778 0.0 43 1
1947.25 1969 1915 1.0 2 0 0.000511448760965 0.0010162601626 0.0 3 1
2033.0 2088 1993 0.666666666667 1 0 0.000324664213982 0.000495294700347 0.0 2 1
1615.79661017 2039 1430 52.9830508475 150 0 0.0316134255186 0.0852378011118 0.0 58 1
2130.0 2130 2130 0.0 0 0 0.0 0.0 0.0 0 1
1961.2 2064 1914 1.2 2 0 0.00060506069238 0.00102197240675 0.0 4 1
1831.7 1996 1654 18.1666666667 74 0 0.00975535500943 0.0396570203644 0.0 29 1
2153.0 2181 2125 0.5 1 0 0.000229147571036 0.000458295142071 0.0 1 1
1575.52 2129 1382 45.7066666667 152 0 0.0269697222958 0.0927960927961 0.0 74 1
2189.0 2189 2189 0.0 0 0 0.0 0.0 0.0 0 1
2084.0 2085 2083 0.5 1 0 0.000239693192713 0.000479386385427 0.0 1 1
2112.0 2158 2039 0.333333333333 1 0 0.000154392465648 0.000463177396943 0.0 2 1
2111.33333333 2166 2082 0.666666666667 1 0 0.000313541383593 0.000479156684236 0.0 2 1
2131.33333333 2201 2058 1.16666666667 3 0 0.000547131050352 0.00142382534409 0.0 5 1
2002.5 2081 1974 0.75 1 0 0.000372793569898 0.000505561172902 0.0 3 1
1960.0 1960 1960 0.0 0 0 0.0 0.0 0.0 0 1
1908.14285714 1989 1857 1.14285714286 3 0 0.000603460441102 0.00159574468085 0.0 6 1
1099.6 1996 737 185.76 446 0 0.130897412787 0.275510204082 0.0 49 1
1097.01298701 1966 751 108.87012987 302 0 0.0827355250455 0.240254574383 0.0 76 1
1729.1875 2100 1520 25.3541666667 119 0 0.0141320967855 0.0681167716085 0.0 47 1
2116.6 2189 2077 1.0 3 0 0.00047502169668 0.00142045454545 0.0 4 1
1889.55 1993 1785 2.85 10 0 0.00154593462713 0.00553403431101 0.0 19 1
1932.25 1949 1915 1.0 2 0 0.000516417253983 0.00103092783505 0.0 3 1
918.642857143 2051 284 134.857142857 482 0 0.14090262689 0.399668325041 0.0 97 1
2116.16666667 2232 2038 0.333333333333 1 0 0.000153852200856 0.000475285171103 0.0 5 1
1496.0625 1935 1318 64.8125 218 0 0.0395122065949 0.13148371532 0.0 47 1
1569.11666667 2118 1312 55.7833333333 215 0 0.0326412414165 0.126498800959 0.0 59 1
2160.66666667 2168 2147 0.666666666667 2 0 0.000307219662058 0.000921658986175 0.0 2 1
1703.34146341 2211 1439 44.3658536585 166 0 0.0234739665202 0.0807000486145 0.0 40 1
1899.66666667 1915 1890 0.666666666667 1 0 0.000349875051182 0.000527704485488 0.0 2 1
2054.0 2054 2054 0.0 0 0 0.0 0.0 0.0 0 1
2098.5 2129 2068 0.0 0 0 0.0 0.0 0.0 1 1
871.884615385 1926 547 138.948717949 549 0 0.116516458942 0.345935727788 0.0 77 1
2118.25 2219 2059 2.25 4 0 0.00104513747467 0.00179937022042 0.0 3 1
1015.27433628 2198 331 91.5221238938 322 0 0.0949610402163 0.389359129383 0.0 112 1
2009.8 2060 1962 0.4 1 0 0.000200261653176 0.000509424350484 0.0 4 1
2200.0 2200 2200 0.0 0 0 0.0 0.0 0.0 0 1
2213.0 2213 2213 0.0 0 0 0.0 0.0 0.0 0 1
2166.0 2166 2166 0.0 0 0 0.0 0.0 0.0 0 1
1957.0 1957 1957 0.0 0 0 0.0 0.0 0.0 0 1
2067.0 2067 2067 0.0 0 0 0.0 0.0 0.0 0 1
825.663716814 2316 256 118.681415929 382 0 0.134641359856 0.431818181818 0.0 112 1
2028.5 2056 1985 0.75 1 0 0.000370026508089 0.000503524672709 0.0 3 1
1104.71428571 2047 699 138.4 443 0 0.103631238309 0.324780058651 0.0 69 1
2105.6 2164 2056 0.0 0 0 0.0 0.0 0.0 4 1
2131.0 2180 2087 0.0 0 0 0.0 0.0 0.0 3 1
1973.28571429 2027 1899 0.285714285714 1 0 0.000145630348059 0.000526315789474 0.0 6 1
1644.37735849 2276 1321 67.4339622642 197 0 0.0377531950167 0.100767263427 0.0 52 1
1929.0 1929 1929 0.0 0 0 0.0 0.0 0.0 0 1
978.618556701 2097 294 140.484536082 371 0 0.129057937094 0.380387931034 0.0 96 1
1993.66666667 2015 1970 0.333333333333 1 0 0.000165343915344 0.000496031746032 0.0 2 1
2221.0 2221 2221 0.0 0 0 0.0 0.0 0.0 0 1
2090.75 2143 2026 0.5 1 0 0.000238332824405 0.000479846449136 0.0 3 1
2066.0 2132 2013 1.33333333333 3 0 0.000642655740835 0.00145914396887 0.0 2 1
994.315789474 2101 386 117.547368421 339 0 0.12140983126 0.393305439331 0.0 94 1
2137.0 2137 2137 0.0 0 0 0.0 0.0 0.0 0 1
2135.08333333 2223 2050 3.08333333333 6 0 0.00142446844095 0.00277392510402 0.0 11 1
1094.30827068 1993 376 99.5263157895 458 0 0.093916664119 0.424074074074 0.0 132 1
825.826771654 2133 229 116.68503937 490 0 0.131406325157 0.481152993348 0.0 126 1
933.9 2295 249 164.7625 505 0 0.159198607752 0.502487562189 0.0 79 1
2059.66666667 2150 2003 0.666666666667 1 0 0.000322495230818 0.000499001996008 0.0 5 1
2313.0 2316 2310 1.5 3 0 0.000646830530401 0.0012936610608 0.0 1 1
1889.0 1889 1889 0.0 0 0 0.0 0.0 0.0 0 1
2059.0 2082 2036 0.5 1 0 0.000240038406145 0.00048007681229 0.0 1 1
2034.0 2071 2002 0.25 1 0 0.000123031496063 0.000492125984252 0.0 3 1
2028.5 2076 1981 0.5 1 0 0.000240731824747 0.000481463649494 0.0 1 1
2060.5 2082 2039 0.0 0 0 0.0 0.0 0.0 1 1
1036.4 2265 420 154.8375 584 0 0.138356980179 0.454474708171 0.0 79 1
2022.33333333 2109 1983 0.166666666667 1 0 7.89889415482e-05 0.000473933649289 0.0 5 1
1958.06896552 2237 1801 26.9655172414 81 0 0.0131661201964 0.0370709382151 0.0 28 1
1889.02564103 2146 1700 31.0512820513 77 0 0.0157121896297 0.0378750614855 0.0 38 1
1976.0 1976 1976 0.0 0 0 0.0 0.0 0.0 0 1
976.071428571 2061 510 142.728571429 424 0 0.118316452869 0.345064377682 0.0 69 1
2034.0 2034 2034 0.0 0 0 0.0 0.0 0.0 0 1
2069.0 2069 2069 0.0 0 0 0.0 0.0 0.0 0 1
1558.13953488 2096 1268 73.2790697674 186 0 0.0442339520308 0.1146025878 0.0 42 1
1626.70833333 2057 1259 38.0555555556 122 0 0.0223434930828 0.0759493670886 0.0 71 1
2071.0 2071 2071 0.0 0 0 0.0 0.0 0.0 0 1
1746.10714286 2072 1571 27.5357142857 137 0 0.015057813604 0.0721812434141 0.0 55 1
2217.0 2217 2217 0.0 0 0 0.0 0.0 0.0 0 1
1856.10344828 2265 1642 48.1724137931 178 0 0.0242870132977 0.0846409890632 0.0 28 1
2005.0 2005 2005 0.0 0 0 0.0 0.0 0.0 0 1
2155.0 2157 2152 0.666666666667 1 0 0.000309358348437 0.000464468183929 0.0 2 1
2150.0 2150 2150 0.0 0 0 0.0 0.0 0.0 0 1
1924.51612903 2152 1779 33.8709677419 92 0 0.0170932208079 0.0445304937076 0.0 30 1
2053.66666667 2114 2017 0.666666666667 1 0 0.000321727176751 0.000492368291482 0.0 2 1
2034.0 2034 2034 0.0 0 0 0.0 0.0 0.0 0 1
2076.0 2076 2076 0.0 0 0 0.0 0.0 0.0 0 1
2024.0 2077 1945 1.42857142857 3 0 0.000700728748717 0.00149402390438 0.0 6 1
2086.0 2086 2086 0.0 0 0 0.0 0.0 0.0 0 1
1788.39285714 2085 1640 44.9285714286 132 0 0.0239976753307 0.0675537359263 0.0 27 1
2030.0 2031 2029 0.0 0 0 0.0 0.0 0.0 1 1
2175.0 2175 2175 0.0 0 0 0.0 0.0 0.0 0 1
2283.0 2283 2283 0.0 0 0 0.0 0.0 0.0 0 1
2158.0 2158 2158 0.0 0 0 0.0 0.0 0.0 0 1
2054.0 2054 2054 0.0 0 0 0.0 0.0 0.0 0 1
1066.125 2238 749 113.430555556 369 0 0.0842659664445 0.264137437366 0.0 71 1
1996.5 2028 1965 0.5 1 0 0.000246426811237 0.000492853622474 0.0 1 1
2110.5 2127 2094 0.5 1 0 0.000238663484487 0.000477326968974 0.0 1 1
1934.0 1934 1934 0.0 0 0 0.0 0.0 0.0 0 1
2240.5 2272 2207 0.75 2 0 0.000334826220322 0.000895255147717 0.0 3 1
2143.0 2179 2107 0.0 0 0 0.0 0.0 0.0 1 1
2208.33333333 2263 2168 1.0 2 0 0.000446194357703 0.000883002207506 0.0 2 1
2073.0 2073 2073 0.0 0 0 0.0 0.0 0.0 0 1
2081.66666667 2185 2025 0.0 0 0 0.0 0.0 0.0 2 1
1492.63636364 2128 1248 71.9636363636 236 0 0.0424526576791 0.123884514436 0.0 54 1
2111.5 2166 2016 0.5 1 0 0.000234301214876 0.000475737392959 0.0 3 1
2107.0 2120 2094 0.5 1 0 0.0002357378595 0.000471475719 0.0 1 1
2185.33333333 2219 2168 0.666666666667 1 0 0.000303759981179 0.000460829493088 0.0 2 1
1776.47916667 2107 1621 33.2291666667 147 0 0.0175008632249 0.0711519845111 0.0 47 1
1145.59574468 2180 726 174.127659574 487 0 0.117067498571 0.296604740551 0.0 46 1
811.053763441 2038 458 153.376344086 593 0 0.135643449657 0.354879594423 0.0 92 1
1987.71428571 2091 1910 0.714285714286 2 0 0.000360148645616 0.00100401606426 0.0 6 1
1981.0 1981 1981 0.0 0 0 0.0 0.0 0.0 0 1
2037.0 2037 2037 0.0 0 0 0.0 0.0 0.0 0 1
2008.0 2008 2008 0.0 0 0 0.0 0.0 0.0 0 1
1057.20212766 2229 503 129.478723404 453 0 0.108727869863 0.403543307087 0.0 93 1
1904.0 1904 1904 0.0 0 0 0.0 0.0 0.0 0 1
2151.0 2151 2151 0.0 0 0 0.0 0.0 0.0 0 1
2050.0 2050 2050 0.0 0 0 0.0 0.0 0.0 0 1
1619.52083333 2173 1315 54.3333333333 174 0 0.0309087509364 0.104191616766 0.0 47 1
1951.19047619 2197 1708 18.8095238095 45 0 0.00930754486365 0.0223325062035 0.0 20 1
1757.84313725 1983 1547 26.2941176471 83 0 0.0148276099936 0.0478386167147 0.0 50 1
2086.2 2157 2007 0.8 1 0 0.000382452420442 0.000498007968127 0.0 4 1
1104.16842105 2082 382 115.284210526 383 0 0.107703231588 0.397302904564 0.0 94 1
2075.0 2075 2075 0.0 0 0 0.0 0.0 0.0 0 1
2078.25 2146 2024 0.5 1 0 0.000239898336467 0.000493827160494 0.0 3 1
1619.87755102 2278 1356 81.1224489796 285 0 0.0444932080581 0.140049140049 0.0 48 1
2098.0 2110 2086 0.0 0 0 0.0 0.0 0.0 1 1
2117.0 2117 2117 0.0 0 0 0.0 0.0 0.0 0 1
2115.5 2168 1999 1.0 2 0 0.000464510580928 0.00092980009298 0.0 5 1
1914.0 1914 1914 0.0 0 0 0.0 0.0 0.0 0 1
909.901408451 2065 497 169.676056338 650 0 0.138702900425 0.341536614646 0.0 70 1
1028.0 2099 772 110.111111111 354 0 0.0837165167344 0.272581934452 0.0 71 1
976.024691358 2134 660 117.444444444 480 0 0.0914381665589 0.281359906213 0.0 80 1
1961.71428571 2028 1893 1.14285714286 2 0 0.000582163147778 0.0010498687664 0.0 6 1
2008.0 2008 2008 0.0 0 0 0.0 0.0 0.0 0 1
2082.375 2139 2045 0.625 2 0 0.000297187504466 0.000945179584121 0.0 7 1
2114.0 2114 2114 0.0 0 0 0.0 0.0 0.0 0 1
2080.0 2080 2080 0.0 0 0 0.0 0.0 0.0 0 1
1952.0 2020 1921 0.0 0 0 0.0 0.0 0.0 3 1
1079.87837838 2113 536 117.783783784 396 0 0.0952467823337 0.326463314097 0.0 73 1
1855.0 1890 1820 0.0 0 0 0.0 0.0 0.0 1 1
2031.41666667 2080 1945 1.5 4 0 0.000736142589291 0.00193892389724 0.0 11 1
2233.5 2284 2192 0.833333333333 2 0 0.000371425857408 0.00089605734767 0.0 5 1
2239.33333333 2302 2185 1.0 2 0 0.000443290769252 0.00089565606807 0.0 2 1
1959.0 1959 1959 0.0 0 0 0.0 0.0 0.0 0 1
2096.0 2096 2096 0.0 0 0 0.0 0.0 0.0 0 1
2088.0 2088 2088 0.0 0 0 0.0 0.0 0.0 0 1
1519.7 1996 1299 78.1 199 0 0.0476329340666 0.122588674549 0.0 49 1
1951.0 1951 1951 0.0 0 0 0.0 0.0 0.0 0 1
1972.0 2034 1910 0.0 0 0 0.0 0.0 0.0 1 1
2093.5 2137 2038 0.333333333333 1 0 0.0001567939574 0.000473036896878 0.0 5 1
1912.75 2176 1742 33.4375 89 0 0.0171576906419 0.0430367504836 0.0 31 1
2118.33333333 2150 2088 0.666666666667 2 0 0.000309789343247 0.00092936802974 0.0 2 1
1993.0 1993 1993 0.0 0 0 0.0 0.0 0.0 0 1
2063.0 2070 2056 0.0 0 0 0.0 0.0 0.0 1 1
2025.66666667 2088 1945 1.0 2 0 0.000485405016049 0.000977517106549 0.0 2 1
897.304347826 2153 384 191.84057971 548 0 0.164467033865 0.353375527426 0.0 68 1
2130.0 2177 2099 0.5 1 0 0.000233831824741 0.00047619047619 0.0 3 1
1117.67924528 2097 748 144.509433962 371 0 0.107904812018 0.228571428571 0.0 52 1
2080.0 2080 2080 0.0 0 0 0.0 0.0 0.0 0 1
2087.28571429 2140 2038 1.28571428571 3 0 0.000609523876764 0.00140977443609 0.0 6 1
2007.28571429 2067 1925 1.42857142857 2 0 0.000716027926679 0.00103788271925 0.0 6 1
2173.0 2214 2132 0.5 1 0 0.000225733634312 0.000451467268623 0.0 1 1
1909.5 1923 1896 0.5 1 0 0.000259875259875 0.000519750519751 0.0 1 1
2107.53846154 2169 2029 1.07692307692 3 0 0.000508195654015 0.00140581068416 0.0 12 1
2109.0 2109 2109 0.0 0 0 0.0 0.0 0.0 0 1
1877.61111111 2063 1713 10.8333333333 42 0 0.00566798346346 0.0214285714286 0.0 35 1
2178.0 2178 2178 0.0 0 0 0.0 0.0 0.0 0 1
2058.0 2058 2058 0.0 0 0 0.0 0.0 0.0 0 1
1889.61764706 2175 1709 6.38235294118 25 0 0.00326562371945 0.0118315191671 0.0 33 1
2050.0 2075 2015 1.25 2 0 0.000610338464319 0.000991571641051 0.0 3 1
1103.72058824 2176 742 134.044117647 446 0 0.0980809548929 0.271482889734 0.0 67 1
1978.8 2027 1940 0.8 2 0 0.000399452111415 0.000991080277502 0.0 4 1
2044.5 2066 2023 0.0 0 0 0.0 0.0 0.0 1 1
1609.29787234 2009 1424 59.7234042553 150 0 0.0353356753342 0.08356545961 0.0 46 1
1861.91428571 2125 1658 17.2857142857 60 0 0.00894870286066 0.0289715113472 0.0 34 1
1951.8 1976 1903 0.6 1 0 0.000309815594464 0.000525210084034 0.0 4 1
2256.5 2257 2256 0.5 1 0 0.00022143489814 0.00044286979628 0.0 1 1
1855.0 1879 1829 1.16666666667 3 0 0.000624777872412 0.00159404888417 0.0 5 1
1941.0 1941 1941 0.0 0 0 0.0 0.0 0.0 0 1
2131.2 2145 2122 0.6 1 0 0.000281476333978 0.000471031559114 0.0 4 1
764.766990291 2062 291 130.145631068 419 0 0.139654450373 0.300693909021 0.0 102 1
1111.58181818 1948 664 139.381818182 471 0 0.102266806073 0.318370165746 0.0 54 1
2011.0 2011 2011 0.0 0 0 0.0 0.0 0.0 0 1
1205.00909091 2112 587 90.2 383 0 0.0818254893805 0.366858237548 0.0 109 1
2106.0 2125 2087 0.0 0 0 0.0 0.0 0.0 1 1
1588.01818182 2149 1205 74.0545454545 193 0 0.0423209111042 0.103098290598 0.0 54 1
1738.63265306 2125 1428 55.9387755102 170 0 0.030999504555 0.0965360590574 0.0 48 1
2103.0 2103 2103 0.0 0 0 0.0 0.0 0.0 0 1
2256.0 2256 2256 0.0 0 0 0.0 0.0 0.0 0 1
918.591836735 2233 394 160.908163265 517 0 0.141302388098 0.453477868112 0.0 97 1
1144.8902439 2196 385 135.792682927 420 0 0.121490435025 0.424686192469 0.0 81 1
2217.0 2217 2217 0.0 0 0 0.0 0.0 0.0 0 1
2224.0 2246 2202 0.0 0 0 0.0 0.0 0.0 1 1
741.430107527 1976 470 134.494623656 546 0 0.1361027755 0.361029411765 0.0 92 1
1676.04761905 2030 1479 80.9047619048 181 0 0.0440760798034 0.0936012691698 0.0 41 1
2170.71428571 2232 2153 0.714285714286 2 0 0.000326337208236 0.000895255147717 0.0 6 1
1827.0 1835 1819 0.5 1 0 0.000274725274725 0.000549450549451 0.0 1 1
1993.0 1993 1993 0.0 0 0 0.0 0.0 0.0 0 1
2135.0 2135 2135 0.0 0 0 0.0 0.0 0.0 0 1
2204.0 2204 2204 0.0 0 0 0.0 0.0 0.0 0 1
2083.71428571 2136 2034 0.428571428571 1 0 0.00020336136577 0.000479846449136 0.0 6 1
2026.0 2026 2026 0.0 0 0 0.0 0.0 0.0 0 1
1959.25 2010 1920 0.75 2 0 0.000387872510559 0.00103092783505 0.0 3 1
1974.0 1974 1974 0.0 0 0 0.0 0.0 0.0 0 1
2193.5 2211 2176 0.5 1 0 0.000226039783002 0.000452079566004 0.0 1 1
1729.86956522 2103 1546 37.4347826087 148 0 0.019934846207 0.0772039645279 0.0 45 1
2267.0 2267 2267 0.0 0 0 0.0 0.0 0.0 0 1
2143.85714286 2203 2064 1.57142857143 4 0 0.000735438011804 0.00186567164179 0.0 13 1
2093.0 2093 2093 0.0 0 0 0.0 0.0 0.0 0 1
2052.0 2084 2020 0.5 1 0 0.000247402276101 0.000494804552202 0.0 1 1
2158.0 2200 2130 0.666666666667 1 0 0.000306846467682 0.0004662004662 0.0 2 1
2014.0 2046 1982 0.5 1 0 0.000252143217347 0.000504286434695 0.0 1 1
1952.0 1952 1952 0.0 0 0 0.0 0.0 0.0 0 1
2121.64285714 2308 1963 4.71428571429 12 0 0.00220233240251 0.00561534861956 0.0 13 1
2114.5 2119 2110 1.0 2 0 0.000473484848485 0.00094696969697 0.0 1 1
2226.0 2226 2226 0.0 0 0 0.0 0.0 0.0 0 1
2113.75 2129 2100 1.25 2 0 0.000592431239352 0.000951474785918 0.0 3 1
2190.0 2190 2190 0.0 0 0 0.0 0.0 0.0 0 1
2289.0 2289 2289 0.0 0 0 0.0 0.0 0.0 0 1
2099.5 2128 2068 0.25 1 0 0.000117426021606 0.000469704086426 0.0 3 1
1882.35135135 2152 1701 15.4864864865 57 0 0.00812164798555 0.0284289276808 0.0 36 1
2083.0 2088 2078 0.5 1 0 0.000239348970799 0.000478697941599 0.0 1 1
2044.2 2125 1985 0.4 1 0 0.000195076981915 0.000489476260401 0.0 4 1
2035.0 2079 1992 0.666666666667 1 0 0.000324056574057 0.0004914004914 0.0 2 1
1932.5 1940 1925 1.0 2 0 0.000514933058702 0.0010298661174 0.0 1 1
1898.7 1980 1788 0.9 2 0 0.000478186045202 0.00107353730542 0.0 9 1
2050.66666667 2110 1982 0.666666666667 1 0 0.000319636833717 0.000485201358564 0.0 2 1
1943.5 2069 1867 1.41666666667 3 0 0.000734565011787 0.00160427807487 0.0 11 1
2108.0 2108 2108 0.0 0 0 0.0 0.0 0.0 0 1
1088.28089888 2253 448 134.269662921 385 0 0.116846050278 0.382456140351 0.0 88 1
2243.5 2244 2243 1.0 2 0 0.000445235975067 0.000890471950134 0.0 1 1
1988.0 1988 1988 0.0 0 0 0.0 0.0 0.0 0 1
1970.4 2022 1926 0.8 2 0 0.000407138405923 0.00103734439834 0.0 4 1
1999.57142857 2117 1889 1.0 2 0 0.000496269936569 0.00100050025013 0.0 6 1
1656.44444444 2150 1400 70.4074074074 186 0 0.038989226248 0.111246200608 0.0 53 1
2180.0 2206 2152 0.666666666667 1 0 0.00030372965487 0.000458085203848 0.0 2 1
2034.0 2034 2034 0.0 0 0 0.0 0.0 0.0 0 1
2155.57142857 2226 2103 1.14285714286 2 0 0.000531423246573 0.000934142923867 0.0 6 1
1509.30588235 1971 1291 39.2235294118 156 0 0.0247460440071 0.0979643765903 0.0 84 1
1841.97297297 2104 1706 6.48648648649 17 0 0.00357304851348 0.00943396226415 0.0 36 1
1828.58333333 2028 1626 18.7083333333 48 0 0.00979990909668 0.0245687401986 0.0 23 1
2193.33333333 2264 2151 0.333333333333 1 0 0.000147167034584 0.000441501103753 0.0 2 1
2108.0 2210 2032 1.42857142857 4 0 0.000684247449741 0.00196463654224 0.0 6 1
650.565656566 2075 174 136.797979798 511 0 0.16163547348 0.361155698234 0.0 98 1
777.277108434 2233 322 153.975903614 517 0 0.14973934606 0.327215189873 0.0 82 1
2057.75 2132 1923 0.5 2 0 0.000239027356443 0.000969461948619 0.0 7 1
2207.0 2207 2207 0.0 0 0 0.0 0.0 0.0 0 1
2193.0 2200 2186 0.0 0 0 0.0 0.0 0.0 1 1
1086.8115942 2156 721 121.956521739 376 0 0.0921147206906 0.254570074475 0.0 68 1
1086.14814815 2191 439 121.638888889 449 0 0.112652926597 0.460512820513 0.0 107 1
895.818181818 2078 537 131.818181818 504 0 0.122468162102 0.344274252371 0.0 87 1
2155.0 2155 2155 0.0 0 0 0.0 0.0 0.0 0 1
1887.2 1934 1846 0.8 2 0 0.000425119172679 0.00104712041885 0.0 4 1
1039.01298701 2102 451 139.233766234 410 0 0.12277991828 0.418067226891 0.0 76 1
2086.33333333 2113 2057 0.333333333333 1 0 0.000161969549725 0.000485908649174 0.0 2 1
1937.33333333 1987 1874 0.333333333333 1 0 0.000167672702884 0.000503018108652 0.0 2 1
1077.28125 2176 446 179.0625 443 0 0.150041454794 0.374777975133 0.0 63 1
2115.0 2115 2115 0.0 0 0 0.0 0.0 0.0 0 1
1046.0 2159 549 163.52238806 397 0 0.122130285891 0.245972738538 0.0 66 1
1076.10843373 2026 684 103.578313253 440 0 0.0817581161364 0.30428769018 0.0 82 1
2061.04545455 2178 1962 1.13636363636 4 0 0.000550686710636 0.0019267822736 0.0 21 1
1788.5 1799 1778 0.5 1 0 0.000277777777778 0.000555555555556 0.0 1 1
1819.8 1969 1705 39.7428571429 116 0 0.0207270861437 0.0590932246561 0.0 34 1
2073.0 2073 2073 0.0 0 0 0.0 0.0 0.0 0 1
2011.0 2073 1979 0.333333333333 1 0 0.00016818028927 0.00050454086781 0.0 2 1
1172.02985075 2219 791 141.388059701 439 0 0.0975383747581 0.312455516014 0.0 66 1
1661.11764706 2218 1356 62.5882352941 163 0 0.0344638800117 0.0832907511497 0.0 50 1
1950.0 1950 1950 0.0 0 0 0.0 0.0 0.0 0 1
987.224299065 2106 482 119.327102804 332 0 0.110688805887 0.270114942529 0.0 106 1
1827.31481481 2213 1571 26.3148148148 71 0 0.0140046374723 0.0379815518177 0.0 53 1
1915.0 1934 1896 0.5 1 0 0.000263574064312 0.000527148128624 0.0 1 1
994.695238095 2024 305 123.371428571 464 0 0.129073114002 0.505494505495 0.0 104 1
2248.0 2284 2212 1.5 3 0 0.0006558810669 0.0013117621338 0.0 1 1
1948.02777778 2088 1831 29.6111111111 118 0 0.0146800919911 0.0567035079289 0.0 35 1
2202.0 2202 2202 0.0 0 0 0.0 0.0 0.0 0 1
1937.0 1965 1897 1.0 2 0 0.000522002133377 0.00105318588731 0.0 2 1
1962.66666667 2092 1753 12.3174603175 46 0 0.00614012640354 0.0221473278767 0.0 62 1
1035.76388889 2283 505 156.361111111 421 0 0.130994697649 0.389112903226 0.0 71 1
2039.0 2039 2039 0.0 0 0 0.0 0.0 0.0 0 1
2068.66666667 2085 2050 0.333333333333 1 0 0.000159795461809 0.000479386385427 0.0 2 1
2071.0 2121 2032 0.25 1 0 0.000121418164157 0.000485672656629 0.0 3 1
1134.04761905 2118 781 130.698412698 427 0 0.0905635103058 0.292943692088 0.0 62 1
2113.0 2113 2113 0.0 0 0 0.0 0.0 0.0 0 1
1897.0 1897 1897 0.0 0 0 0.0 0.0 0.0 0 1
1932.0 1932 1932 0.0 0 0 0.0 0.0 0.0 0 1
1115.51162791 2354 695 101.046511628 501 0 0.0698942346022 0.316088328076 0.0 85 1
1065.37681159 2021 706 124.52173913 367 0 0.0924077826304 0.270624518119 0.0 68 1
1228.47457627 2044 782 154.440677966 471 0 0.0999886580423 0.302699228792 0.0 58 1
2196.0 2196 2196 0.0 0 0 0.0 0.0 0.0 0 1
1999.42857143 2045 1958 0.571428571429 1 0 0.000285354808019 0.000510464522716 0.0 6 1
1734.38235294 1836 1627 30.0882352941 103 0 0.0168535110053 0.0550213675214 0.0 33 1
2073.5 2077 2070 0.5 1 0 0.000240615976901 0.000481231953802 0.0 1 1
2084.0 2084 2084 0.0 0 0 0.0 0.0 0.0 0 1
931.184615385 2085 533 154.184615385 411 0 0.129702598854 0.30399408284 0.0 64 1
2023.69230769 2082 1925 1.38461538462 4 0 0.000688481096818 0.00206611570248 0.0 12 1
2096.0 2096 2096 0.0 0 0 0.0 0.0 0.0 0 1
1202.88235294 2244 833 133.117647059 409 0 0.0904324494744 0.239888423989 0.0 67 1
2016.5 2050 1983 0.5 1 0 0.000243783520234 0.000487567040468 0.0 1 1
2183.0 2224 2142 0.0 0 0 0.0 0.0 0.0 1 1
2216.5 2219 2214 0.5 1 0 0.000225733634312 0.000451467268623 0.0 1 1
1958.86666667 2120 1859 3.0 11 0 0.00154868250709 0.00568769389866 0.0 14 1
1112.84126984 2083 779 123.396825397 463 0 0.0861606361063 0.271091811414 0.0 62 1
2098.0 2122 2074 0.5 1 0 0.000240963855422 0.000481927710843 0.0 1 1
2115.0 2139 2091 0.5 1 0 0.000233644859813 0.000467289719626 0.0 1 1
926.395061728 2123 552 125.827160494 515 0 0.103777780978 0.349626612356 0.0 80 1
1197.86666667 2081 878 145.65 395 0 0.0996097729615 0.266351989211 0.0 59 1
2058.0 2090 2026 0.0 0 0 0.0 0.0 0.0 1 1
2110.5 2175 2046 0.0 0 0 0.0 0.0 0.0 1 1
2114.5 2142 2087 0.0 0 0 0.0 0.0 0.0 1 1
987.746031746 1992 575 160.444444444 417 0 0.127216254233 0.286607142857 0.0 62 1
2126.71428571 2157 2070 1.28571428571 2 0 0.000600781101079 0.000949216896061 0.0 6 1
2095.0 2095 2095 0.0 0 0 0.0 0.0 0.0 0 1
1089.33098592 2029 403 96.6478873239 443 0 0.0995310563935 0.32428115016 0.0 141 1
2109.2 2173 2048 0.8 1 0 0.000382069538791 0.000488042947779 0.0 4 1
2044.5 2114 2011 0.75 1 0 0.000364819048435 0.000495785820526 0.0 3 1
1006.4245283 2149 400 123.113207547 468 0 0.113831424121 0.448058761805 0.0 105 1
1929.33333333 2016 1885 0.333333333333 1 0 0.000165261940175 0.000495785820526 0.0 2 1
2047.33333333 2155 1917 1.55555555556 4 0 0.000737302190239 0.0018648018648 0.0 8 1
2142.33333333 2153 2131 0.666666666667 1 0 0.000311098568453 0.00046904315197 0.0 2 1
2092.5 2100 2085 0.5 1 0 0.000239693192713 0.000479386385427 0.0 1 1
1292.93939394 2085 742 133.515151515 402 0 0.0902858630678 0.275912408759 0.0 65 1
2248.66666667 2269 2218 1.0 2 0 0.000445072599852 0.000884564352057 0.0 2 1
2112.0 2112 2112 0.0 0 0 0.0 0.0 0.0 0 1
1108.76033058 2066 416 98.5289256198 386 0 0.0883708982675 0.373841400618 0.0 120 1
2025.0 2025 2025 0.0 0 0 0.0 0.0 0.0 0 1
2035.0 2035 2035 0.0 0 0 0.0 0.0 0.0 0 1
2052.2 2118 2000 0.6 1 0 0.000292085879106 0.000499750124938 0.0 4 1
2052.15384615 2223 1955 0.846153846154 2 0 0.000404919618339 0.00098814229249 0.0 12 1
2004.0 2004 2004 0.0 0 0 0.0 0.0 0.0 0 1
1313.92929293 2070 597 95.0808080808 338 0 0.0728063539299 0.314885496183 0.0 98 1
2093.33333333 2124 2062 0.666666666667 1 0 0.000318439736534 0.000484730974309 0.0 2 1
2157.66666667 2188 2142 0.333333333333 1 0 0.000155472636816 0.000466417910448 0.0 2 1
1681.59183673 2267 1430 65.0204081633 189 0 0.0360555518886 0.105204252938 0.0 48 1
1070.01333333 2209 680 129.426666667 627 0 0.0928309120714 0.355414012739 0.0 74 1
1187.55072464 2046 719 104.811594203 319 0 0.0818039063171 0.248442367601 0.0 68 1
1030.40909091 2075 418 129.022727273 429 0 0.115726389118 0.366255144033 0.0 87 1
2057.0 2069 2045 0.0 0 0 0.0 0.0 0.0 1 1
2070.0 2089 2051 0.5 1 0 0.000239234449761 0.000478468899522 0.0 1 1
1557.29411765 2169 1373 51.7205882353 183 0 0.0294875068733 0.0960174577196 0.0 67 1
2163.66666667 2171 2151 0.333333333333 1 0 0.000154894671623 0.00046468401487 0.0 2 1
2057.78947368 2182 1914 5.21052631579 13 0 0.00248730686929 0.00614657210402 0.0 18 1
1945.42857143 2001 1883 1.0 3 0 0.000505373677699 0.00149700598802 0.0 6 1
1481.875 2013 1274 52.328125 172 0 0.0331850802756 0.104242424242 0.0 63 1
908.211764706 2307 561 119.635294118 600 0 0.0944879424923 0.320435308343 0.0 84 1
1837.05 2127 1663 25.025 94 0 0.0129806190405 0.0470235117559 0.0 39 1
939.964912281 2264 373 125.070175439 458 0 0.131466264557 0.434535104364 0.0 113 1
1948.96296296 2183 1798 13.3333333333 37 0 0.00664152222949 0.0177713736792 0.0 26 1
2155.0 2155 2155 0.0 0 0 0.0 0.0 0.0 0 1
935.636363636 2105 342 87.0839160839 456 0 0.0929482671581 0.440816326531 0.0 142 1
2000.0 2000 2000 0.0 0 0 0.0 0.0 0.0 0 1
2076.0 2076 2076 0.0 0 0 0.0 0.0 0.0 0 1
1991.0 1992 1990 0.0 0 0 0.0 0.0 0.0 1 1
2127.0 2127 2127 0.0 0 0 0.0 0.0 0.0 0 1
1121.17460317 2113 884 149.158730159 398 0 0.10297718246 0.256609642302 0.0 62 1
1971.75 2012 1906 0.0 0 0 0.0 0.0 0.0 3 1
2126.375 2240 2064 1.125 2 0 0.000526802692587 0.000939408172851 0.0 7 1
2017.66666667 2076 1976 0.666666666667 1 0 0.000330986812946 0.000503524672709 0.0 5 1
1238.2125 2337 760 118.5875 465 0 0.0814952186624 0.313977042539 0.0 79 1
1968.5 1984 1953 0.5 1 0 0.000251889168766 0.000503778337531 0.0 1 1
2086.5 2118 2055 0.5 1 0 0.000243190661479 0.000486381322957 0.0 1 1
2000.08333333 2051 1956 0.5 2 0 0.000247660182443 0.000982800982801 0.0 11 1
2048.5 2075 2022 0.5 1 0 0.0002408477842 0.000481695568401 0.0 1 1
2084.5 2105 2065 0.5 1 0 0.00024062400126 0.000484027105518 0.0 3 1
1964.5 2004 1925 0.0 0 0 0.0 0.0 0.0 1 1
2014.0 2089 1975 0.5 1 0 0.000243809972024 0.000496770988574 0.0 3 1
2008.0 2008 2008 0.0 0 0 0.0 0.0 0.0 0 1
1946.5 1985 1902 1.125 2 0 0.000575509449009 0.00101988781234 0.0 7 1
2133.0 2133 2133 0.0 0 0 0.0 0.0 0.0 0 1
2185.0 2231 2140 0.6 2 0 0.000273362318974 0.00090661831369 0.0 4 1
2082.0 2082 2082 0.0 0 0 0.0 0.0 0.0 0 1
2046.0 2046 2046 0.0 0 0 0.0 0.0 0.0 0 1
1994.3 2098 1932 0.8 3 0 0.000394378419998 0.0014612761812 0.0 9 1
1978.0 1978 1978 0.0 0 0 0.0 0.0 0.0 0 1
2063.0 2063 2063 0.0 0 0 0.0 0.0 0.0 0 1
742.086538462 2162 329 121.086538462 524 0 0.129830048995 0.329352608422 0.0 103 1
2087.0 2087 2087 0.0 0 0 0.0 0.0 0.0 0 1
1964.33333333 2005 1936 0.0 0 0 0.0 0.0 0.0 2 1
1601.55952381 2139 1237 31.5714285714 118 0 0.0199022338644 0.0703218116806 0.0 83 1
2086.0 2116 2038 0.666666666667 2 0 0.000314762354422 0.000944287063267 0.0 2 1
2154.5 2186 2111 1.0 2 0 0.00046795133675 0.000946521533365 0.0 3 1
2036.0 2036 2036 0.0 0 0 0.0 0.0 0.0 0 1
1506.30666667 2096 1282 56.4 188 0 0.0346240706491 0.122395833333 0.0 74 1
1846.36 1998 1745 43.96 127 0 0.0224570956664 0.063627254509 0.0 24 1
2096.66666667 2136 2045 1.0 2 0 0.000469795781444 0.000935453695042 0.0 2 1
1956.5 2029 1908 1.16666666667 3 0 0.000600785633354 0.00153846153846 0.0 5 1
2179.33333333 2202 2161 0.333333333333 1 0 0.00015318627451 0.000459558823529 0.0 2 1
2075.22222222 2114 2049 1.33333333333 4 0 0.000641872741961 0.0019305019305 0.0 8 1
2183.0 2183 2183 0.0 0 0 0.0 0.0 0.0 0 1
2121.0 2121 2121 0.0 0 0 0.0 0.0 0.0 0 1
2035.83333333 2107 1990 1.5 2 0 0.000731398960912 0.000999000999001 0.0 5 1
2147.0 2147 2147 0.0 0 0 0.0 0.0 0.0 0 1
2276.0 2375 2194 1.1 2 0 0.00048074876321 0.000874125874126 0.0 9 1
1654.72857143 2148 1356 59.0142857143 212 0 0.0335917146949 0.1185019564 0.0 69 1
1483.54716981 1987 1253 49.2830188679 132 0 0.0304375931959 0.0832196452933 0.0 52 1
2143.33333333 2204 2103 1.66666666667 3 0 0.000772572990735 0.00141110065851 0.0 2 1
2025.78571429 2080 1930 1.92857142857 4 0 0.000944668816244 0.0019305019305 0.0 13 1
1755.3 2105 1544 25.975 88 0 0.0143520572635 0.0493273542601 0.0 39 1
2111.75 2198 1993 0.5 1 0 0.000233248059148 0.000478240076518 0.0 3 1
2160.66666667 2186 2111 0.0 0 0 0.0 0.0 0.0 2 1
886.870689655 2150 301 128.75862069 516 0 0.129817876165 0.456266907124 0.0 115 1
2039.5 2092 1969 1.0 2 0 0.000483430632896 0.00096015362458 0.0 3 1
2014.75 2056 1993 1.75 3 0 0.000866029083136 0.00149925037481 0.0 3 1
2123.0 2123 2123 0.0 0 0 0.0 0.0 0.0 0 1
1971.0 1971 1971 0.0 0 0 0.0 0.0 0.0 0 1
2050.0 2050 2050 0.0 0 0 0.0 0.0 0.0 0 1
2138.0 2181 2095 0.5 1 0 0.000238549618321 0.000477099236641 0.0 1 1
2016.0 2076 1956 0.0 0 0 0.0 0.0 0.0 1 1
1095.06557377 2073 718 148.721311475 386 0 0.110020756379 0.295558958652 0.0 60 1
1975.0 2001 1949 0.5 1 0 0.00024975024975 0.0004995004995 0.0 1 1
1951.33333333 1967 1938 0.666666666667 1 0 0.000341286612969 0.000515729757607 0.0 2 1
2089.8 2147 2016 0.0 0 0 0.0 0.0 0.0 4 1
1555.00877193 2091 1327 32.2456140351 155 0 0.0197458205789 0.097056981841 0.0 113 1
