2020.47058824 2086 1936 3.0 5 0 0.00147417013056 0.00249875062469 0.0 16 1
2116.0 2154 2071 1.33333333333 2 0 0.000627863005221 0.000951022349025 0.0 5 1
2072.66666667 2100 2040 0.0 0 0 0.0 0.0 0.0 2 1
2152.0 2220 2114 1.0 2 0 0.000471477608153 0.000941619585687 0.0 2 1
2019.5 2028 2011 0.5 1 0 0.000246426811237 0.000492853622474 0.0 1 1
2080.0 2123 2037 0.5 1 0 0.000245338567223 0.000490677134446 0.0 1 1
1879.6 1966 1815 1.5 3 0 0.000796559973326 0.0016339869281 0.0 9 1
2327.0 2358 2296 0.5 1 0 0.000217675228559 0.000435350457118 0.0 1 1
2024.83333333 2062 1919 0.666666666667 1 0 0.000326050970893 0.000492610837438 0.0 5 1
2056.0 2056 2056 0.0 0 0 0.0 0.0 0.0 0 1
2063.0 2078 2041 0.666666666667 1 0 0.000321286334484 0.000482858522453 0.0 2 1
2199.5 2241 2158 0.5 1 0 0.000231588698472 0.000463177396943 0.0 1 1
2136.25 2231 2034 1.0 2 0 0.000474106643148 0.000942063118229 0.0 3 1
2007.0 2007 2007 0.0 0 0 0.0 0.0 0.0 0 1
2088.0 2118 2055 0.333333333333 1 0 0.000157306905773 0.000471920717319 0.0 2 1
2038.0 2038 2038 0.0 0 0 0.0 0.0 0.0 0 1
1960.6 2082 1850 1.3 3 0 0.000661228683051 0.00152361604876 0.0 9 1
2117.4 2205 2071 1.8 5 0 0.000843500380736 0.00239348970799 0.0 9 1
2047.75 2153 1940 1.5 3 0 0.000711156025417 0.00139146567718 0.0 3 1
1995.2 2064 1932 1.2 2 0 0.000593558093179 0.000991080277502 0.0 4 1
1972.0 1988 1956 0.5 1 0 0.000251382604324 0.000502765208648 0.0 1 1
2176.5 2197 2156 1.0 2 0 0.000463392029657 0.000926784059314 0.0 1 1
2149.0 2149 2149 0.0 0 0 0.0 0.0 0.0 0 1
2185.0 2185 2185 0.0 0 0 0.0 0.0 0.0 0 1
1862.0 1862 1862 0.0 0 0 0.0 0.0 0.0 0 1
2138.0 2138 2138 0.0 0 0 0.0 0.0 0.0 0 1
2044.0 2047 2041 0.0 0 0 0.0 0.0 0.0 1 1
1997.8 2072 1866 2.0 4 0 0.000984716183812 0.00195790504161 0.0 4 1
1955.0 1955 1955 0.0 0 0 0.0 0.0 0.0 0 1
2005.66666667 2040 1964 0.666666666667 1 0 0.000335143394036 0.000508905852417 0.0 2 1
2045.83333333 2088 2001 0.333333333333 1 0 0.000163585669446 0.000497017892644 0.0 5 1
2152.0 2152 2152 0.0 0 0 0.0 0.0 0.0 0 1
2111.25 2143 2083 0.5 1 0 0.00023525658962 0.00047460844803 0.0 3 1
2031.2 2081 1950 0.4 1 0 0.000196137830222 0.000494071146245 0.0 4 1
1893.0 1893 1893 0.0 0 0 0.0 0.0 0.0 0 1
1952.81818182 2038 1878 1.54545454545 4 0 0.000786883452064 0.0020366598778 0.0 10 1
1923.66666667 1959 1902 1.0 2 0 0.000518743062078 0.0010460251046 0.0 2 1
2030.0 2030 2030 0.0 0 0 0.0 0.0 0.0 0 1
1981.0 1981 1981 0.0 0 0 0.0 0.0 0.0 0 1
2120.0 2153 2063 0.75 1 0 0.000355544365461 0.000484496124031 0.0 3 1
2034.0 2034 2034 0.0 0 0 0.0 0.0 0.0 0 1
1946.66666667 2020 1869 0.0 0 0 0.0 0.0 0.0 2 1
2171.0 2186 2156 0.0 0 0 0.0 0.0 0.0 1 1
1937.0 1937 1937 0.0 0 0 0.0 0.0 0.0 0 1
2112.5 2157 2066 0.0 0 0 0.0 0.0 0.0 3 1
2137.5 2170 2105 0.0 0 0 0.0 0.0 0.0 1 1
2008.0 2008 2008 0.0 0 0 0.0 0.0 0.0 0 1
2095.0 2115 2075 0.0 0 0 0.0 0.0 0.0 1 1
1926.33333333 1949 1883 0.0 0 0 0.0 0.0 0.0 2 1
2120.5 2161 2080 1.0 2 0 0.000480307396734 0.000960614793468 0.0 1 1
1954.84210526 2108 1770 1.68421052632 4 0 0.000846944695408 0.00199104031857 0.0 18 1
1953.72727273 2030 1888 1.72727272727 3 0 0.000884823725126 0.00158646218932 0.0 10 1
2078.0 2078 2078 0.0 0 0 0.0 0.0 0.0 0 1
1987.0 1987 1987 0.0 0 0 0.0 0.0 0.0 0 1
2191.0 2191 2191 0.0 0 0 0.0 0.0 0.0 0 1
1992.33333333 2019 1975 0.333333333333 1 0 0.000168690958165 0.000506072874494 0.0 2 1
2000.5 2025 1976 1.0 2 0 0.000493339911199 0.000986679822398 0.0 1 1
2028.0 2028 2028 0.0 0 0 0.0 0.0 0.0 0 1
1984.42857143 2020 1927 0.857142857143 1 0 0.000432535531916 0.00051867219917 0.0 6 1
2085.0 2085 2085 0.0 0 0 0.0 0.0 0.0 0 1
1991.5 2002 1981 0.0 0 0 0.0 0.0 0.0 1 1
2021.0 2021 2021 0.0 0 0 0.0 0.0 0.0 0 1
2037.25 2075 1977 0.75 1 0 0.000364423606372 0.000494071146245 0.0 3 1
2075.57142857 2178 2002 1.42857142857 4 0 0.000688755280445 0.00197921820881 0.0 6 1
2033.0 2033 2033 0.0 0 0 0.0 0.0 0.0 0 1
2166.0 2166 2166 0.0 0 0 0.0 0.0 0.0 0 1
2008.0 2018 1998 0.5 1 0 0.000250125062531 0.000500250125063 0.0 1 1
1997.16666667 2043 1944 2.16666666667 5 0 0.00107208106394 0.00244140625 0.0 5 1
1989.0 2022 1945 0.0 0 0 0.0 0.0 0.0 2 1
1974.5 1993 1956 0.0 0 0 0.0 0.0 0.0 1 1
2101.33333333 2137 2050 0.666666666667 1 0 0.000319903524034 0.000487567040468 0.0 2 1
2072.0 2094 2044 0.666666666667 1 0 0.000319442483325 0.000481000481 0.0 2 1
2230.0 2253 2207 0.5 1 0 0.000226449275362 0.000452898550725 0.0 1 1
2071.8 2120 2005 1.0 2 0 0.00048956735288 0.000996512207275 0.0 4 1
2090.0 2105 2075 0.0 0 0 0.0 0.0 0.0 1 1
1985.0 1985 1985 0.0 0 0 0.0 0.0 0.0 0 1
2119.5 2120 2119 1.0 2 0 0.000471475719 0.000942951438001 0.0 1 1
2111.0 2111 2111 0.0 0 0 0.0 0.0 0.0 0 1
2000.5 2015 1981 1.0 2 0 0.000497462846152 0.000992063492063 0.0 3 1
2166.6 2271 2112 0.2 1 0 8.80281690141e-05 0.00044014084507 0.0 4 1
2003.0 2029 1977 0.5 1 0 0.000246305418719 0.000492610837438 0.0 1 1
2076.0 2076 2076 0.0 0 0 0.0 0.0 0.0 0 1
2267.5 2296 2216 0.5 2 0 0.0002186270223 0.0008745080892 0.0 3 1
2009.625 2061 1945 1.125 3 0 0.00055609530267 0.00147275405007 0.0 7 1
2008.5 2037 1975 1.0 2 0 0.000499939759005 0.00100300902708 0.0 3 1
2065.0 2100 2017 0.0 0 0 0.0 0.0 0.0 2 1
2110.33333333 2137 2072 0.0 0 0 0.0 0.0 0.0 2 1
1935.66666667 2042 1871 0.666666666667 1 0 0.000340718403402 0.000524383848977 0.0 5 1
1970.0 1970 1970 0.0 0 0 0.0 0.0 0.0 0 1
2101.22222222 2275 1986 1.44444444444 3 0 0.000674624243406 0.00136861313869 0.0 8 1
2230.0 2230 2230 0.0 0 0 0.0 0.0 0.0 0 1
2021.0 2021 2021 0.0 0 0 0.0 0.0 0.0 0 1
2199.5 2211 2188 0.0 0 0 0.0 0.0 0.0 1 1
2066.0 2066 2066 0.0 0 0 0.0 0.0 0.0 0 1
2089.4 2136 1982 0.8 2 0 0.000376396681237 0.000938526513374 0.0 4 1
1865.0 1865 1865 0.0 0 0 0.0 0.0 0.0 0 1
2001.0 2001 2001 0.0 0 0 0.0 0.0 0.0 0 1
2075.0 2085 2065 0.0 0 0 0.0 0.0 0.0 1 1
1955.14285714 2028 1894 1.71428571429 3 0 0.000871775300614 0.0015690376569 0.0 6 1
2187.75 2229 2157 0.75 1 0 0.000342163031372 0.000463392029657 0.0 3 1
2060.0 2087 2021 0.666666666667 1 0 0.000320439956899 0.000482392667631 0.0 2 1
2075.0 2075 2075 0.0 0 0 0.0 0.0 0.0 0 1
1885.5 1894 1877 0.0 0 0 0.0 0.0 0.0 1 1
1999.0 1999 1999 0.0 0 0 0.0 0.0 0.0 0 1
2120.69230769 2201 2056 1.61538461538 3 0 0.000760784537507 0.00145701796989 0.0 12 1
2210.0 2210 2210 0.0 0 0 0.0 0.0 0.0 0 1
2138.0 2138 2138 0.0 0 0 0.0 0.0 0.0 0 1
2038.0 2038 2038 0.0 0 0 0.0 0.0 0.0 0 1
1869.5 1890 1849 0.5 1 0 0.000264410364886 0.000528820729773 0.0 1 1
2075.0 2075 2075 0.0 0 0 0.0 0.0 0.0 0 1
2159.83333333 2227 2090 0.666666666667 1 0 0.000306344511871 0.000478240076518 0.0 5 1
1853.25 1938 1793 0.0 0 0 0.0 0.0 0.0 3 1
2156.33333333 2195 2080 0.333333333333 1 0 0.000151791135398 0.000455373406193 0.0 2 1
1945.0 1981 1884 0.6 1 0 0.0003043733427 0.000511508951407 0.0 4 1
2268.0 2268 2268 0.0 0 0 0.0 0.0 0.0 0 1
1893.0 1893 1893 0.0 0 0 0.0 0.0 0.0 0 1
2025.0 2025 2025 0.0 0 0 0.0 0.0 0.0 0 1
2006.0 2006 2006 0.0 0 0 0.0 0.0 0.0 0 1
2214.6 2356 2026 0.8 3 0 0.000359090966812 0.0013221683561 0.0 14 1
2256.0 2284 2228 0.0 0 0 0.0 0.0 0.0 1 1
1970.0 1978 1962 0.5 1 0 0.000254712175242 0.000509424350484 0.0 1 1
2268.5 2296 2241 0.0 0 0 0.0 0.0 0.0 1 1
2121.0 2275 2009 0.875 2 0 0.00041682138849 0.000946073793756 0.0 7 1
2016.0 2016 2016 0.0 0 0 0.0 0.0 0.0 0 1
2074.5 2104 2022 1.0 3 0 0.000478822454823 0.00144023043687 0.0 3 1
2171.0 2171 2171 0.0 0 0 0.0 0.0 0.0 0 1
1997.90909091 2030 1933 0.636363636364 2 0 0.000317895130826 0.0010055304173 0.0 10 1
2132.66666667 2149 2112 0.333333333333 1 0 0.000157753588894 0.000473260766682 0.0 2 1
2095.0 2152 2034 0.75 1 0 0.000360562499572 0.0004914004914 0.0 3 1
1969.75 2045 1924 1.0 2 0 0.000502664726766 0.000977039570103 0.0 3 1
2191.0 2191 2191 0.0 0 0 0.0 0.0 0.0 0 1
2128.5 2147 2110 0.5 1 0 0.000232774674115 0.000465549348231 0.0 1 1
2114.5 2129 2100 0.0 0 0 0.0 0.0 0.0 1 1
2237.0 2241 2233 0.5 1 0 0.000223015165031 0.000446030330062 0.0 1 1
2216.0 2216 2216 0.0 0 0 0.0 0.0 0.0 0 1
1959.0 1959 1959 0.0 0 0 0.0 0.0 0.0 0 1
2231.0 2231 2231 0.0 0 0 0.0 0.0 0.0 0 1
2190.0 2190 2190 0.0 0 0 0.0 0.0 0.0 0 1
1952.0 1962 1942 0.0 0 0 0.0 0.0 0.0 1 1
2375.0 2375 2375 0.0 0 0 0.0 0.0 0.0 0 1
2026.83333333 2066 1964 1.66666666667 3 0 0.000816276751208 0.00145067698259 0.0 5 1
2156.0 2156 2156 0.0 0 0 0.0 0.0 0.0 0 1
2100.5 2107 2094 0.0 0 0 0.0 0.0 0.0 1 1
2054.0 2054 2054 0.0 0 0 0.0 0.0 0.0 0 1
2040.0 2040 2040 0.0 0 0 0.0 0.0 0.0 0 1
2131.0 2131 2131 0.0 0 0 0.0 0.0 0.0 0 1
2054.70588235 2130 1986 1.76470588235 4 0 0.000863959285507 0.00201005025126 0.0 16 1
2073.0 2073 2073 0.0 0 0 0.0 0.0 0.0 0 1
2109.0 2109 2109 0.0 0 0 0.0 0.0 0.0 0 1
1980.44444444 2068 1941 1.22222222222 3 0 0.000614013283842 0.00149775336995 0.0 8 1
1987.0 1997 1977 0.5 1 0 0.000252780586451 0.000505561172902 0.0 1 1
1977.0 2002 1938 1.5 4 0 0.000760330833199 0.00202634245187 0.0 3 1
2035.0 2035 2035 0.0 0 0 0.0 0.0 0.0 0 1
2193.0 2193 2193 0.0 0 0 0.0 0.0 0.0 0 1
2009.71428571 2046 1940 0.714285714286 4 0 0.00035234540908 0.0019512195122 0.0 6 1
1918.81818182 1962 1847 0.545454545455 2 0 0.00028688828757 0.00104438642298 0.0 10 1
2211.5 2222 2201 0.0 0 0 0.0 0.0 0.0 1 1
2086.86666667 2164 2028 1.73333333333 5 0 0.000829194887872 0.00240153698367 0.0 14 1
2181.0 2181 2181 0.0 0 0 0.0 0.0 0.0 0 1
1841.0 1841 1841 0.0 0 0 0.0 0.0 0.0 0 1
2103.0 2112 2094 0.5 1 0 0.000236630383341 0.000473260766682 0.0 1 1
1884.5 1950 1816 1.35714285714 3 0 0.000718651770395 0.00158982511924 0.0 13 1
2063.0 2063 2063 0.0 0 0 0.0 0.0 0.0 0 1
2003.0 2067 1921 0.666666666667 2 0 0.000337898635132 0.00102354145343 0.0 5 1
2101.0 2101 2101 0.0 0 0 0.0 0.0 0.0 0 1
2274.0 2296 2246 0.4 1 0 0.000174216060923 0.000435729847495 0.0 4 1
2148.0 2148 2148 0.0 0 0 0.0 0.0 0.0 0 1
2071.0 2084 2058 0.5 1 0 0.000242836328315 0.000485672656629 0.0 1 1
2038.0 2038 2038 0.0 0 0 0.0 0.0 0.0 0 1
2056.0 2056 2056 0.0 0 0 0.0 0.0 0.0 0 1
2008.0 2013 2003 0.5 1 0 0.000249500998004 0.000499001996008 0.0 1 1
2048.0 2048 2048 0.0 0 0 0.0 0.0 0.0 0 1
2317.0 2317 2317 0.0 0 0 0.0 0.0 0.0 0 1
1892.0 1911 1877 0.0 0 0 0.0 0.0 0.0 2 1
1943.0 1943 1943 0.0 0 0 0.0 0.0 0.0 0 1
1907.0 1975 1864 0.75 2 0 0.000383661585217 0.00101163378857 0.0 3 1
2072.0 2072 2072 0.0 0 0 0.0 0.0 0.0 0 1
1966.6 2041 1905 0.8 2 0 0.000407332528191 0.00103412616339 0.0 4 1
2169.0 2169 2169 0.0 0 0 0.0 0.0 0.0 0 1
2008.0 2008 2008 0.0 0 0 0.0 0.0 0.0 0 1
1889.0 1929 1849 0.5 1 0 0.000259067357513 0.000518134715026 0.0 1 1
2095.0 2095 2095 0.0 0 0 0.0 0.0 0.0 0 1
1953.0 1953 1953 0.0 0 0 0.0 0.0 0.0 0 1
2160.0 2160 2160 0.0 0 0 0.0 0.0 0.0 0 1
2195.25 2243 2157 1.0 2 0 0.000456478514093 0.000926354793886 0.0 3 1
2046.0 2046 2046 0.0 0 0 0.0 0.0 0.0 0 1
1989.9375 2140 1794 4.125 11 0 0.00201532177898 0.00535019455253 0.0 15 1
2041.0 2041 2041 0.0 0 0 0.0 0.0 0.0 0 1
2146.5 2164 2129 0.5 1 0 0.000234741784038 0.000469483568075 0.0 1 1
2014.0 2048 1980 0.5 1 0 0.00024402147389 0.000488042947779 0.0 1 1
2097.0 2169 2038 0.333333333333 1 0 0.000153609831029 0.000460829493088 0.0 2 1
2127.0 2190 2079 1.25 2 0 0.000585193721081 0.000961076405574 0.0 3 1
1915.0 1925 1901 0.666666666667 1 0 0.000346681377639 0.000520833333333 0.0 2 1
2003.5 2005 2002 0.5 1 0 0.000249625561658 0.000499251123315 0.0 1 1
2125.0 2125 2125 0.0 0 0 0.0 0.0 0.0 0 1
2117.0 2117 2117 0.0 0 0 0.0 0.0 0.0 0 1
2006.0 2006 2006 0.0 0 0 0.0 0.0 0.0 0 1
2024.53846154 2119 1895 1.92307692308 4 0 0.000937706689555 0.00196078431373 0.0 12 1
2135.0 2151 2117 0.666666666667 1 0 0.000313290126385 0.000472143531634 0.0 2 1
2117.5 2142 2093 0.0 0 0 0.0 0.0 0.0 1 1
2088.5 2114 2063 0.5 1 0 0.000236406619385 0.000472813238771 0.0 1 1
2091.4 2118 2027 0.6 2 0 0.000289095519865 0.000952380952381 0.0 4 1
2182.16666667 2232 2115 0.5 2 0 0.000224249017043 0.000897666068223 0.0 5 1
2079.38888889 2204 1960 1.11111111111 3 0 0.000530564457289 0.00135931128228 0.0 17 1
1979.0 1979 1979 0.0 0 0 0.0 0.0 0.0 0 1
1938.0625 2014 1876 1.4375 3 0 0.000743032914704 0.00159659393294 0.0 15 1
2033.0 2055 2011 0.5 1 0 0.000248508946322 0.000497017892644 0.0 1 1
1942.33333333 2007 1851 1.0 2 0 0.000504240437203 0.00101471334348 0.0 2 1
2059.0 2059 2059 0.0 0 0 0.0 0.0 0.0 0 1
2097.0 2097 2097 0.0 0 0 0.0 0.0 0.0 0 1
2061.0 2172 1993 1.0 2 0 0.000483330333148 0.000985707244948 0.0 12 1
2223.0 2223 2223 0.0 0 0 0.0 0.0 0.0 0 1
1982.5 1998 1967 0.0 0 0 0.0 0.0 0.0 1 1
2072.0 2072 2072 0.0 0 0 0.0 0.0 0.0 0 1
1968.25 1992 1911 0.0 0 0 0.0 0.0 0.0 3 1
1977.09090909 2088 1886 2.63636363636 8 0 0.00133876443891 0.00411946446962 0.0 10 1
2110.5 2167 2054 0.5 1 0 0.000230627306273 0.000461254612546 0.0 1 1
2033.93333333 2199 1938 1.0 3 0 0.000489566776063 0.00139082058414 0.0 14 1
1931.0 1931 1931 0.0 0 0 0.0 0.0 0.0 0 1
1944.75 1979 1917 2.5 4 0 0.0012903475824 0.00208224882874 0.0 3 1
2037.0 2037 2037 0.0 0 0 0.0 0.0 0.0 0 1
2043.4 2093 1966 0.8 2 0 0.000386177320181 0.000963855421687 0.0 4 1
1912.6 1922 1897 0.6 2 0 0.000313815974798 0.00104220948411 0.0 4 1
2362.2 2415 2303 1.8 3 0 0.000756973429797 0.00126635711271 0.0 4 1
2123.75 2200 2031 1.25 2 0 0.000576213272585 0.000917431192661 0.0 3 1
1977.90909091 2212 1747 1.77272727273 5 0 0.000900800911396 0.00261506276151 0.0 21 1
2013.0 2047 1998 0.8 1 0 0.000397011140951 0.000500250125063 0.0 4 1
2065.75 2145 2002 0.5 1 0 0.00024130858698 0.000499251123315 0.0 3 1
1924.5 1973 1892 1.75 3 0 0.000915716341926 0.00156739811912 0.0 3 1
1912.66666667 1967 1880 0.333333333333 1 0 0.000176180408739 0.000528541226216 0.0 2 1
2016.66666667 2088 1943 0.0 0 0 0.0 0.0 0.0 2 1
2074.0 2074 2074 0.0 0 0 0.0 0.0 0.0 0 1
2122.33333333 2177 2049 0.666666666667 1 0 0.000308663410268 0.00046685340803 0.0 2 1
2188.0 2188 2188 0.0 0 0 0.0 0.0 0.0 0 1
2129.5 2143 2116 0.5 1 0 0.000233208955224 0.000466417910448 0.0 1 1
2022.14285714 2120 1950 1.14285714286 2 0 0.000562206963331 0.00100351229303 0.0 6 1
2018.0 2104 1918 1.0 2 0 0.000485998461787 0.000992063492063 0.0 5 1
2039.82352941 2212 1881 5.0 14 0 0.00240467783196 0.00657894736842 0.0 16 1
1949.66666667 2006 1917 0.333333333333 1 0 0.000166085367879 0.000498256103637 0.0 2 1
2144.0 2144 2144 0.0 0 0 0.0 0.0 0.0 0 1
1935.0 1935 1935 0.0 0 0 0.0 0.0 0.0 0 1
2157.0 2157 2157 0.0 0 0 0.0 0.0 0.0 0 1
2040.5 2080 2001 0.5 1 0 0.00024975024975 0.0004995004995 0.0 1 1
2138.16666667 2180 2117 0.666666666667 1 0 0.000312156346876 0.000472143531634 0.0 5 1
2030.0 2030 2030 0.0 0 0 0.0 0.0 0.0 0 1
2110.0 2110 2110 0.0 0 0 0.0 0.0 0.0 0 1
2051.66666667 2143 1960 3.16666666667 6 0 0.00153220268299 0.00300150075038 0.0 11 1
2077.66666667 2218 1992 1.58333333333 4 0 0.000766085513285 0.00198906016907 0.0 11 1
1976.66666667 2021 1940 0.0 0 0 0.0 0.0 0.0 2 1
2044.2 2111 1986 0.6 1 0 0.000298581937055 0.000503271263211 0.0 4 1
2154.0 2154 2154 0.0 0 0 0.0 0.0 0.0 0 1
1988.0 1988 1988 0.0 0 0 0.0 0.0 0.0 0 1
1922.0 1974 1835 1.375 4 0 0.000705075346481 0.00202224469161 0.0 7 1
1965.875 2047 1865 0.5 2 0 0.000247203571222 0.000995520159283 0.0 7 1
2095.0 2173 2007 1.5 4 0 0.000710876832345 0.001903855307 0.0 9 1
2075.0 2075 2075 0.0 0 0 0.0 0.0 0.0 0 1
2137.0 2137 2137 0.0 0 0 0.0 0.0 0.0 0 1
1874.84615385 2072 1727 2.80769230769 7 0 0.00149438872906 0.00361944157187 0.0 25 1
2098.4 2187 1972 1.8 3 0 0.000844785153709 0.00145208131655 0.0 4 1
2038.5 2054 2023 0.5 1 0 0.000243309002433 0.000486618004866 0.0 1 1
1972.0 1972 1972 0.0 0 0 0.0 0.0 0.0 0 1
2109.0 2109 2109 0.0 0 0 0.0 0.0 0.0 0 1
2132.0 2132 2132 0.0 0 0 0.0 0.0 0.0 0 1
2014.0 2046 1989 0.333333333333 1 0 0.00016283992835 0.000488519785051 0.0 2 1
2171.0 2171 2171 0.0 0 0 0.0 0.0 0.0 0 1
2035.0 2048 2022 1.0 2 0 0.000487804878049 0.000975609756098 0.0 1 1
2063.0 2069 2057 0.5 1 0 0.000242954324587 0.000485908649174 0.0 1 1
1930.0 1952 1914 0.333333333333 1 0 0.000174064403829 0.000522193211488 0.0 2 1
2215.0 2215 2215 0.0 0 0 0.0 0.0 0.0 0 1
1972.66666667 2007 1941 0.666666666667 1 0 0.000340763243481 0.000514933058702 0.0 2 1
1970.0 1970 1970 0.0 0 0 0.0 0.0 0.0 0 1
2019.0 2078 1976 0.333333333333 1 0 0.000160333493667 0.000481000481 0.0 2 1
2056.0 2056 2056 0.0 0 0 0.0 0.0 0.0 0 1
1965.0 1965 1965 0.0 0 0 0.0 0.0 0.0 0 1
1858.0 1858 1858 0.0 0 0 0.0 0.0 0.0 0 1
2240.66666667 2281 2218 1.0 2 0 0.000442231248451 0.000876040297854 0.0 2 1
2122.0 2122 2122 0.0 0 0 0.0 0.0 0.0 0 1
2096.0 2096 2096 0.0 0 0 0.0 0.0 0.0 0 1
1864.66666667 1916 1807 0.333333333333 1 0 0.000173882802991 0.000521648408972 0.0 2 1
1873.0 1873 1873 0.0 0 0 0.0 0.0 0.0 0 1
2271.66666667 2288 2254 1.0 2 0 0.000437705394441 0.000873362445415 0.0 2 1
2089.0 2109 2069 0.5 1 0 0.000236966824645 0.000473933649289 0.0 1 1
2037.66666667 2047 2022 0.666666666667 1 0 0.000327770976073 0.000494315373208 0.0 2 1
2334.0 2334 2334 0.0 0 0 0.0 0.0 0.0 0 1
2102.0 2117 2087 1.0 2 0 0.000478697941599 0.000957395883198 0.0 1 1
2096.0 2096 2096 0.0 0 0 0.0 0.0 0.0 0 1
2066.66666667 2127 1962 0.666666666667 1 0 0.000314469886838 0.000473484848485 0.0 2 1
1952.90909091 2050 1840 1.90909090909 4 0 0.00097389724355 0.00204498977505 0.0 10 1
1912.33333333 1953 1876 0.666666666667 1 0 0.000345201731674 0.000523834468308 0.0 2 1
2062.0 2062 2062 0.0 0 0 0.0 0.0 0.0 0 1
2159.0 2159 2159 0.0 0 0 0.0 0.0 0.0 0 1
2118.5 2126 2111 0.0 0 0 0.0 0.0 0.0 1 1
1986.66666667 2049 1921 0.666666666667 1 0 0.000336032080404 0.000520291363163 0.0 2 1
2162.0 2162 2162 0.0 0 0 0.0 0.0 0.0 0 1
2122.66666667 2167 2072 0.666666666667 1 0 0.000317292078569 0.000482392667631 0.0 2 1
1929.0 2066 1815 2.09090909091 5 0 0.00109125184742 0.00258531540848 0.0 21 1
1963.0 2044 1867 0.8 2 0 0.000404247484215 0.000977517106549 0.0 4 1
1956.83333333 2026 1893 1.33333333333 2 0 0.000679259610309 0.00103734439834 0.0 5 1
1995.33333333 2032 1969 0.666666666667 1 0 0.000333166042865 0.000507614213198 0.0 2 1
2011.5 2078 1946 0.5 1 0 0.000249879833069 0.000513610683102 0.0 3 1
2026.6 2149 1936 1.0 2 0 0.000483558535141 0.00092980009298 0.0 4 1
1997.0 1997 1997 0.0 0 0 0.0 0.0 0.0 0 1
2096.0 2149 2050 0.0 0 0 0.0 0.0 0.0 4 1
1950.0 1950 1950 0.0 0 0 0.0 0.0 0.0 0 1
1914.75 1936 1884 0.75 1 0 0.000391494259898 0.00053050397878 0.0 3 1
2103.0 2127 2066 0.0 0 0 0.0 0.0 0.0 2 1
1939.33333333 2004 1860 2.16666666667 4 0 0.00112575983891 0.00214592274678 0.0 5 1
2163.22222222 2245 1975 1.22222222222 2 0 0.000556107167997 0.000911577028259 0.0 8 1
2124.0 2146 2098 0.5 1 0 0.000236806783609 0.000476417341591 0.0 3 1
2099.16666667 2151 2036 1.66666666667 3 0 0.000797602921667 0.00143061516452 0.0 5 1
2039.0 2049 2029 0.5 1 0 0.000243902439024 0.000487804878049 0.0 1 1
2086.0 2086 2086 0.0 0 0 0.0 0.0 0.0 0 1
2021.0 2021 2021 0.0 0 0 0.0 0.0 0.0 0 1
1878.0 1886 1870 0.5 1 0 0.000264970853206 0.000529941706412 0.0 1 1
2073.0 2073 2073 0.0 0 0 0.0 0.0 0.0 0 1
1950.0 2051 1891 0.5 2 0 0.0002435460302 0.000974184120799 0.0 3 1
2252.0 2252 2252 0.0 0 0 0.0 0.0 0.0 0 1
2067.0 2067 2067 0.0 0 0 0.0 0.0 0.0 0 1
2048.0 2048 2048 0.0 0 0 0.0 0.0 0.0 0 1
2107.83333333 2208 1981 1.0 2 0 0.000466129909959 0.000961538461538 0.0 5 1
2071.57142857 2145 1994 1.0 2 0 0.00048592079893 0.000976085895559 0.0 6 1
2124.0 2124 2124 0.0 0 0 0.0 0.0 0.0 0 1
2137.0 2137 2137 0.0 0 0 0.0 0.0 0.0 0 1
2014.0 2014 2014 0.0 0 0 0.0 0.0 0.0 0 1
1884.0 1884 1884 0.0 0 0 0.0 0.0 0.0 0 1
2053.8 2113 1981 1.6 3 0 0.00076894004628 0.00141843971631 0.0 4 1
2062.75 2097 2032 1.25 3 0 0.000604363832443 0.00145701796989 0.0 3 1
2193.0 2193 2193 0.0 0 0 0.0 0.0 0.0 0 1
1960.5 1974 1947 0.0 0 0 0.0 0.0 0.0 1 1
2116.91666667 2191 2029 1.66666666667 3 0 0.000778985614819 0.00139340455179 0.0 11 1
2127.0 2127 2127 0.0 0 0 0.0 0.0 0.0 0 1
1982.33333333 2041 1926 1.0 3 0 0.000505005435558 0.00151362260343 0.0 5 1
2225.0 2225 2225 0.0 0 0 0.0 0.0 0.0 0 1
2054.0 2124 2017 0.5 1 0 0.000239717371324 0.00048828125 0.0 3 1
2068.5 2102 2035 0.5 1 0 0.000237755587256 0.000475511174513 0.0 1 1
2153.85714286 2263 2065 1.0 2 0 0.000459342227596 0.000944287063267 0.0 6 1
1893.2 1946 1834 0.6 2 0 0.000322194605542 0.00108932461874 0.0 4 1
2166.0 2166 2166 0.0 0 0 0.0 0.0 0.0 0 1
2209.0 2209 2209 0.0 0 0 0.0 0.0 0.0 0 1
1983.28571429 2073 1946 1.0 2 0 0.000499776535767 0.000963855421687 0.0 6 1
1975.0 1982 1968 0.5 1 0 0.000252143217347 0.000504286434695 0.0 1 1
2024.71428571 2074 1961 0.857142857143 2 0 0.000415797185351 0.000964785335263 0.0 6 1
2183.0 2224 2142 1.0 2 0 0.000449236298293 0.000898472596586 0.0 1 1
2136.0 2136 2136 0.0 0 0 0.0 0.0 0.0 0 1
2030.0 2040 2020 1.0 2 0 0.00048971596474 0.000979431929481 0.0 1 1
1960.5 1994 1927 0.5 1 0 0.000250626566416 0.000501253132832 0.0 1 1
2001.5 2002 2001 0.0 0 0 0.0 0.0 0.0 1 1
2099.66666667 2137 2051 0.333333333333 1 0 0.000155908949174 0.000467726847521 0.0 2 1
1804.3 1894 1733 2.0 5 0 0.00111522799067 0.00287686996548 0.0 9 1
1904.5 1914 1895 0.5 1 0 0.000263713080169 0.000527426160338 0.0 1 1
2041.0 2041 2041 0.0 0 0 0.0 0.0 0.0 0 1
2087.0 2095 2079 0.5 1 0 0.000240384615385 0.000480769230769 0.0 1 1
2057.57142857 2112 2017 1.71428571429 4 0 0.000827568998466 0.00193892389724 0.0 6 1
2127.0 2208 2069 0.166666666667 1 0 7.54489210804e-05 0.000452693526483 0.0 5 1
1944.0 1944 1944 0.0 0 0 0.0 0.0 0.0 0 1
2118.4 2177 2077 1.4 3 0 0.00065622529172 0.0014164305949 0.0 4 1
1995.0 1995 1995 0.0 0 0 0.0 0.0 0.0 0 1
2055.66666667 2101 2022 0.333333333333 1 0 0.000158579130986 0.000475737392959 0.0 2 1
1772.75 1867 1733 0.0 0 0 0.0 0.0 0.0 3 1
2046.5 2052 2041 0.5 1 0 0.00024485798237 0.00048971596474 0.0 1 1
2047.36363636 2144 1952 2.36363636364 4 0 0.00114952975893 0.00189753320683 0.0 10 1
2164.0 2164 2164 0.0 0 0 0.0 0.0 0.0 0 1
2214.0 2214 2214 0.0 0 0 0.0 0.0 0.0 0 1
1931.0 1935 1927 0.5 1 0 0.00025826446281 0.00051652892562 0.0 1 1
2246.0 2246 2246 0.0 0 0 0.0 0.0 0.0 0 1
2142.0 2142 2142 0.0 0 0 0.0 0.0 0.0 0 1
2207.09090909 2387 2047 2.36363636364 8 0 0.00103769529795 0.00348280365694 0.0 10 1
2156.0 2156 2156 0.0 0 0 0.0 0.0 0.0 0 1
2013.0 2020 2006 0.5 1 0 0.000247402276101 0.000494804552202 0.0 1 1
2103.0 2103 2103 0.0 0 0 0.0 0.0 0.0 0 1
1989.0 1990 1988 0.5 1 0 0.000251130085384 0.000502260170768 0.0 1 1
2015.0 2015 2015 0.0 0 0 0.0 0.0 0.0 0 1
2106.0 2106 2106 0.0 0 0 0.0 0.0 0.0 0 1
2243.0 2243 2243 0.0 0 0 0.0 0.0 0.0 0 1
2033.35714286 2178 1956 1.64285714286 3 0 0.000803713560349 0.0015306122449 0.0 13 1
2143.5 2169 2118 0.5 1 0 0.000230414746544 0.000460829493088 0.0 1 1
1937.0 1954 1906 1.0 2 0 0.000513349249519 0.00102774922919 0.0 3 1
1975.71428571 2045 1928 0.285714285714 1 0 0.000145766221762 0.000517598343685 0.0 6 1
1924.0 1992 1870 2.125 6 0 0.00108795854862 0.00304568527919 0.0 7 1
2306.0 2306 2306 0.0 0 0 0.0 0.0 0.0 0 1
2202.5 2297 2137 0.333333333333 1 0 0.000150263153337 0.000466417910448 0.0 5 1
2050.0 2079 2021 1.0 2 0 0.000494315373208 0.000988630746416 0.0 1 1
2014.0 2034 1994 0.5 1 0 0.0002457002457 0.0004914004914 0.0 1 1
2021.66666667 2034 2005 0.666666666667 1 0 0.000328246800866 0.000493339911199 0.0 2 1
1967.0 2021 1902 0.666666666667 1 0 0.000333288517232 0.000505305709955 0.0 2 1
2148.0 2148 2148 0.0 0 0 0.0 0.0 0.0 0 1
2199.66666667 2207 2192 0.666666666667 1 0 0.000303445096292 0.000455996352029 0.0 2 1
2083.0 2124 2042 0.0 0 0 0.0 0.0 0.0 1 1
2234.5 2255 2214 0.0 0 0 0.0 0.0 0.0 1 1
2016.0 2042 1971 0.666666666667 1 0 0.000332752842347 0.000507099391481 0.0 2 1
2040.0 2040 2040 0.0 0 0 0.0 0.0 0.0 0 1
1922.0 2004 1840 0.5 1 0 0.000249376558603 0.000498753117207 0.0 1 1
2072.0 2072 2072 0.0 0 0 0.0 0.0 0.0 0 1
2077.0 2077 2077 0.0 0 0 0.0 0.0 0.0 0 1
2050.0 2050 2050 0.0 0 0 0.0 0.0 0.0 0 1
2068.5 2095 2042 0.0 0 0 0.0 0.0 0.0 1 1
2097.0 2097 2097 0.0 0 0 0.0 0.0 0.0 0 1
2094.56521739 2179 1946 2.65217391304 7 0 0.00125543833495 0.0032021957914 0.0 22 1
2312.0 2312 2312 0.0 0 0 0.0 0.0 0.0 0 1
2283.0 2283 2283 0.0 0 0 0.0 0.0 0.0 0 1
2186.5 2225 2119 0.75 2 0 0.000337028175697 0.000898876404494 0.0 3 1
2153.0 2153 2153 0.0 0 0 0.0 0.0 0.0 0 1
1996.1 2082 1910 0.1 1 0 5.00250125063e-05 0.000500250125063 0.0 9 1
2065.18181818 2125 2017 0.818181818182 2 0 0.000395330999488 0.000977995110024 0.0 10 1
2027.8 2137 1896 0.9 2 0 0.000437851719887 0.000982800982801 0.0 9 1
2144.33333333 2200 2108 1.0 2 0 0.000459544033205 0.000908265213442 0.0 2 1
2066.0 2066 2066 0.0 0 0 0.0 0.0 0.0 0 1
2005.0 2025 1984 0.333333333333 1 0 0.000166085367879 0.000498256103637 0.0 2 1
2101.14285714 2183 2065 0.857142857143 3 0 0.000410723273312 0.00144023043687 0.0 6 1
2008.0 2047 1960 0.25 1 0 0.0001220703125 0.00048828125 0.0 3 1
2039.66666667 2086 1972 0.5 2 0 0.000245660060069 0.000967117988395 0.0 5 1
2058.0 2068 2048 0.5 1 0 0.00024402147389 0.000488042947779 0.0 1 1
2082.5 2120 2045 0.5 1 0 0.0002357378595 0.000471475719 0.0 1 1
2006.0 2078 1894 1.36363636364 4 0 0.000672326104669 0.00198511166253 0.0 10 1
2097.0 2097 2097 0.0 0 0 0.0 0.0 0.0 0 1
1983.85714286 2040 1854 0.714285714286 2 0 0.000362979838331 0.000991080277502 0.0 6 1
1967.26666667 2042 1862 1.33333333333 4 0 0.000671851728376 0.00206932229695 0.0 14 1
2222.0 2243 2201 0.0 0 0 0.0 0.0 0.0 1 1
2043.0 2054 2032 0.0 0 0 0.0 0.0 0.0 1 1
2002.0 2023 1981 0.5 1 0 0.000247035573123 0.000494071146245 0.0 1 1
2130.9 2195 2018 1.8 5 0 0.000840962282907 0.00237191650854 0.0 9 1
2037.0 2037 2037 0.0 0 0 0.0 0.0 0.0 0 1
2137.0 2137 2137 0.0 0 0 0.0 0.0 0.0 0 1
2124.5 2126 2123 0.0 0 0 0.0 0.0 0.0 1 1
2070.0 2070 2070 0.0 0 0 0.0 0.0 0.0 0 1
1915.66666667 1970 1869 1.0 2 0 0.000520964093768 0.00104438642298 0.0 5 1
2203.0 2203 2203 0.0 0 0 0.0 0.0 0.0 0 1
2037.0 2037 2037 0.0 0 0 0.0 0.0 0.0 0 1
2049.0 2049 2049 0.0 0 0 0.0 0.0 0.0 0 1
2027.0 2027 2027 0.0 0 0 0.0 0.0 0.0 0 1
2097.25 2136 2056 1.0 2 0 0.000472605206246 0.00093984962406 0.0 3 1
2108.5 2111 2106 0.0 0 0 0.0 0.0 0.0 1 1
2135.5 2163 2108 0.5 1 0 0.000231053604436 0.000462107208872 0.0 1 1
2111.0 2111 2111 0.0 0 0 0.0 0.0 0.0 0 1
2104.0 2128 2080 0.5 1 0 0.000234852043213 0.000469704086426 0.0 1 1
1919.0 1946 1892 0.5 1 0 0.00026413100898 0.000528262017961 0.0 1 1
2063.5 2067 2060 0.5 1 0 0.000242600679282 0.000485201358564 0.0 1 1
2062.0 2124 2019 0.5 1 0 0.000240799768183 0.000492610837438 0.0 3 1
1938.0 1938 1938 0.0 0 0 0.0 0.0 0.0 0 1
2046.33333333 2062 2015 0.666666666667 1 0 0.000323153982873 0.000484730974309 0.0 2 1
2020.75 2062 1995 0.75 1 0 0.000370256919666 0.000501002004008 0.0 3 1
1955.0 1955 1955 0.0 0 0 0.0 0.0 0.0 0 1
2241.0 2271 2224 0.666666666667 1 0 0.000296257506156 0.000448631673396 0.0 2 1
1885.95238095 1975 1783 0.857142857143 2 0 0.000455455158086 0.00107584722969 0.0 20 1
1962.66666667 2005 1905 0.333333333333 1 0 0.000168435236652 0.000505305709955 0.0 2 1
2041.8 2088 2001 1.6 3 0 0.000780872084311 0.00146699266504 0.0 4 1
2226.0 2249 2203 0.5 1 0 0.000222222222222 0.000444444444444 0.0 1 1
2097.25 2149 2054 0.75 2 0 0.000353106393901 0.00092980009298 0.0 3 1
2018.4 2040 1998 0.4 1 0 0.000198022907917 0.000497017892644 0.0 4 1
2118.33333333 2136 2089 1.0 2 0 0.000471307531521 0.000935453695042 0.0 2 1
2066.5 2094 2040 0.5 1 0 0.000241820718236 0.000489955903969 0.0 3 1
2022.0 2022 2022 0.0 0 0 0.0 0.0 0.0 0 1
2045.0 2045 2045 0.0 0 0 0.0 0.0 0.0 0 1
2105.16666667 2169 2045 2.16666666667 5 0 0.00103349206961 0.00242013552759 0.0 5 1
2218.0 2218 2218 0.0 0 0 0.0 0.0 0.0 0 1
2265.5 2268 2263 0.5 1 0 0.000220361392684 0.000440722785368 0.0 1 1
2067.8 2119 2022 0.4 2 0 0.000197628458498 0.00098814229249 0.0 4 1
1982.0 1995 1969 0.5 1 0 0.000250501002004 0.000501002004008 0.0 1 1
2063.9 2138 2008 0.8 2 0 0.0003893475776 0.000995024875622 0.0 9 1
2095.0 2131 2059 0.5 1 0 0.000242718446602 0.000485436893204 0.0 1 1
2034.25 2097 1989 0.0 0 0 0.0 0.0 0.0 3 1
2126.0 2126 2126 0.0 0 0 0.0 0.0 0.0 0 1
1950.72727273 2046 1781 0.727272727273 2 0 0.000376571035396 0.00104112441437 0.0 10 1
2120.0 2137 2103 0.5 1 0 0.000233863423761 0.000467726847521 0.0 1 1
2074.6 2163 2011 0.6 2 0 0.00027812818738 0.000923787528868 0.0 4 1
2016.0 2016 2016 0.0 0 0 0.0 0.0 0.0 0 1
2021.0 2067 1977 0.0 0 0 0.0 0.0 0.0 5 1
1943.33333333 1959 1935 0.0 0 0 0.0 0.0 0.0 2 1
1986.2 2047 1917 1.8 3 0 0.000904200793832 0.0015625 0.0 4 1
1961.375 2061 1864 1.875 6 0 0.000946066276755 0.00302724520686 0.0 15 1
2121.0 2121 2121 0.0 0 0 0.0 0.0 0.0 0 1
2046.0 2046 2046 0.0 0 0 0.0 0.0 0.0 0 1
1984.57142857 2078 1872 0.714285714286 2 0 0.000353927555019 0.000987654320988 0.0 6 1
1874.33333333 1905 1832 0.333333333333 1 0 0.000174886323889 0.000524658971668 0.0 2 1
1971.16666667 2018 1940 0.666666666667 1 0 0.000338733895093 0.000512820512821 0.0 5 1
2346.0 2375 2317 0.0 0 0 0.0 0.0 0.0 1 1
1879.07692308 2000 1794 0.769230769231 3 0 0.000410880433312 0.00163666121113 0.0 12 1
2000.25 2086 1918 1.25 3 0 0.000605495812367 0.00146412884334 0.0 3 1
2106.0 2106 2106 0.0 0 0 0.0 0.0 0.0 0 1
2103.0 2103 2103 0.0 0 0 0.0 0.0 0.0 0 1
2093.66666667 2157 2021 0.777777777778 1 0 0.000368831932785 0.000494559841741 0.0 8 1
2012.0 2012 2012 0.0 0 0 0.0 0.0 0.0 0 1
1946.0 2064 1853 0.25 1 0 0.000122109042331 0.000492610837438 0.0 7 1
1904.08823529 2072 1786 2.47058823529 6 0 0.00129140747213 0.00308008213552 0.0 33 1
1941.0 1941 1941 0.0 0 0 0.0 0.0 0.0 0 1
2025.375 2107 1896 1.0 2 0 0.000488368207239 0.000962000962001 0.0 7 1
2050.5 2134 1981 0.666666666667 2 0 0.000327004599881 0.000978473581213 0.0 11 1
2109.0 2109 2109 0.0 0 0 0.0 0.0 0.0 0 1
2129.0 2129 2129 0.0 0 0 0.0 0.0 0.0 0 1
1935.0 1935 1935 0.0 0 0 0.0 0.0 0.0 0 1
2104.66666667 2131 2068 0.333333333333 1 0 0.000156347717323 0.00046904315197 0.0 2 1
2132.66666667 2148 2118 1.0 2 0 0.000470739826683 0.000943396226415 0.0 2 1
2090.5 2106 2075 0.0 0 0 0.0 0.0 0.0 1 1
2113.0 2151 2057 1.8 4 0 0.000845272570172 0.00188058298072 0.0 4 1
2188.0 2202 2175 0.333333333333 1 0 0.000152346130408 0.000457038391225 0.0 2 1
2039.0 2039 2039 0.0 0 0 0.0 0.0 0.0 0 1
2092.125 2199 2008 1.125 3 0 0.000528573200451 0.00136239782016 0.0 7 1
2076.66666667 2092 2055 0.333333333333 1 0 0.000162127107652 0.000486381322957 0.0 2 1
2049.0 2049 2049 0.0 0 0 0.0 0.0 0.0 0 1
1943.0 1991 1901 0.5 1 0 0.000252987984575 0.00050994390617 0.0 3 1
2192.0 2192 2192 0.0 0 0 0.0 0.0 0.0 0 1
2012.36363636 2053 1955 2.18181818182 5 0 0.00108409057289 0.0024975024975 0.0 10 1
2091.0 2091 2091 0.0 0 0 0.0 0.0 0.0 0 1
1973.0 1973 1973 0.0 0 0 0.0 0.0 0.0 0 1
2099.58823529 2289 1840 1.94117647059 5 0 0.000909950873188 0.00229357798165 0.0 16 1
2125.0 2125 2125 0.0 0 0 0.0 0.0 0.0 0 1
1978.0 1978 1978 0.0 0 0 0.0 0.0 0.0 0 1
1997.0 2036 1922 0.75 1 0 0.000376008866117 0.000520020800832 0.0 3 1
1964.0 1976 1952 0.5 1 0 0.000252908447142 0.000505816894284 0.0 1 1
2105.0 2212 2013 0.333333333333 1 0 0.000159413358839 0.000478240076518 0.0 2 1
2141.0 2194 2071 0.2 1 0 9.65250965251e-05 0.000482625482625 0.0 4 1
2231.0 2231 2231 0.0 0 0 0.0 0.0 0.0 0 1
2014.0 2014 2014 0.0 0 0 0.0 0.0 0.0 0 1
2027.33333333 2055 1980 0.0 0 0 0.0 0.0 0.0 2 1
2146.0 2146 2146 0.0 0 0 0.0 0.0 0.0 0 1
1961.0 1961 1961 0.0 0 0 0.0 0.0 0.0 0 1
2107.66666667 2118 2089 0.333333333333 1 0 0.000157455518816 0.000472366556448 0.0 2 1
2066.0 2066 2066 0.0 0 0 0.0 0.0 0.0 0 1
1901.85714286 1945 1867 0.571428571429 2 0 0.000301310499664 0.0010582010582 0.0 6 1
1931.0 1931 1931 0.0 0 0 0.0 0.0 0.0 0 1
2094.0 2139 2007 0.333333333333 1 0 0.000155981906099 0.000467945718297 0.0 2 1
1843.55555556 2020 1649 4.72222222222 11 0 0.00249995890749 0.00573514077164 0.0 17 1
2210.0 2210 2210 0.0 0 0 0.0 0.0 0.0 0 1
1996.0 2005 1987 0.5 1 0 0.00024925224327 0.00049850448654 0.0 1 1
2060.0 2067 2053 0.5 1 0 0.000241779497099 0.000483558994197 0.0 1 1
1989.5 2009 1970 0.5 1 0 0.000248756218905 0.000497512437811 0.0 1 1
1936.33333333 1971 1907 0.333333333333 1 0 0.000174703004892 0.000524109014675 0.0 2 1
2087.0 2087 2087 0.0 0 0 0.0 0.0 0.0 0 1
2137.5 2152 2123 0.0 0 0 0.0 0.0 0.0 1 1
1958.5 2075 1875 0.5 1 0 0.0002573422676 0.000517598343685 0.0 3 1
1925.0 1925 1925 0.0 0 0 0.0 0.0 0.0 0 1
2143.0 2143 2143 0.0 0 0 0.0 0.0 0.0 0 1
2043.0 2043 2043 0.0 0 0 0.0 0.0 0.0 0 1
1995.875 2039 1941 0.5 1 0 0.000250871912916 0.000514933058702 0.0 7 1
2207.5 2217 2198 0.0 0 0 0.0 0.0 0.0 1 1
2177.0 2177 2177 0.0 0 0 0.0 0.0 0.0 0 1
1994.75 2025 1950 0.5 1 0 0.000247403790407 0.000496031746032 0.0 3 1
1873.0 1873 1873 0.0 0 0 0.0 0.0 0.0 0 1
2113.2 2136 2095 0.6 2 0 0.000283465465631 0.000946073793756 0.0 4 1
2103.71428571 2151 2049 1.14285714286 3 0 0.000538744565659 0.00139275766017 0.0 6 1
2020.0 2020 2020 0.0 0 0 0.0 0.0 0.0 0 1
1912.0 1912 1912 0.0 0 0 0.0 0.0 0.0 0 1
2226.75 2266 2185 1.0 2 0 0.000451311657665 0.000914494741655 0.0 3 1
1849.5 1872 1827 0.0 0 0 0.0 0.0 0.0 1 1
2048.0 2189 1923 1.5 3 0 0.000717167644895 0.00144161460836 0.0 5 1
2180.5 2198 2163 0.5 1 0 0.000227376080036 0.000454752160073 0.0 1 1
1979.0 1979 1979 0.0 0 0 0.0 0.0 0.0 0 1
1976.0 1976 1976 0.0 0 0 0.0 0.0 0.0 0 1
1967.0 1967 1967 0.0 0 0 0.0 0.0 0.0 0 1
2121.0 2121 2121 0.0 0 0 0.0 0.0 0.0 0 1
2212.75 2259 2152 0.75 1 0 0.000335743332764 0.00045045045045 0.0 3 1
2121.0 2121 2121 0.0 0 0 0.0 0.0 0.0 0 1
2220.5 2239 2202 0.0 0 0 0.0 0.0 0.0 1 1
1963.66666667 2019 1887 0.666666666667 1 0 0.00033285805922 0.000503524672709 0.0 2 1
1995.5 1998 1993 0.0 0 0 0.0 0.0 0.0 1 1
1959.0 2068 1854 0.75 1 0 0.0003805397402 0.000539083557951 0.0 3 1
2121.0 2121 2121 0.0 0 0 0.0 0.0 0.0 0 1
2086.33333333 2161 2001 0.833333333333 2 0 0.000402489964784 0.000960614793468 0.0 5 1
1930.70833333 2074 1767 2.70833333333 9 0 0.00139816076872 0.00461538461538 0.0 23 1
1940.5 2045 1871 0.833333333333 1 0 0.000431088140858 0.000534188034188 0.0 5 1
2033.83333333 2073 1978 1.0 2 0 0.000491614835103 0.0010101010101 0.0 5 1
1880.83333333 1964 1841 0.5 2 0 0.000269517014735 0.00108518719479 0.0 5 1
2055.2 2092 1992 0.8 2 0 0.000386506021973 0.000959692898273 0.0 4 1
1987.0 2020 1952 1.0 2 0 0.000505594565924 0.00102354145343 0.0 3 1
2137.25 2143 2127 0.5 1 0 0.000234194555015 0.00046992481203 0.0 3 1
2156.5 2232 2080 0.25 1 0 0.000120134550697 0.000480538202787 0.0 3 1
1986.0 2000 1972 0.5 1 0 0.000249875062469 0.000499750124938 0.0 1 1
2086.0 2099 2073 0.0 0 0 0.0 0.0 0.0 1 1
2277.0 2277 2277 0.0 0 0 0.0 0.0 0.0 0 1
1947.66666667 1973 1903 0.666666666667 1 0 0.000338238564756 0.000508130081301 0.0 2 1
2084.5 2124 2041 1.66666666667 4 0 0.000790510160853 0.00187969924812 0.0 5 1
2057.66666667 2071 2035 0.333333333333 1 0 0.000161186331399 0.000483558994197 0.0 2 1
1934.0 1934 1934 0.0 0 0 0.0 0.0 0.0 0 1
2209.0 2209 2209 0.0 0 0 0.0 0.0 0.0 0 1
1995.0 2002 1988 0.0 0 0 0.0 0.0 0.0 1 1
1989.90909091 2080 1928 1.90909090909 5 0 0.000953570545771 0.00251004016064 0.0 10 1
2086.0 2086 2086 0.0 0 0 0.0 0.0 0.0 0 1
1984.16666667 2016 1964 0.5 1 0 0.000252050981023 0.000508905852417 0.0 5 1
2008.0 2010 2006 0.5 1 0 0.000248632521134 0.000497265042268 0.0 1 1
2098.0 2147 2049 1.0 2 0 0.00046533271289 0.000930665425779 0.0 1 1
2230.0 2230 2230 0.0 0 0 0.0 0.0 0.0 0 1
2202.5 2232 2173 0.5 1 0 0.000229990800368 0.000459981600736 0.0 1 1
2040.0 2040 2040 0.0 0 0 0.0 0.0 0.0 0 1
2115.0 2124 2106 0.0 0 0 0.0 0.0 0.0 1 1
1911.0 1999 1835 0.666666666667 1 0 0.000356992699614 0.000544662309368 0.0 2 1
2039.28571429 2102 1973 1.14285714286 2 0 0.000561325729344 0.000998003992016 0.0 6 1
2090.0 2103 2077 0.0 0 0 0.0 0.0 0.0 1 1
1937.5 1961 1906 0.666666666667 2 0 0.000344814704774 0.00104821802935 0.0 5 1
2081.0 2081 2081 0.0 0 0 0.0 0.0 0.0 0 1
1956.0 1956 1956 0.0 0 0 0.0 0.0 0.0 0 1
1987.33333333 2101 1916 0.333333333333 1 0 0.000158579130986 0.000475737392959 0.0 2 1
1936.0 1938 1934 0.5 1 0 0.000257864878804 0.000515729757607 0.0 1 1
2138.5 2139 2138 0.0 0 0 0.0 0.0 0.0 1 1
2095.5 2107 2084 0.0 0 0 0.0 0.0 0.0 1 1
1973.29411765 2101 1796 1.88235294118 5 0 0.000933005018951 0.00249625561658 0.0 16 1
2150.0 2198 2102 0.5 1 0 0.000227376080036 0.000454752160073 0.0 1 1
2053.0 2053 2053 0.0 0 0 0.0 0.0 0.0 0 1
2006.0 2043 1969 0.5 1 0 0.000244618395303 0.000489236790607 0.0 1 1
2060.0 2060 2060 0.0 0 0 0.0 0.0 0.0 0 1
1794.0 1893 1695 1.8 5 0 0.00100349557688 0.00278551532033 0.0 14 1
2060.0 2060 2060 0.0 0 0 0.0 0.0 0.0 0 1
1991.5 2006 1966 0.5 1 0 0.000252159633452 0.000508388408744 0.0 3 1
2027.0 2027 2027 0.0 0 0 0.0 0.0 0.0 0 1
2164.0 2164 2164 0.0 0 0 0.0 0.0 0.0 0 1
2043.33333333 2100 1998 0.666666666667 1 0 0.000322615914048 0.000491883915396 0.0 2 1
2150.0 2150 2150 0.0 0 0 0.0 0.0 0.0 0 1
2148.0 2148 2148 0.0 0 0 0.0 0.0 0.0 0 1
2120.5 2160 2081 1.0 2 0 0.00048007681229 0.00096015362458 0.0 1 1
2022.5 2055 1990 0.5 1 0 0.000251130085384 0.000502260170768 0.0 1 1
2081.0 2091 2071 0.0 0 0 0.0 0.0 0.0 1 1
1996.0 1998 1994 0.0 0 0 0.0 0.0 0.0 1 1
2067.6 2117 1981 0.4 1 0 0.000192683637089 0.000484261501211 0.0 4 1
1998.4 2060 1961 1.2 2 0 0.000597748288203 0.00100502512563 0.0 4 1
2075.0 2075 2075 0.0 0 0 0.0 0.0 0.0 0 1
2019.33333333 2058 1995 0.166666666667 1 0 8.27951647624e-05 0.000496770988574 0.0 5 1
2214.0 2277 2165 0.333333333333 1 0 0.000146327187591 0.000438981562774 0.0 2 1
2014.0 2014 2014 0.0 0 0 0.0 0.0 0.0 0 1
2012.0 2012 2012 0.0 0 0 0.0 0.0 0.0 0 1
2047.0 2047 2047 0.0 0 0 0.0 0.0 0.0 0 1
2001.0 2001 2001 0.0 0 0 0.0 0.0 0.0 0 1
1971.33333333 1980 1956 1.0 2 0 0.000508918723202 0.00102145045965 0.0 2 1
2079.75 2120 2052 0.25 1 0 0.00011786892975 0.000471475719 0.0 3 1
2174.5 2198 2151 0.5 1 0 0.000227376080036 0.000454752160073 0.0 1 1
1969.27272727 2073 1896 1.63636363636 4 0 0.000817397255793 0.00199004975124 0.0 10 1
2174.66666667 2305 2062 1.55555555556 3 0 0.000708565082114 0.00138248847926 0.0 8 1
2160.5 2180 2141 0.5 1 0 0.000229252636405 0.000458505272811 0.0 1 1
2116.0 2116 2116 0.0 0 0 0.0 0.0 0.0 0 1
2126.83333333 2200 2088 0.166666666667 1 0 7.8727759408e-05 0.000472366556448 0.0 5 1
1887.66666667 1908 1858 0.666666666667 1 0 0.00035493133491 0.000537923614847 0.0 2 1
2090.0 2090 2090 0.0 0 0 0.0 0.0 0.0 0 1
1992.33333333 2098 1907 2.91666666667 6 0 0.00143839097845 0.00299550673989 0.0 11 1
1931.5 1940 1923 0.0 0 0 0.0 0.0 0.0 1 1
2160.33333333 2207 2125 0.333333333333 1 0 0.000150966183575 0.000452898550725 0.0 2 1
1957.57142857 2000 1903 1.0 3 0 0.00050237078166 0.00150075037519 0.0 6 1
2154.0 2154 2154 0.0 0 0 0.0 0.0 0.0 0 1
2176.0 2205 2147 0.5 1 0 0.000226654578422 0.000453309156845 0.0 1 1
1995.0 1995 1995 0.0 0 0 0.0 0.0 0.0 0 1
2102.5 2121 2084 0.75 1 0 0.000355530843939 0.000479616306954 0.0 3 1
2070.5 2125 1982 0.5 1 0 0.000238423041021 0.000483325277912 0.0 3 1
2218.0 2218 2218 0.0 0 0 0.0 0.0 0.0 0 1
2126.5 2164 2089 0.0 0 0 0.0 0.0 0.0 1 1
2227.0 2227 2227 0.5 1 0 0.000224416517056 0.000448833034111 0.0 1 1
2109.0 2162 2077 0.666666666667 1 0 0.000313672930756 0.000478697941599 0.0 2 1
2196.0 2196 2196 0.0 0 0 0.0 0.0 0.0 0 1
1967.28571429 2051 1863 0.428571428571 2 0 0.000219482486405 0.00100755667506 0.0 6 1
2111.0 2111 2111 0.0 0 0 0.0 0.0 0.0 0 1
1840.58333333 1972 1716 2.16666666667 4 0 0.00117306263143 0.00231213872832 0.0 11 1
2013.0 2013 2013 0.0 0 0 0.0 0.0 0.0 0 1
2130.0 2239 2063 3.2 9 0 0.0014859542126 0.0041095890411 0.0 9 1
2016.0 2044 1971 1.14285714286 3 0 0.00056471787873 0.00147928994083 0.0 6 1
2198.66666667 2222 2156 0.333333333333 1 0 0.000154535620461 0.000463606861382 0.0 2 1
2161.0 2178 2144 0.0 0 0 0.0 0.0 0.0 1 1
1908.0 1908 1908 0.0 0 0 0.0 0.0 0.0 0 1
2104.75 2132 2082 0.75 1 0 0.000355428326174 0.00048007681229 0.0 3 1
2043.0 2043 2043 0.0 0 0 0.0 0.0 0.0 0 1
2103.0 2142 2080 0.666666666667 1 0 0.000315724586806 0.000480538202787 0.0 2 1
1899.5 1931 1881 0.75 1 0 0.000393885228849 0.000531349628055 0.0 3 1
2113.0 2113 2113 0.0 0 0 0.0 0.0 0.0 0 1
2085.42857143 2147 1954 1.14285714286 3 0 0.000539896090728 0.0013986013986 0.0 6 1
2247.33333333 2280 2188 0.333333333333 1 0 0.000152276534186 0.000456829602558 0.0 2 1
2143.0 2143 2143 0.0 0 0 0.0 0.0 0.0 0 1
2206.5 2215 2198 1.0 2 0 0.000451059990979 0.000902119981958 0.0 1 1
2013.6 2045 1963 1.2 2 0 0.000593203902839 0.000990099009901 0.0 4 1
2178.5 2200 2157 0.5 1 0 0.000231696014829 0.000463392029657 0.0 1 1
1933.0 2021 1833 1.1 2 0 0.000567114754664 0.00106894708712 0.0 9 1
2157.71428571 2252 2107 1.14285714286 2 0 0.00052470210454 0.000911161731207 0.0 6 1
2056.16666667 2255 1948 1.55555555556 5 0 0.00075166126906 0.00247035573123 0.0 17 1
2223.33333333 2241 2192 0.666666666667 2 0 0.000297751972607 0.00089325591782 0.0 2 1
2076.0 2090 2062 0.5 1 0 0.000242365487155 0.000484730974309 0.0 1 1
2057.5 2078 2037 0.0 0 0 0.0 0.0 0.0 1 1
1983.0 1983 1983 0.0 0 0 0.0 0.0 0.0 0 1
1964.0 1964 1964 0.0 0 0 0.0 0.0 0.0 0 1
1937.33333333 1960 1922 0.666666666667 1 0 0.000342603432214 0.000517866390471 0.0 2 1
2117.8 2203 2045 2.2 6 0 0.00104031832454 0.00290135396518 0.0 9 1
2109.0 2109 2109 0.0 0 0 0.0 0.0 0.0 0 1
2014.0 2014 2014 0.0 0 0 0.0 0.0 0.0 0 1
2042.0 2042 2042 0.0 0 0 0.0 0.0 0.0 0 1
2014.0 2014 2014 0.0 0 0 0.0 0.0 0.0 0 1
1945.18518519 2198 1802 2.22222222222 8 0 0.00112516343467 0.00386847195358 0.0 26 1
2132.0 2132 2132 0.0 0 0 0.0 0.0 0.0 0 1
1970.0 1992 1948 0.5 1 0 0.000256541816316 0.000513083632632 0.0 1 1
2151.0 2151 2151 0.0 0 0 0.0 0.0 0.0 0 1
2156.0 2156 2156 0.0 0 0 0.0 0.0 0.0 0 1
2078.66666667 2092 2061 0.0 0 0 0.0 0.0 0.0 2 1
2091.0 2118 2064 0.0 0 0 0.0 0.0 0.0 1 1
1934.0 1934 1934 0.0 0 0 0.0 0.0 0.0 0 1
1992.5 2109 1898 2.5 4 0 0.00125650586296 0.00206079340546 0.0 13 1
2086.75 2120 2053 0.75 2 0 0.000354387378189 0.000946073793756 0.0 3 1
1842.46153846 1980 1749 2.15384615385 4 0 0.00115892172968 0.00218818380744 0.0 12 1
2215.0 2215 2215 0.0 0 0 0.0 0.0 0.0 0 1
2076.0 2076 2076 0.0 0 0 0.0 0.0 0.0 0 1
2027.0 2050 1992 1.0 2 0 0.000492138338636 0.000974658869396 0.0 2 1
2058.0 2058 2058 0.0 0 0 0.0 0.0 0.0 0 1
2012.0 2012 2012 0.0 0 0 0.0 0.0 0.0 0 1
2094.0 2094 2094 0.0 0 0 0.0 0.0 0.0 0 1
1985.66666667 2033 1927 0.888888888889 2 0 0.000448724403373 0.00103680663556 0.0 8 1
2215.66666667 2241 2167 0.333333333333 1 0 0.00014880952381 0.000446428571429 0.0 2 1
2119.0 2119 2119 0.0 0 0 0.0 0.0 0.0 0 1
2216.0 2216 2216 0.0 0 0 0.0 0.0 0.0 0 1
2091.5 2095 2088 0.0 0 0 0.0 0.0 0.0 1 1
2112.0 2112 2112 0.0 0 0 0.0 0.0 0.0 0 1
2012.66666667 2086 1970 0.0 0 0 0.0 0.0 0.0 2 1
2049.33333333 2077 2024 1.33333333333 3 0 0.000656100327865 0.0014800197336 0.0 2 1
2167.0 2221 2069 1.33333333333 3 0 0.00062415036112 0.00144787644788 0.0 5 1
1999.75 2022 1965 0.75 1 0 0.000374441731098 0.000508646998983 0.0 3 1
1992.4 2028 1913 0.2 1 0 0.000100502512563 0.000502512562814 0.0 4 1
2262.66666667 2276 2238 0.666666666667 1 0 0.000295267437043 0.00044662795891 0.0 2 1
2004.0 2004 2004 0.0 0 0 0.0 0.0 0.0 0 1
1996.0 1996 1996 0.0 0 0 0.0 0.0 0.0 0 1
2106.5 2107 2106 0.0 0 0 0.0 0.0 0.0 1 1
2188.6 2253 2124 0.4 1 0 0.000179475246265 0.000453720508167 0.0 4 1
1981.0 1997 1949 0.5 1 0 0.000251259390346 0.000504286434695 0.0 3 1
2201.5 2281 2117 1.33333333333 2 0 0.000597790715365 0.000907441016334 0.0 5 1
2013.0 2063 1963 0.0 0 0 0.0 0.0 0.0 1 1
2096.0 2096 2096 0.0 0 0 0.0 0.0 0.0 0 1
1970.0 1970 1970 0.0 0 0 0.0 0.0 0.0 0 1
2047.0 2047 2047 0.0 0 0 0.0 0.0 0.0 0 1
2062.0 2131 2008 0.0 0 0 0.0 0.0 0.0 2 1
2011.0 2017 2004 0.333333333333 1 0 0.00016518004625 0.000495540138751 0.0 2 1
1963.0 1963 1963 0.0 0 0 0.0 0.0 0.0 0 1
1888.72727273 1979 1819 0.727272727273 3 0 0.000385068365207 0.00160085378869 0.0 10 1
1916.625 1993 1843 0.875 2 0 0.000455183621668 0.00104931794334 0.0 7 1
2036.42857143 2264 1836 1.57142857143 4 0 0.000742643946165 0.00181241504304 0.0 20 1
1942.0 1942 1942 0.0 0 0 0.0 0.0 0.0 0 1
2171.25 2181 2148 0.25 1 0 0.000114731528224 0.000458926112896 0.0 3 1
2266.0 2266 2266 0.0 0 0 0.0 0.0 0.0 0 1
2017.0 2132 1896 1.5 5 0 0.000753109106038 0.00255754475703 0.0 13 1
2050.0 2050 2050 0.0 0 0 0.0 0.0 0.0 0 1
2220.75 2259 2145 1.25 3 0 0.000561286464606 0.0013434841021 0.0 7 1
2004.85714286 2077 1898 0.571428571429 2 0 0.000279140355096 0.000962000962001 0.0 6 1
2099.0 2099 2099 0.0 0 0 0.0 0.0 0.0 0 1
1876.0 1876 1876 0.0 0 0 0.0 0.0 0.0 0 1
1893.0 1991 1852 1.2 2 0 0.000628134991712 0.00107469102633 0.0 4 1
2043.5 2069 2018 0.5 1 0 0.000247647350173 0.000495294700347 0.0 1 1
2063.0 2063 2063 0.0 0 0 0.0 0.0 0.0 0 1
1967.25 1994 1934 1.0 2 0 0.000506826787269 0.00102354145343 0.0 3 1
2091.0 2155 2027 1.0 2 0 0.000487906239075 0.000985707244948 0.0 2 1
2039.5 2041 2038 0.5 1 0 0.00024485798237 0.00048971596474 0.0 1 1
2153.0 2153 2153 0.0 0 0 0.0 0.0 0.0 0 1
2060.25 2116 2014 0.75 2 0 0.000366107512128 0.000992063492063 0.0 3 1
1933.25 1975 1880 0.25 1 0 0.00012853470437 0.000514138817481 0.0 3 1
2138.0 2138 2138 0.0 0 0 0.0 0.0 0.0 0 1
2023.66666667 2200 1931 0.666666666667 1 0 0.000324421510177 0.000508646998983 0.0 5 1
2064.5 2108 2021 0.0 0 0 0.0 0.0 0.0 1 1
2011.0 2011 2011 0.0 0 0 0.0 0.0 0.0 0 1
2124.0 2125 2123 0.0 0 0 0.0 0.0 0.0 1 1
2179.0 2179 2179 0.0 0 0 0.0 0.0 0.0 0 1
2044.5 2077 2012 0.5 1 0 0.000248385494287 0.000496770988574 0.0 1 1
2097.5 2119 2076 0.5 1 0 0.000240731824747 0.000481463649494 0.0 1 1
2007.0 2007 2007 0.0 0 0 0.0 0.0 0.0 0 1
2027.0 2062 1992 0.5 1 0 0.000250878073256 0.000501756146513 0.0 1 1
2043.66666667 2143 1992 0.166666666667 1 0 8.31255195345e-05 0.000498753117207 0.0 5 1
2108.88888889 2176 2006 1.0 2 0 0.000477230537127 0.000996015936255 0.0 8 1
2113.0 2128 2098 0.0 0 0 0.0 0.0 0.0 1 1
2126.0 2126 2126 0.0 0 0 0.0 0.0 0.0 0 1
2034.0 2056 2016 0.666666666667 1 0 0.000326171054218 0.000492368291482 0.0 2 1
2031.0 2043 2019 0.5 1 0 0.000247524752475 0.00049504950495 0.0 1 1
2001.0 2001 2001 0.0 0 0 0.0 0.0 0.0 0 1
2099.0 2099 2099 0.0 0 0 0.0 0.0 0.0 0 1
1995.5 2033 1955 0.5 2 0 0.000249003984064 0.000996015936255 0.0 3 1
1944.28571429 2083 1737 2.0 10 0 0.000997462651054 0.00494804552202 0.0 20 1
1984.2 2072 1897 0.6 1 0 0.000300047749389 0.000523286237572 0.0 4 1
2160.0 2160 2160 0.0 0 0 0.0 0.0 0.0 0 1
2099.0 2099 2099 0.0 0 0 0.0 0.0 0.0 0 1
1931.0 1931 1931 0.0 0 0 0.0 0.0 0.0 0 1
2014.27272727 2091 1898 1.27272727273 4 0 0.000637178248049 0.00200904068307 0.0 10 1
2079.42857143 2149 2037 1.42857142857 2 0 0.000683714748126 0.000976085895559 0.0 6 1
2110.85714286 2261 1901 1.85714285714 5 0 0.000862194528825 0.00229568411387 0.0 20 1
1849.85 1938 1760 0.95 3 0 0.000516782271134 0.00165380374862 0.0 19 1
2056.0 2056 2056 0.0 0 0 0.0 0.0 0.0 0 1
2059.5 2135 1896 0.5 1 0 0.000241351461184 0.00048971596474 0.0 5 1
2212.5 2261 2136 1.0 2 0 0.00045059543882 0.000883782589483 0.0 3 1
2083.0 2083 2083 0.0 0 0 0.0 0.0 0.0 0 1
2024.0 2024 2024 0.0 0 0 0.0 0.0 0.0 0 1
2314.0 2314 2314 0.0 0 0 0.0 0.0 0.0 0 1
1872.0 1872 1872 0.0 0 0 0.0 0.0 0.0 0 1
2161.4 2233 2058 0.8 1 0 0.00037305592628 0.000485672656629 0.0 4 1
2141.5 2162 2121 0.5 1 0 0.000231160425335 0.00046232085067 0.0 1 1
2022.0 2022 2022 0.0 0 0 0.0 0.0 0.0 0 1
2245.66666667 2267 2205 0.333333333333 1 0 0.000151103052282 0.000453309156845 0.0 2 1
1966.0 1966 1966 0.0 0 0 0.0 0.0 0.0 0 1
1930.0 1969 1881 1.0 2 0 0.000511956304866 0.00101471334348 0.0 3 1
1931.0 1947 1915 0.0 0 0 0.0 0.0 0.0 1 1
2098.0 2098 2098 0.0 0 0 0.0 0.0 0.0 0 1
2104.5 2175 2059 0.666666666667 1 0 0.000315600737327 0.000485436893204 0.0 5 1
2050.92307692 2116 1989 1.07692307692 3 0 0.000528314554981 0.0014742014742 0.0 12 1
1985.0 1985 1985 0.0 0 0 0.0 0.0 0.0 0 1
1991.25 2014 1954 1.75 3 0 0.000881149468216 0.00150905432596 0.0 3 1
1992.72727273 2084 1878 1.54545454545 3 0 0.000771365576408 0.0015037593985 0.0 10 1
2084.84615385 2233 1953 0.769230769231 2 0 0.000362773528872 0.000951927653498 0.0 12 1
2049.33333333 2065 2025 1.0 2 0 0.000484419509959 0.000967585873246 0.0 2 1
2273.0 2273 2273 0.0 0 0 0.0 0.0 0.0 0 1
2193.0 2193 2193 0.0 0 0 0.0 0.0 0.0 0 1
2164.0 2164 2164 0.0 0 0 0.0 0.0 0.0 0 1
2009.0 2009 2009 0.0 0 0 0.0 0.0 0.0 0 1
2200.0 2200 2200 0.0 0 0 0.0 0.0 0.0 0 1
2007.33333333 2136 1859 1.53333333333 6 0 0.000742529984672 0.00280504908836 0.0 14 1
1986.375 2030 1960 1.375 3 0 0.000693767472192 0.00152827305145 0.0 7 1
1975.25 1992 1956 0.25 1 0 0.000126008064516 0.000504032258065 0.0 3 1
2116.0 2171 2061 1.0 2 0 0.000460193281178 0.000920386562356 0.0 1 1
2020.0 2020 2020 0.0 0 0 0.0 0.0 0.0 0 1
2119.75 2197 2016 1.5 4 0 0.000700330617744 0.00184077312471 0.0 7 1
2149.0 2149 2149 0.0 0 0 0.0 0.0 0.0 0 1
2047.75 2069 2013 0.75 1 0 0.000364022893961 0.000486854917235 0.0 3 1
2100.0 2142 2058 0.0 0 0 0.0 0.0 0.0 1 1
2160.0 2160 2160 0.0 0 0 0.0 0.0 0.0 0 1
1988.0 1988 1988 0.0 0 0 0.0 0.0 0.0 0 1
1926.0 1926 1926 0.0 0 0 0.0 0.0 0.0 0 1
1848.33333333 1901 1795 0.333333333333 1 0 0.000175254118472 0.000525762355415 0.0 2 1
1893.0 1893 1893 0.0 0 0 0.0 0.0 0.0 0 1
2038.0 2074 2002 0.0 0 0 0.0 0.0 0.0 1 1
2133.0 2133 2133 0.0 0 0 0.0 0.0 0.0 0 1
2180.66666667 2194 2159 0.666666666667 1 0 0.000304067290057 0.000456621004566 0.0 2 1
2066.85294118 2301 1789 2.70588235294 7 0 0.00131984373117 0.00364203954214 0.0 33 1
2013.0 2075 1978 0.4 1 0 0.000197400255671 0.000505305709955 0.0 4 1
2102.0 2102 2102 0.0 0 0 0.0 0.0 0.0 0 1
1988.77777778 2115 1856 0.777777777778 3 0 0.000395507094839 0.00154400411734 0.0 8 1
2009.0 2009 2009 0.0 0 0 0.0 0.0 0.0 0 1
1977.75 2002 1954 0.25 1 0 0.000124812780829 0.000499251123315 0.0 3 1
1899.0 1899 1899 0.0 0 0 0.0 0.0 0.0 0 1
1979.0 1979 1979 0.0 0 0 0.0 0.0 0.0 0 1
2046.7 2109 1947 1.1 2 0 0.000540252821143 0.00102616726526 0.0 9 1
2161.33333333 2197 2127 0.666666666667 1 0 0.000310891179824 0.00046992481203 0.0 2 1
2112.0 2121 2103 0.0 0 0 0.0 0.0 0.0 1 1
1983.0 1983 1983 0.0 0 0 0.0 0.0 0.0 0 1
2085.0 2085 2085 0.0 0 0 0.0 0.0 0.0 0 1
2167.0 2167 2167 0.0 0 0 0.0 0.0 0.0 0 1
2090.0 2090 2090 0.0 0 0 0.0 0.0 0.0 0 1
1993.3 2175 1816 2.8 6 0 0.00137696358042 0.00275103163686 0.0 9 1
2030.0 2054 1997 0.333333333333 1 0 0.000166833500167 0.000500500500501 0.0 2 1
2093.0 2093 2093 0.0 0 0 0.0 0.0 0.0 0 1
2104.3 2136 2073 1.2 2 0 0.00057090947197 0.000963855421687 0.0 9 1
2039.0 2039 2039 0.0 0 0 0.0 0.0 0.0 0 1
2030.0 2030 2030 0.0 0 0 0.0 0.0 0.0 0 1
2051.0 2051 2051 0.0 0 0 0.0 0.0 0.0 0 1
2174.0 2174 2174 0.0 0 0 0.0 0.0 0.0 0 1
2023.0 2023 2023 0.0 0 0 0.0 0.0 0.0 0 1
2096.25 2135 2036 1.66666666667 4 0 0.000799890715106 0.00194647201946 0.0 11 1
2000.0 2000 2000 0.0 0 0 0.0 0.0 0.0 0 1
2154.0 2154 2154 0.0 0 0 0.0 0.0 0.0 0 1
2054.0 2111 1997 0.0 0 0 0.0 0.0 0.0 1 1
2220.0 2220 2220 0.0 0 0 0.0 0.0 0.0 0 1
2037.33333333 2105 1988 0.333333333333 1 0 0.000158277936056 0.000474833808167 0.0 2 1
2018.5 2034 2003 0.0 0 0 0.0 0.0 0.0 1 1
2090.33333333 2098 2086 0.0 0 0 0.0 0.0 0.0 2 1
2185.0 2185 2185 0.0 0 0 0.0 0.0 0.0 0 1
2031.0 2031 2031 0.0 0 0 0.0 0.0 0.0 0 1
2014.5 2019 2010 0.5 1 0 0.000247524752475 0.00049504950495 0.0 1 1
2169.5 2176 2163 0.0 0 0 0.0 0.0 0.0 1 1
2127.0 2127 2127 0.0 0 0 0.0 0.0 0.0 0 1
2156.66666667 2223 2082 0.666666666667 1 0 0.000303773601617 0.000461680517082 0.0 2 1
1999.0 1999 1999 0.0 0 0 0.0 0.0 0.0 0 1
2140.0 2140 2140 0.0 0 0 0.0 0.0 0.0 0 1
2042.0 2075 2006 0.666666666667 1 0 0.000329004885637 0.000498256103637 0.0 2 1
2114.66666667 2132 2095 0.333333333333 1 0 0.00015903307888 0.000477099236641 0.0 2 1
2171.66666667 2221 2121 1.0 2 0 0.000456979548204 0.000899685110211 0.0 2 1
1821.57142857 1907 1753 1.42857142857 3 0 0.000777020807969 0.00167410714286 0.0 6 1
2116.0 2156 2076 0.5 1 0 0.000231803430691 0.000463606861382 0.0 1 1
2033.625 2092 1996 1.375 2 0 0.000671748699279 0.000984736582964 0.0 7 1
2176.0 2288 2055 1.78571428571 4 0 0.000816014559185 0.00175901495163 0.0 13 1
2109.0 2109 2109 0.0 0 0 0.0 0.0 0.0 0 1
1860.71428571 1923 1786 1.64285714286 3 0 0.000871998335576 0.00160427807487 0.0 13 1
2009.66666667 2043 1955 0.666666666667 1 0 0.00033349474479 0.000511247443763 0.0 2 1
1879.0 1879 1879 0.0 0 0 0.0 0.0 0.0 0 1
2034.0 2034 2034 0.0 0 0 0.0 0.0 0.0 0 1
2095.5 2105 2086 0.5 1 0 0.000237416904084 0.000474833808167 0.0 1 1
2049.0 2086 2012 0.5 1 0 0.000248385494287 0.000496770988574 0.0 1 1
1975.4 2015 1921 0.4 1 0 0.000203057457788 0.000511508951407 0.0 4 1
1966.0 1966 1966 0.0 0 0 0.0 0.0 0.0 0 1
2082.0 2130 2021 0.25 1 0 0.000123639960435 0.000494559841741 0.0 3 1
2220.0 2220 2220 0.0 0 0 0.0 0.0 0.0 0 1
2001.22727273 2098 1915 1.95454545455 5 0 0.000976072539327 0.00247770069376 0.0 21 1
2095.0 2095 2095 0.0 0 0 0.0 0.0 0.0 0 1
2064.0 2064 2064 0.0 0 0 0.0 0.0 0.0 0 1
2012.5 2069 1963 1.5 3 0 0.000737107746035 0.00148221343874 0.0 3 1
2097.5 2128 2067 0.5 1 0 0.000241779497099 0.000483558994197 0.0 1 1
2086.5 2093 2080 0.0 0 0 0.0 0.0 0.0 1 1
2027.0 2027 2027 0.0 0 0 0.0 0.0 0.0 0 1
1985.0 1985 1985 0.0 0 0 0.0 0.0 0.0 0 1
2098.0 2098 2098 0.0 0 0 0.0 0.0 0.0 0 1
2139.0 2139 2139 0.0 0 0 0.0 0.0 0.0 0 1
2099.0 2099 2099 0.0 0 0 0.0 0.0 0.0 0 1
1922.0 1930 1914 0.5 1 0 0.000258933195236 0.000517866390471 0.0 1 1
2104.14285714 2195 2021 0.571428571429 1 0 0.00026669133814 0.000474383301708 0.0 6 1
1949.0 1949 1949 0.0 0 0 0.0 0.0 0.0 0 1
2095.0 2142 2048 1.0 2 0 0.000487804878049 0.000975609756098 0.0 1 1
2149.0 2149 2149 0.0 0 0 0.0 0.0 0.0 0 1
2206.0 2206 2206 0.0 0 0 0.0 0.0 0.0 0 1
2153.0 2153 2153 0.0 0 0 0.0 0.0 0.0 0 1
1933.4 2132 1781 1.48 5 0 0.000762858882206 0.00263852242744 0.0 24 1
1881.33333333 1955 1831 0.5 1 0 0.000263260835309 0.000545851528384 0.0 5 1
1932.75 1987 1884 1.875 4 0 0.000971037416532 0.00211752249868 0.0 7 1
2137.0 2137 2137 0.0 0 0 0.0 0.0 0.0 0 1
1830.3125 1975 1743 2.5 6 0 0.00138394534268 0.00342270393611 0.0 15 1
2057.75 2076 2046 0.25 1 0 0.000121124031008 0.000484496124031 0.0 3 1
2193.33333333 2231 2170 0.0 0 0 0.0 0.0 0.0 2 1
2069.0 2069 2069 0.0 0 0 0.0 0.0 0.0 0 1
2124.0 2149 2099 0.5 1 0 0.000238095238095 0.00047619047619 0.0 1 1
2047.375 2145 1963 0.75 2 0 0.000366463519369 0.00100908173562 0.0 15 1
2075.14285714 2184 2008 0.571428571429 1 0 0.000274688618256 0.000497760079642 0.0 6 1
2075.0 2075 2075 0.0 0 0 0.0 0.0 0.0 0 1
2065.0 2065 2065 0.0 0 0 0.0 0.0 0.0 0 1
2075.92857143 2163 2019 1.64285714286 4 0 0.000792989771722 0.00194931773879 0.0 13 1
2094.0 2094 2094 0.0 0 0 0.0 0.0 0.0 0 1
1953.5 1965 1942 0.5 1 0 0.000257334019557 0.000514668039115 0.0 1 1
1918.0 1918 1918 0.0 0 0 0.0 0.0 0.0 0 1
1926.5 1944 1909 0.5 1 0 0.000261780104712 0.000523560209424 0.0 1 1
2112.0 2112 2112 0.0 0 0 0.0 0.0 0.0 0 1
1919.25 1992 1878 0.5 1 0 0.000258135427286 0.000530785562633 0.0 3 1
2045.33333333 2059 2036 0.0 0 0 0.0 0.0 0.0 2 1
2250.0 2276 2224 0.5 1 0 0.000219587176109 0.000439174352218 0.0 1 1
2146.0 2146 2146 0.0 0 0 0.0 0.0 0.0 0 1
2056.66666667 2104 2016 0.666666666667 2 0 0.000320108316701 0.00096015362458 0.0 5 1
2158.0 2158 2158 0.0 0 0 0.0 0.0 0.0 0 1
2013.27272727 2141 1882 2.09090909091 6 0 0.0010376052022 0.00298062593145 0.0 10 1
2202.0 2202 2202 0.0 0 0 0.0 0.0 0.0 0 1
1953.35714286 2019 1908 1.21428571429 3 0 0.000622224629202 0.0015392508979 0.0 13 1
2056.0 2056 2056 0.0 0 0 0.0 0.0 0.0 0 1
2075.0 2075 2075 0.0 0 0 0.0 0.0 0.0 0 1
2137.0 2137 2137 0.0 0 0 0.0 0.0 0.0 0 1
1990.0 1990 1990 0.0 0 0 0.0 0.0 0.0 0 1
1991.0 1991 1991 0.0 0 0 0.0 0.0 0.0 0 1
2072.0 2072 2072 0.0 0 0 0.0 0.0 0.0 0 1
2105.0 2105 2105 0.0 0 0 0.0 0.0 0.0 0 1
1974.5 1979 1970 0.5 1 0 0.000252525252525 0.000505050505051 0.0 1 1
2110.2 2145 2057 0.6 2 0 0.000285542392641 0.000961076405574 0.0 4 1
1954.0 1962 1948 0.666666666667 2 0 0.00034188034188 0.00102564102564 0.0 2 1
1963.33333333 2078 1918 1.25 3 0 0.000639334774693 0.00156168662155 0.0 11 1
2060.75 2127 2001 1.25 2 0 0.000607410866284 0.00098231827112 0.0 7 1
2017.5 2018 2017 0.0 0 0 0.0 0.0 0.0 1 1
1960.0 1960 1960 0.0 0 0 0.0 0.0 0.0 0 1
2138.0 2138 2138 0.0 0 0 0.0 0.0 0.0 0 1
2323.0 2323 2323 0.0 0 0 0.0 0.0 0.0 0 1
2036.0 2036 2036 0.0 0 0 0.0 0.0 0.0 0 1
2055.0 2055 2055 0.0 0 0 0.0 0.0 0.0 0 1
2138.0 2138 2138 0.0 0 0 0.0 0.0 0.0 0 1
2081.0 2090 2072 0.0 0 0 0.0 0.0 0.0 1 1
2183.0 2183 2183 0.0 0 0 0.0 0.0 0.0 0 1
2012.75 2041 1971 0.25 1 0 0.000122428991185 0.00048971596474 0.0 3 1
2075.0 2075 2075 0.0 0 0 0.0 0.0 0.0 0 1
2142.0 2142 2142 0.0 0 0 0.0 0.0 0.0 0 1
2197.0 2197 2197 0.0 0 0 0.0 0.0 0.0 0 1
2042.0 2042 2042 0.0 0 0 0.0 0.0 0.0 0 1
2014.47826087 2146 1938 2.30434782609 7 0 0.00113917635158 0.00348085529587 0.0 22 1
2105.0 2105 2105 0.0 0 0 0.0 0.0 0.0 0 1
2080.0 2080 2080 0.0 0 0 0.0 0.0 0.0 0 1
2068.0 2068 2068 0.0 0 0 0.0 0.0 0.0 0 1
2176.0 2210 2142 0.5 1 0 0.000226142017187 0.000452284034374 0.0 1 1
1984.0 2035 1933 0.5 1 0 0.00024557956778 0.00049115913556 0.0 1 1
2196.66666667 2278 2141 1.0 2 0 0.000454477406119 0.000922934933087 0.0 8 1
2075.5 2094 2057 0.0 0 0 0.0 0.0 0.0 1 1
2024.0 2180 1920 1.0 2 0 0.00048746340858 0.000989609104404 0.0 9 1
2114.0 2114 2114 0.0 0 0 0.0 0.0 0.0 0 1
2139.0 2139 2139 0.0 0 0 0.0 0.0 0.0 0 1
2214.0 2237 2191 0.0 0 0 0.0 0.0 0.0 1 1
2034.5 2124 1959 0.333333333333 1 0 0.00016299953579 0.00048971596474 0.0 5 1
2169.0 2169 2169 0.0 0 0 0.0 0.0 0.0 0 1
2140.0 2140 2140 0.0 0 0 0.0 0.0 0.0 0 1
2016.0 2016 2016 0.0 0 0 0.0 0.0 0.0 0 1
2177.0 2177 2177 0.0 0 0 0.0 0.0 0.0 0 1
2227.25 2269 2195 0.25 1 0 0.000112007168459 0.000448028673835 0.0 3 1
2038.0 2038 2038 0.0 0 0 0.0 0.0 0.0 0 1
2108.0 2170 2055 0.75 1 0 0.000357173529611 0.000486381322957 0.0 3 1
2018.375 2086 1963 1.5 3 0 0.000739011605319 0.0015 0.0 7 1
2100.0 2209 1965 1.76923076923 5 0 0.000818049050022 0.00229252636405 0.0 12 1
1864.5 1891 1823 0.75 1 0 0.00039909767954 0.000537345513165 0.0 3 1
2102.0 2102 2102 0.0 0 0 0.0 0.0 0.0 0 1
1967.0 1967 1967 0.0 0 0 0.0 0.0 0.0 0 1
2061.0 2061 2061 0.0 0 0 0.0 0.0 0.0 0 1
2103.0 2109 2097 0.0 0 0 0.0 0.0 0.0 1 1
2033.0 2033 2033 0.0 0 0 0.0 0.0 0.0 0 1
2076.75 2163 2017 1.5 2 0 0.000715115017836 0.000975134080936 0.0 3 1
2085.0 2131 2039 0.5 1 0 0.000234521575985 0.00046904315197 0.0 1 1
2045.0 2050 2040 0.5 1 0 0.000243783520234 0.000487567040468 0.0 1 1
2010.0 2076 1969 0.75 1 0 0.000372309193851 0.00050735667174 0.0 7 1
2087.0 2087 2087 0.0 0 0 0.0 0.0 0.0 0 1
2066.5 2102 2031 1.5 3 0 0.000737463126844 0.00147492625369 0.0 1 1
2246.5 2249 2244 0.5 1 0 0.00022271714922 0.000445434298441 0.0 1 1
2197.0 2214 2180 0.0 0 0 0.0 0.0 0.0 1 1
1995.0 1995 1995 0.0 0 0 0.0 0.0 0.0 0 1
1992.0 1992 1992 0.0 0 0 0.0 0.0 0.0 0 1
2025.81818182 2164 1930 1.09090909091 3 0 0.000529112616147 0.0013986013986 0.0 10 1
2319.5 2326 2313 0.5 1 0 0.000214868929953 0.000429737859905 0.0 1 1
2030.2 2109 1933 0.2 1 0 9.59692898273e-05 0.000479846449136 0.0 4 1
2073.0 2073 2073 0.0 0 0 0.0 0.0 0.0 0 1
1981.66666667 2043 1918 1.33333333333 2 0 0.00067322059223 0.00104166666667 0.0 2 1
1942.0 1986 1920 0.75 1 0 0.00038535795352 0.000520562207184 0.0 3 1
2046.0 2046 2046 0.0 0 0 0.0 0.0 0.0 0 1
1988.0 1988 1988 0.0 0 0 0.0 0.0 0.0 0 1
1876.0 1876 1876 0.0 0 0 0.0 0.0 0.0 0 1
1959.0 1959 1959 0.0 0 0 0.0 0.0 0.0 0 1
2328.0 2328 2328 0.0 0 0 0.0 0.0 0.0 0 1
2102.0 2102 2102 0.0 0 0 0.0 0.0 0.0 0 1
2026.5 2032 2021 0.5 1 0 0.00024727992087 0.000494559841741 0.0 1 1
2015.0 2100 1947 0.25 1 0 0.000128336755647 0.000513347022587 0.0 3 1
1947.5 1966 1929 0.5 1 0 0.000259067357513 0.000518134715026 0.0 1 1
2248.0 2248 2248 0.0 0 0 0.0 0.0 0.0 0 1
2062.0 2109 2017 0.666666666667 1 0 0.000319711669284 0.000485201358564 0.0 2 1
2094.0 2094 2094 0.0 0 0 0.0 0.0 0.0 0 1
1918.0 1918 1918 0.0 0 0 0.0 0.0 0.0 0 1
