2128.0 2128 2128 0.0 0 0 0.0 0.0 0.0 0 1
895.574 2194 592 170.504 294 1 0.165641444814 0.284292035398 0.000459558823529 999 1
2235.1 2340 2128 0.3 1 0 0.00013268646391 0.000451467268623 0.0 9 1
2156.8 2206 2119 1.0 3 0 0.000455507842786 0.00137174211248 0.0 4 1
2177.0 2185 2172 1.0 2 0 0.000459911105471 0.000919963201472 0.0 2 1
2024.55555556 2114 1950 0.888888888889 2 0 0.000430852470832 0.000972289742343 0.0 8 1
1988.25 2052 1905 1.25 3 0 0.000625063587926 0.00148148148148 0.0 7 1
2135.0 2172 2098 0.5 1 0 0.000230096640589 0.000460193281178 0.0 1 1
1993.33333333 2024 1973 0.0 0 0 0.0 0.0 0.0 2 1
2189.0 2189 2189 0.0 0 0 0.0 0.0 0.0 0 1
1959.5 2000 1919 0.5 1 0 0.000260416666667 0.000520833333333 0.0 1 1
2185.0 2185 2185 0.0 0 0 0.0 0.0 0.0 0 1
2024.0 2024 2024 0.0 0 0 0.0 0.0 0.0 0 1
1912.33333333 1942 1875 0.333333333333 1 0 0.000171556013038 0.000514668039115 0.0 2 1
1847.0 1847 1847 0.0 0 0 0.0 0.0 0.0 0 1
2104.0 2104 2104 0.0 0 0 0.0 0.0 0.0 0 1
2081.71428571 2117 2051 1.14285714286 3 0 0.000547898071998 0.00145137880987 0.0 6 1
946.292 2122 647 163.59 335 1 0.152831251282 0.303992740472 0.00047619047619 999 1
1876.33333333 1901 1829 0.0 0 0 0.0 0.0 0.0 2 1
1985.2 2008 1963 1.6 3 0 0.000801024058252 0.00149551345962 0.0 4 1
1998.66666667 2073 1945 0.333333333333 1 0 0.000166779409548 0.000513347022587 0.0 5 1
2015.33333333 2047 1999 0.333333333333 1 0 0.000166666666667 0.0005 0.0 2 1
2220.0 2220 2220 0.0 0 0 0.0 0.0 0.0 0 1
2036.54545455 2102 1931 1.63636363636 4 0 0.000810841870808 0.00206718346253 0.0 10 1
2127.0 2139 2115 1.0 2 0 0.000472366556448 0.000944733112896 0.0 1 1
2094.33333333 2112 2076 0.666666666667 1 0 0.000319520962045 0.000481463649494 0.0 2 1
1968.0 1968 1968 0.0 0 0 0.0 0.0 0.0 0 1
2138.0 2138 2138 0.0 0 0 0.0 0.0 0.0 0 1
910.391 2074 560 167.654 332 2 0.161107728762 0.334706488157 0.000963391136802 999 1
2168.0 2240 2089 1.28571428571 3 0 0.000588565166561 0.00137867647059 0.0 6 1
2237.0 2348 2142 0.666666666667 1 0 0.000291919357964 0.0004500450045 0.0 2 1
2151.0 2154 2148 0.0 0 0 0.0 0.0 0.0 1 1
2089.33333333 2090 2089 0.333333333333 1 0 0.000159413358839 0.000478240076518 0.0 2 1
1822.0 1846 1805 0.333333333333 1 0 0.000180472838838 0.000541418516513 0.0 2 1
2010.0 2118 1858 1.0 2 0 0.000502913958197 0.0010752688172 0.0 18 1
2168.0 2168 2168 0.0 0 0 0.0 0.0 0.0 0 1
1954.0 1954 1954 0.0 0 0 0.0 0.0 0.0 0 1
2152.0 2152 2152 0.0 0 0 0.0 0.0 0.0 0 1
2175.0 2190 2160 0.0 0 0 0.0 0.0 0.0 1 1
2065.0 2065 2065 0.0 0 0 0.0 0.0 0.0 0 1
1877.0 1877 1877 0.0 0 0 0.0 0.0 0.0 0 1
1981.0 1994 1968 0.5 1 0 0.000253936008126 0.000507872016252 0.0 1 1
1875.43181818 2128 1637 6.27272727273 20 0 0.00327173990244 0.0107584722969 0.0 43 1
2087.0 2107 2067 0.5 1 0 0.000237191650854 0.000474383301708 0.0 1 1
1965.0 1976 1954 0.5 1 0 0.000252908447142 0.000505816894284 0.0 1 1
2040.11111111 2186 1908 1.33333333333 3 0 0.000652198761034 0.00149476831091 0.0 8 1
2120.5 2144 2097 0.0 0 0 0.0 0.0 0.0 1 1
1908.0 1952 1867 0.75 2 0 0.000391582256836 0.00105429625725 0.0 3 1
2058.0 2067 2049 0.0 0 0 0.0 0.0 0.0 1 1
2036.17647059 2168 1954 2.11764705882 6 0 0.00104504338308 0.00299251870324 0.0 16 1
1994.0 2030 1969 1.0 2 0 0.000502204025488 0.00101419878296 0.0 7 1
2030.0 2030 2030 0.0 0 0 0.0 0.0 0.0 0 1
2018.0 2052 1987 0.5 1 0 0.000245596690187 0.000495294700347 0.0 3 1
947.433 2158 524 163.079 358 1 0.150300048807 0.308091286307 0.000475285171103 999 1
2218.0 2218 2218 0.0 0 0 0.0 0.0 0.0 0 1
1933.0 1933 1933 0.0 0 0 0.0 0.0 0.0 0 1
893.733 2111 485 165.305 356 1 0.162502498443 0.340647857889 0.000481695568401 999 1
2007.66666667 2047 1931 0.0 0 0 0.0 0.0 0.0 2 1
2070.0 2113 2027 0.0 0 0 0.0 0.0 0.0 1 1
969.623 2073 659 165.631 293 1 0.15075439896 0.260511882998 0.000482160077146 999 1
2093.0 2093 2093 0.0 0 0 0.0 0.0 0.0 0 1
2059.0 2066 2052 0.5 1 0 0.0002435460302 0.000487092060399 0.0 1 1
2218.33333333 2251 2180 0.666666666667 1 0 0.000302647825019 0.000458505272811 0.0 2 1
2060.83333333 2195 1940 1.83333333333 4 0 0.000879374708405 0.0019436345967 0.0 5 1
945.835 2112 607 162.517 353 0 0.154802633859 0.305099394987 0.0 999 1
2041.0 2070 2012 0.5 1 0 0.000241429261226 0.000482858522453 0.0 1 1
1954.0 1954 1954 0.0 0 0 0.0 0.0 0.0 0 1
2111.0 2111 2111 0.0 0 0 0.0 0.0 0.0 0 1
1884.95348837 2161 1700 2.72093023256 7 0 0.00144658635211 0.00358974358974 0.0 42 1
2011.0 2011 2011 0.0 0 0 0.0 0.0 0.0 0 1
1892.0 1892 1892 0.0 0 0 0.0 0.0 0.0 0 1
2069.0 2069 2069 0.0 0 0 0.0 0.0 0.0 0 1
2090.0 2090 2090 0.0 0 0 0.0 0.0 0.0 0 1
2116.42857143 2178 2043 0.571428571429 1 0 0.000271297612189 0.000489236790607 0.0 6 1
2142.85714286 2264 2022 0.714285714286 2 0 0.000323277986924 0.000912825193975 0.0 6 1
2126.0 2126 2126 0.0 0 0 0.0 0.0 0.0 0 1
876.169 2013 600 154.066 390 1 0.154402532446 0.328888888889 0.000496524329692 999 1
1940.0 1940 1940 0.0 0 0 0.0 0.0 0.0 0 1
2119.0 2119 2119 0.0 0 0 0.0 0.0 0.0 0 1
2022.5 2031 2014 0.5 1 0 0.000248138957816 0.000496277915633 0.0 1 1
1984.0 1984 1984 0.0 0 0 0.0 0.0 0.0 0 1
914.8 2215 584 160.254 297 1 0.155583141378 0.273835920177 0.000451263537906 999 1
2058.5 2075 2042 1.5 3 0 0.000721847930703 0.00144369586141 0.0 1 1
2023.25 2069 1952 1.0 2 0 0.000489513214959 0.000986679822398 0.0 3 1
2137.5 2158 2117 0.0 0 0 0.0 0.0 0.0 1 1
2005.0 2005 2005 0.0 0 0 0.0 0.0 0.0 0 1
2095.0 2101 2089 0.0 0 0 0.0 0.0 0.0 1 1
2066.0 2066 2066 0.0 0 0 0.0 0.0 0.0 0 1
2077.0 2077 2077 0.0 0 0 0.0 0.0 0.0 0 1
908.819 1967 472 154.361 343 0 0.15444443661 0.287958115183 0.0 999 1
2107.0 2107 2107 0.0 0 0 0.0 0.0 0.0 0 1
930.37 2064 521 161.066 363 1 0.153741121912 0.294165316045 0.000484261501211 999 1
2136.0 2136 2136 0.0 0 0 0.0 0.0 0.0 0 1
2078.0 2078 2078 0.0 0 0 0.0 0.0 0.0 0 1
2014.0 2030 1998 0.5 1 0 0.000246184145741 0.000492368291482 0.0 1 1
2138.0 2138 2138 0.0 0 0 0.0 0.0 0.0 0 1
2202.0 2202 2202 0.0 0 0 0.0 0.0 0.0 0 1
2062.22222222 2126 2004 1.22222222222 4 0 0.000584888400628 0.0018779342723 0.0 8 1
2030.90909091 2076 1963 1.45454545455 4 0 0.000712355312277 0.00200501253133 0.0 10 1
2162.75 2187 2138 1.0 2 0 0.000461164317631 0.000927213722763 0.0 3 1
1996.33333333 2031 1955 0.0 0 0 0.0 0.0 0.0 2 1
2065.0 2065 2065 0.0 0 0 0.0 0.0 0.0 0 1
2089.0 2089 2089 0.0 0 0 0.0 0.0 0.0 0 1
2103.0 2103 2103 0.0 0 0 0.0 0.0 0.0 0 1
2021.33333333 2032 2010 0.0 0 0 0.0 0.0 0.0 2 1
2037.5 2043 2032 0.0 0 0 0.0 0.0 0.0 1 1
2071.0 2071 2071 0.0 0 0 0.0 0.0 0.0 0 1
1869.0 1946 1826 0.2 1 0 0.000108932461874 0.000544662309368 0.0 4 1
921.294 2152 565 165.938 334 0 0.160385186517 0.306422018349 0.0 999 1
1956.0 2003 1909 0.0 0 0 0.0 0.0 0.0 1 1
2111.5 2112 2111 0.0 0 0 0.0 0.0 0.0 1 1
2070.0 2070 2070 0.0 0 0 0.0 0.0 0.0 0 1
1960.0 1960 1960 0.0 0 0 0.0 0.0 0.0 0 1
2024.0 2024 2024 0.0 0 0 0.0 0.0 0.0 0 1
1991.33333333 2046 1906 0.0 0 0 0.0 0.0 0.0 2 1
2020.0 2020 2020 0.0 0 0 0.0 0.0 0.0 0 1
2042.33333333 2062 2027 0.333333333333 1 0 0.000161576991436 0.000484730974309 0.0 2 1
2078.0 2078 2078 0.0 0 0 0.0 0.0 0.0 0 1
2083.0 2083 2083 0.0 0 0 0.0 0.0 0.0 0 1
2040.83333333 2062 1988 0.166666666667 1 0 8.14199641752e-05 0.000488519785051 0.0 5 1
1916.53846154 2077 1799 2.76923076923 8 0 0.00145587787725 0.00439319055464 0.0 25 1
2185.0 2185 2185 0.0 0 0 0.0 0.0 0.0 0 1
2258.5 2302 2196 0.25 1 0 0.000108601216334 0.000434404865334 0.0 3 1
2093.0 2093 2093 0.0 0 0 0.0 0.0 0.0 0 1
1982.0 1982 1982 0.0 0 0 0.0 0.0 0.0 0 1
2099.33333333 2122 2072 0.5 2 0 0.00024008510508 0.000964320154291 0.0 5 1
1873.6 1943 1778 0.6 1 0 0.00031742663393 0.000540248514317 0.0 4 1
2014.8 2077 1926 0.6 2 0 0.00029655396536 0.000983767830792 0.0 4 1
2047.0 2047 2047 0.0 0 0 0.0 0.0 0.0 0 1
2019.0 2051 1984 2.66666666667 5 0 0.00131086842027 0.00244977951984 0.0 8 1
2247.0 2253 2241 1.0 2 0 0.000445831475702 0.000891662951404 0.0 1 1
2143.0 2191 2095 0.5 1 0 0.000228102189781 0.000456204379562 0.0 1 1
2138.0 2141 2135 0.0 0 0 0.0 0.0 0.0 1 1
2016.66666667 2062 1984 0.0 0 0 0.0 0.0 0.0 2 1
2085.66666667 2103 2066 0.333333333333 1 0 0.000161264312208 0.000483792936623 0.0 2 1
2116.77777778 2198 2002 1.44444444444 4 0 0.000665285433615 0.00182481751825 0.0 8 1
1996.08333333 2060 1954 2.41666666667 8 0 0.00121594774321 0.00407747196738 0.0 11 1
2080.0 2080 2080 0.0 0 0 0.0 0.0 0.0 0 1
2104.0 2104 2104 0.0 0 0 0.0 0.0 0.0 0 1
2097.0 2101 2093 0.5 1 0 0.000238777459408 0.000477554918816 0.0 1 1
924.19 1984 559 157.197 320 1 0.152993718308 0.333726415094 0.000532765050613 999 1
2041.0 2073 2009 1.0 2 0 0.000481927710843 0.000963855421687 0.0 1 1
2140.0 2169 2086 0.333333333333 1 0 0.000153893505694 0.000461680517082 0.0 2 1
1953.5 1956 1951 0.5 1 0 0.000256147540984 0.000512295081967 0.0 1 1
1955.5 1991 1920 0.0 0 0 0.0 0.0 0.0 1 1
2160.6 2198 2142 1.0 2 0 0.000463390597746 0.00093023255814 0.0 4 1
2046.0 2074 2025 0.857142857143 2 0 0.000419054366175 0.000978473581213 0.0 6 1
944.55 2257 597 167.5 341 2 0.156247678448 0.320819112628 0.000895255147717 999 1
2110.0 2110 2110 0.0 0 0 0.0 0.0 0.0 0 1
2108.5 2113 2104 0.5 1 0 0.000237529691211 0.000475059382423 0.0 1 1
1945.0 1945 1945 0.0 0 0 0.0 0.0 0.0 0 1
2204.5 2231 2146 0.75 1 0 0.000341112076677 0.000465766185375 0.0 3 1
2276.0 2276 2276 0.0 0 0 0.0 0.0 0.0 0 1
2061.0 2061 2061 0.0 0 0 0.0 0.0 0.0 0 1
935.335 2024 639 172.941 342 2 0.160556228274 0.284552845528 0.00100150225338 999 1
2062.0 2114 2021 0.6 1 0 0.000289447224337 0.000487804878049 0.0 4 1
2169.0 2169 2169 0.0 0 0 0.0 0.0 0.0 0 1
2045.66666667 2054 2030 1.0 3 0 0.000486381322957 0.00145914396887 0.0 2 1
1961.25 2017 1913 1.125 2 0 0.000566772507717 0.00100654252642 0.0 7 1
938.695 2202 582 172.772 349 0 0.160980100519 0.306940371457 0.0 999 1
2022.0 2022 2022 0.0 0 0 0.0 0.0 0.0 0 1
1990.24 2265 1787 2.0 7 0 0.00104845378455 0.00390189520624 0.0 24 1
2254.0 2254 2254 0.0 0 0 0.0 0.0 0.0 0 1
1894.88888889 1942 1836 0.444444444444 2 0 0.000234637578603 0.00105097214924 0.0 8 1
2038.0 2038 2038 0.0 0 0 0.0 0.0 0.0 0 1
2150.25 2260 2078 0.5 1 0 0.000226526017105 0.000463821892393 0.0 3 1
2001.36734694 2266 1766 2.08163265306 5 0 0.0010423626289 0.00282326369283 0.0 48 1
1970.4 2016 1923 1.8 3 0 0.000917945820685 0.00154958677686 0.0 4 1
2038.85714286 2149 1926 0.285714285714 1 0 0.000136735482233 0.000485672656629 0.0 6 1
2065.57142857 2225 1928 1.57142857143 4 0 0.00073601231176 0.00184928340268 0.0 6 1
2042.6 2077 2001 0.4 1 0 0.000195647430794 0.000489955903969 0.0 4 1
2121.0 2121 2121 0.0 0 0 0.0 0.0 0.0 0 1
2068.0 2085 2047 0.0 0 0 0.0 0.0 0.0 2 1
2067.33333333 2110 2025 1.33333333333 2 0 0.000637873417598 0.000966650555824 0.0 2 1
1794.5 1805 1784 0.5 1 0 0.000280112044818 0.000560224089636 0.0 1 1
2088.0 2088 2088 0.0 0 0 0.0 0.0 0.0 0 1
2077.0 2077 2077 0.0 0 0 0.0 0.0 0.0 0 1
1985.0 1985 1985 0.0 0 0 0.0 0.0 0.0 0 1
932.924 2097 588 161.994 319 2 0.15330087869 0.29552238806 0.000952834683182 999 1
2086.44444444 2231 1928 0.444444444444 2 0 0.000203326308154 0.00089565606807 0.0 8 1
2176.69230769 2411 2016 1.92307692308 5 0 0.000848952679271 0.00206953642384 0.0 12 1
1864.0 1870 1858 0.0 0 0 0.0 0.0 0.0 1 1
1979.5 1988 1971 0.5 1 0 0.000251382604324 0.000502765208648 0.0 1 1
1922.6 1986 1898 0.6 2 0 0.000310078336412 0.00104712041885 0.0 4 1
2014.0 2014 2014 0.0 0 0 0.0 0.0 0.0 0 1
2127.66666667 2157 2087 0.333333333333 1 0 0.000154464009886 0.000463392029657 0.0 2 1
2185.0 2226 2144 0.0 0 0 0.0 0.0 0.0 1 1
2127.0 2127 2127 0.0 0 0 0.0 0.0 0.0 0 1
1996.5 2013 1980 0.5 1 0 0.000248262164846 0.000496524329692 0.0 1 1
2020.0 2054 1989 1.66666666667 4 0 0.000825414839061 0.00196753566158 0.0 5 1
2128.0 2128 2128 0.0 0 0 0.0 0.0 0.0 0 1
2071.0 2071 2071 0.0 0 0 0.0 0.0 0.0 0 1
2183.75 2240 2163 1.25 2 0 0.000572811953019 0.000922509225092 0.0 3 1
1988.0 1988 1988 0.0 0 0 0.0 0.0 0.0 0 1
2150.66666667 2189 2105 0.666666666667 2 0 0.000308641975309 0.000925925925926 0.0 2 1
2020.0 2020 2020 0.0 0 0 0.0 0.0 0.0 0 1
1924.0 1924 1924 0.0 0 0 0.0 0.0 0.0 0 1
2027.0 2027 2027 0.0 0 0 0.0 0.0 0.0 0 1
2258.0 2258 2258 0.0 0 0 0.0 0.0 0.0 0 1
2055.33333333 2081 2035 0.333333333333 1 0 0.000162522346823 0.000487567040468 0.0 2 1
1918.72727273 2104 1740 1.86363636364 6 0 0.000959092220625 0.0031185031185 0.0 21 1
1977.0 1977 1977 0.0 0 0 0.0 0.0 0.0 0 1
2037.0 2112 1951 0.5 1 0 0.000246388962162 0.000512295081967 0.0 3 1
1980.0 1987 1973 0.5 1 0 0.000253292806484 0.000506585612969 0.0 1 1
2002.0 2062 1907 0.75 2 0 0.000373854445909 0.000976085895559 0.0 7 1
975.403 2206 641 156.37 366 1 0.143921662859 0.30567315834 0.000453103760761 999 1
2044.0 2044 2044 0.0 0 0 0.0 0.0 0.0 0 1
2086.0 2143 1994 0.5 1 0 0.000233920291784 0.000469263256687 0.0 3 1
2196.0 2209 2176 0.666666666667 2 0 0.000301522689582 0.000904568068747 0.0 2 1
2118.0 2118 2118 0.0 0 0 0.0 0.0 0.0 0 1
1964.375 2008 1919 2.0 4 0 0.00102690767384 0.00208008320333 0.0 7 1
2009.71428571 2169 1920 1.42857142857 3 0 0.000692804832136 0.00139275766017 0.0 6 1
1881.77777778 1987 1766 1.94444444444 6 0 0.00103206884443 0.0031612223393 0.0 17 1
1798.31578947 1977 1572 1.05263157895 4 0 0.000565111550749 0.00207468879668 0.0 18 1
2027.2 2063 1989 0.4 1 0 0.000194698735809 0.000488997555012 0.0 4 1
2040.0 2110 1871 0.2 1 0 9.56480153037e-05 0.000478240076518 0.0 4 1
2079.0 2079 2079 0.0 0 0 0.0 0.0 0.0 0 1
2006.5 2025 1988 0.5 1 0 0.000251382604324 0.000502765208648 0.0 1 1
2096.0 2151 2008 0.0 0 0 0.0 0.0 0.0 3 1
2033.2 2104 1990 1.4 3 0 0.000680287821641 0.00142382534409 0.0 4 1
2093.0 2093 2093 0.0 0 0 0.0 0.0 0.0 0 1
934.853 2038 623 159.351 330 1 0.151461386353 0.273930753564 0.000504032258065 999 1
2211.0 2211 2211 0.0 0 0 0.0 0.0 0.0 0 1
2094.5 2157 2004 0.0 0 0 0.0 0.0 0.0 3 1
2035.0 2109 1984 0.428571428571 2 0 0.000204486932176 0.00094831673779 0.0 6 1
2153.0 2179 2127 0.5 1 0 0.000229357798165 0.00045871559633 0.0 1 1
2164.6875 2302 1988 1.3125 4 0 0.000601455926086 0.00189843379212 0.0 15 1
2042.0 2042 2042 0.0 0 0 0.0 0.0 0.0 0 1
2175.0 2175 2175 0.0 0 0 0.0 0.0 0.0 0 1
2008.0 2008 2008 0.0 0 0 0.0 0.0 0.0 0 1
2068.0 2068 2068 0.0 0 0 0.0 0.0 0.0 0 1
2034.0 2059 2018 0.666666666667 1 0 0.000326340102934 0.000493583415597 0.0 2 1
895.749 2035 561 167.603 351 0 0.162242843636 0.321805955812 0.0 999 1
1937.33333333 1993 1901 0.333333333333 1 0 0.00016716817118 0.000501504513541 0.0 2 1
1851.5 1912 1784 0.75 2 0 0.000398939028452 0.00105988341282 0.0 7 1
2029.25 2115 1984 2.0 4 0 0.000979429642962 0.00196947316593 0.0 3 1
2024.2 2075 1963 0.2 1 0 9.83284169125e-05 0.000491642084562 0.0 4 1
1926.0 1926 1926 0.0 0 0 0.0 0.0 0.0 0 1
1892.15384615 1998 1823 2.0 4 0 0.00105933851272 0.00214707461084 0.0 12 1
2163.0 2163 2163 0.0 0 0 0.0 0.0 0.0 0 1
2024.0 2024 2024 0.0 0 0 0.0 0.0 0.0 0 1
2029.0 2029 2029 0.0 0 0 0.0 0.0 0.0 0 1
2017.5 2085 1930 0.5 1 0 0.00024661162796 0.000504286434695 0.0 3 1
2119.0 2119 2119 0.0 0 0 0.0 0.0 0.0 0 1
2244.0 2244 2244 0.0 0 0 0.0 0.0 0.0 0 1
2163.0 2163 2163 0.0 0 0 0.0 0.0 0.0 0 1
2015.0 2015 2015 0.0 0 0 0.0 0.0 0.0 0 1
2016.5 2073 1962 0.75 2 0 0.00037097687794 0.000979431929481 0.0 7 1
2122.5 2133 2112 0.0 0 0 0.0 0.0 0.0 1 1
2119.5 2137 2102 0.5 1 0 0.000237755587256 0.000475511174513 0.0 1 1
1930.66666667 1985 1901 0.333333333333 1 0 0.00016784155757 0.000503524672709 0.0 2 1
925.631 2206 528 161.643 320 1 0.155837536945 0.292779426311 0.00048007681229 999 1
1943.0 1976 1910 0.666666666667 2 0 0.000342759211654 0.00102827763496 0.0 2 1
2081.75 2136 2034 0.25 1 0 0.000116986429574 0.000467945718297 0.0 3 1
2142.0 2241 2081 1.46153846154 3 0 0.000682774709836 0.0014360938248 0.0 12 1
2016.0 2064 1947 1.0 2 0 0.000488378159387 0.000980872976949 0.0 2 1
1865.2 2005 1771 2.6 6 0 0.00139758082997 0.00327332242226 0.0 19 1
1881.96875 2026 1736 1.15625 5 0 0.000611868430158 0.00276548672566 0.0 31 1
2195.5 2213 2159 0.5 1 0 0.000229428780759 0.000462962962963 0.0 3 1
1968.0 2000 1936 0.0 0 0 0.0 0.0 0.0 1 1
1893.0 2043 1739 1.36842105263 5 0 0.000721005323191 0.00255885363357 0.0 18 1
2091.66666667 2116 2068 0.333333333333 1 0 0.000157455518816 0.000472366556448 0.0 2 1
2215.33333333 2257 2191 1.0 2 0 0.000451620833446 0.000911992704058 0.0 2 1
2111.5 2164 2059 0.5 1 0 0.000230946882217 0.000461893764434 0.0 1 1
1965.66666667 2021 1937 0.333333333333 1 0 0.000171998624011 0.000515995872033 0.0 2 1
1980.5 2035 1947 0.25 1 0 0.000125628140704 0.000502512562814 0.0 3 1
1982.0 1999 1965 0.0 0 0 0.0 0.0 0.0 1 1
1891.0 1891 1891 0.0 0 0 0.0 0.0 0.0 0 1
2130.0 2148 2112 0.5 1 0 0.000232666356445 0.00046533271289 0.0 1 1
2069.0 2089 2040 0.333333333333 1 0 0.000160333493667 0.000481000481 0.0 2 1
2019.0 2019 2019 0.0 0 0 0.0 0.0 0.0 0 1
917.951 2190 628 165.858 302 1 0.158342412178 0.276406712734 0.000456412596988 999 1
2140.5 2157 2124 0.5 1 0 0.000231696014829 0.000463392029657 0.0 1 1
2201.0 2201 2201 0.0 0 0 0.0 0.0 0.0 0 1
2157.0 2157 2157 0.0 0 0 0.0 0.0 0.0 0 1
2066.5 2101 2032 0.5 1 0 0.00023786869648 0.000475737392959 0.0 1 1
2314.0 2314 2314 0.0 0 0 0.0 0.0 0.0 0 1
2034.0 2034 2034 0.0 0 0 0.0 0.0 0.0 0 1
2136.0 2146 2126 0.0 0 0 0.0 0.0 0.0 1 1
1959.0 1983 1935 0.0 0 0 0.0 0.0 0.0 1 1
2163.2 2249 2126 1.2 2 0 0.000557891227902 0.00093984962406 0.0 4 1
2133.0 2177 2089 0.0 0 0 0.0 0.0 0.0 1 1
2130.0 2130 2130 0.0 0 0 0.0 0.0 0.0 0 1
2168.0 2168 2168 0.0 0 0 0.0 0.0 0.0 0 1
2152.6 2227 2102 0.6 1 0 0.000276738386971 0.000475511174513 0.0 4 1
2077.2 2151 1965 1.26666666667 3 0 0.000609885957782 0.0015243902439 0.0 14 1
917.163 2207 564 163.326 331 1 0.156548688474 0.289392378991 0.000452898550725 999 1
2088.75 2190 2025 0.5 2 0 0.000228102189781 0.000912408759124 0.0 3 1
2095.90909091 2260 1941 1.18181818182 2 0 0.000556342432905 0.000993541977149 0.0 10 1
1953.0 1953 1953 0.0 0 0 0.0 0.0 0.0 0 1
2061.0 2086 2022 0.333333333333 1 0 0.000159718894745 0.000479156684236 0.0 2 1
1956.42857143 2004 1901 1.0 2 0 0.000506124087817 0.00100806451613 0.0 6 1
1930.5 2012 1834 1.625 3 0 0.00083705566517 0.00158061116965 0.0 7 1
2237.25 2304 2154 0.75 1 0 0.000335976733106 0.00046403712297 0.0 3 1
2073.0 2083 2063 0.5 1 0 0.000242248062016 0.000484496124031 0.0 1 1
1911.0 1922 1900 0.0 0 0 0.0 0.0 0.0 1 1
1956.0 1956 1956 0.0 0 0 0.0 0.0 0.0 0 1
1960.58333333 2168 1817 1.5 3 0 0.000756131311564 0.00158898305085 0.0 11 1
2048.0 2048 2048 0.0 0 0 0.0 0.0 0.0 0 1
1935.0 1994 1895 0.666666666667 1 0 0.000340967180601 0.000521648408972 0.0 2 1
2075.0 2076 2074 0.5 1 0 0.000240963855422 0.000481927710843 0.0 1 1
2070.0 2070 2070 0.0 0 0 0.0 0.0 0.0 0 1
1960.33333333 2014 1907 0.333333333333 1 0 0.000174703004892 0.000524109014675 0.0 2 1
2108.0 2141 2049 1.6 3 0 0.000752374567134 0.00140383715489 0.0 4 1
2195.33333333 2230 2171 1.33333333333 2 0 0.000611627101337 0.000920386562356 0.0 2 1
1922.25 2011 1850 0.75 2 0 0.000379619090088 0.000993541977149 0.0 3 1
1988.88461538 2144 1823 1.03846153846 2 0 0.000515653383598 0.0010593220339 0.0 25 1
2097.0 2097 2097 0.0 0 0 0.0 0.0 0.0 0 1
2006.0 2016 1996 0.5 1 0 0.000250375563345 0.00050075112669 0.0 1 1
2090.0 2090 2090 0.0 0 0 0.0 0.0 0.0 0 1
2013.8 2035 1991 1.4 3 0 0.00069815481751 0.00150300601202 0.0 4 1
2023.0 2023 2023 0.0 0 0 0.0 0.0 0.0 0 1
1985.0 2092 1931 0.666666666667 2 0 0.000334719107339 0.00101471334348 0.0 8 1
2168.0 2189 2147 1.0 2 0 0.000456412596988 0.000912825193975 0.0 1 1
2081.0 2108 2054 0.5 1 0 0.000237079184448 0.000474158368895 0.0 1 1
2109.0 2109 2109 0.0 0 0 0.0 0.0 0.0 0 1
2054.0 2054 2054 0.0 0 0 0.0 0.0 0.0 0 1
2072.55555556 2170 1946 1.77777777778 5 0 0.000833017874139 0.00231267345051 0.0 8 1
2047.0 2047 2047 0.0 0 0 0.0 0.0 0.0 0 1
2108.0 2145 2071 0.0 0 0 0.0 0.0 0.0 1 1
2003.4 2111 1932 1.0 2 0 0.000503756452734 0.000991571641051 0.0 4 1
1997.0 1997 1997 0.0 0 0 0.0 0.0 0.0 0 1
2113.0 2141 2085 0.0 0 0 0.0 0.0 0.0 1 1
2093.33333333 2099 2086 0.0 0 0 0.0 0.0 0.0 2 1
2035.0 2068 2002 0.0 0 0 0.0 0.0 0.0 1 1
2138.0 2138 2138 0.0 0 0 0.0 0.0 0.0 0 1
2067.5 2115 2039 0.75 1 0 0.000363311000463 0.000490196078431 0.0 7 1
903.737 1890 642 171.831 287 3 0.163386310023 0.28 0.0016077170418 999 1
2169.0 2169 2169 0.0 0 0 0.0 0.0 0.0 0 1
2024.33333333 2070 1985 1.0 2 0 0.000500612408923 0.00100654252642 0.0 2 1
2118.0 2144 2092 0.0 0 0 0.0 0.0 0.0 1 1
1971.25 2009 1893 0.25 1 0 0.000124378109453 0.000497512437811 0.0 3 1
2085.0 2085 2085 0.0 0 0 0.0 0.0 0.0 0 1
2155.5 2214 2061 0.5 1 0 0.000229951156661 0.000463392029657 0.0 3 1
2096.0 2164 2050 0.5 1 0 0.00023969341305 0.000479846449136 0.0 3 1
900.71 2163 528 155.576 268 1 0.152687201799 0.287735849057 0.00048828125 999 1
2138.0 2138 2138 0.0 0 0 0.0 0.0 0.0 0 1
2199.0 2199 2199 0.0 0 0 0.0 0.0 0.0 0 1
2035.0 2035 2035 0.0 0 0 0.0 0.0 0.0 0 1
1930.0 1930 1930 0.0 0 0 0.0 0.0 0.0 0 1
2054.0 2054 2054 0.0 0 0 0.0 0.0 0.0 0 1
1908.14285714 1973 1855 1.28571428571 3 0 0.000679769910201 0.0016146393972 0.0 6 1
900.29 2224 567 163.161 313 0 0.159407754437 0.303125 0.0 999 1
2096.5 2107 2079 1.5 2 0 0.000715103873097 0.000961076405574 0.0 3 1
2097.0 2113 2079 1.33333333333 2 0 0.000635567627705 0.000961076405574 0.0 2 1
1991.41176471 2141 1880 1.05882352941 3 0 0.00052353141179 0.00145701796989 0.0 16 1
2060.0 2060 2060 0.0 0 0 0.0 0.0 0.0 0 1
2088.75 2112 2066 1.25 2 0 0.00059477090661 0.000949216896061 0.0 3 1
1985.0 1985 1985 0.0 0 0 0.0 0.0 0.0 0 1
2140.0 2140 2140 0.0 0 0 0.0 0.0 0.0 0 1
2002.5 2005 2000 0.5 1 0 0.000249875062469 0.000499750124938 0.0 1 1
1808.4 1848 1745 0.6 2 0 0.000325745241408 0.00108108108108 0.0 4 1
1908.0 1908 1908 0.0 0 0 0.0 0.0 0.0 0 1
2185.0 2185 2185 0.0 0 0 0.0 0.0 0.0 0 1
2163.0 2163 2163 0.0 0 0 0.0 0.0 0.0 0 1
2042.3 2085 1971 0.5 2 0 0.000249137700591 0.00101368474404 0.0 9 1
1992.5 2012 1973 0.5 1 0 0.000248385494287 0.000496770988574 0.0 1 1
2104.33333333 2129 2089 0.333333333333 1 0 0.00015903307888 0.000477099236641 0.0 2 1
928.365 2100 642 166.076 374 1 0.155724096375 0.309296264118 0.000478240076518 999 1
2182.0 2182 2182 0.0 0 0 0.0 0.0 0.0 0 1
2003.14285714 2087 1914 0.857142857143 2 0 0.000421332348651 0.000973236009732 0.0 6 1
1977.0 1977 1977 0.0 0 0 0.0 0.0 0.0 0 1
2114.5 2187 2042 0.0 0 0 0.0 0.0 0.0 1 1
1975.33333333 2006 1944 0.333333333333 1 0 0.000166085367879 0.000498256103637 0.0 2 1
2116.0 2121 2111 0.5 1 0 0.000236742424242 0.000473484848485 0.0 1 1
2017.5 2043 1992 0.5 1 0 0.000244618395303 0.000489236790607 0.0 1 1
1823.0 1823 1823 0.0 0 0 0.0 0.0 0.0 0 1
1005.926 2083 603 146.429 276 0 0.136458825363 0.253796095445 0.0 999 1
1993.5 2153 1846 4.09090909091 11 0 0.00203119174101 0.0053320407174 0.0 21 1
1992.4 2160 1879 0.8 2 0 0.000395340781475 0.000963855421687 0.0 9 1
2009.0 2058 1960 0.5 1 0 0.000242836328315 0.000485672656629 0.0 1 1
2192.5 2209 2176 0.0 0 0 0.0 0.0 0.0 1 1
2011.0 2039 1983 0.5 1 0 0.000245098039216 0.000490196078431 0.0 1 1
1986.0 2004 1961 0.333333333333 1 0 0.000166251039069 0.000498753117207 0.0 2 1
2146.0 2146 2146 0.0 0 0 0.0 0.0 0.0 0 1
2055.2 2096 1981 0.8 3 0 0.000387167715547 0.00143129770992 0.0 4 1
2065.5 2081 2050 0.5 1 0 0.000243783520234 0.000487567040468 0.0 1 1
2134.0 2134 2134 0.0 0 0 0.0 0.0 0.0 0 1
1982.92857143 2070 1932 3.28571428571 7 0 0.00165813980032 0.00356597045339 0.0 13 1
2071.0 2071 2071 0.0 0 0 0.0 0.0 0.0 0 1
910.017 2123 599 158.319 302 0 0.155554900446 0.296037296037 0.0 999 1
1988.5 2015 1962 0.0 0 0 0.0 0.0 0.0 1 1
2008.5 2037 1980 0.5 1 0 0.0002523977789 0.000504795557799 0.0 1 1
1873.25 1924 1790 0.25 1 0 0.00012987012987 0.000519480519481 0.0 3 1
2151.33333333 2223 2053 2.41666666667 6 0 0.00111766573216 0.00276625172891 0.0 11 1
1985.6 2010 1967 0.6 1 0 0.000300668856226 0.000506329113924 0.0 4 1
2163.0 2163 2163 0.0 0 0 0.0 0.0 0.0 0 1
2034.28571429 2096 1971 0.714285714286 1 0 0.000347557185209 0.000500500500501 0.0 6 1
2125.5 2165 2086 0.5 1 0 0.000230840258541 0.000461680517082 0.0 1 1
2039.0 2039 2039 0.0 0 0 0.0 0.0 0.0 0 1
2108.57142857 2160 2030 1.28571428571 2 0 0.000613592538507 0.000984251968504 0.0 6 1
2146.0 2146 2146 0.0 0 0 0.0 0.0 0.0 0 1
2126.0 2126 2126 0.0 0 0 0.0 0.0 0.0 0 1
2162.0 2164 2160 0.5 1 0 0.00023137436372 0.000462748727441 0.0 1 1
2116.0 2171 2079 0.4 1 0 0.000188234877461 0.000480769230769 0.0 4 1
1941.33333333 2082 1810 1.73333333333 5 0 0.000894430854452 0.00256278831369 0.0 14 1
2045.33333333 2080 2005 1.0 2 0 0.000486843806372 0.000988630746416 0.0 5 1
1939.0 1974 1904 0.0 0 0 0.0 0.0 0.0 1 1
2101.0 2115 2087 0.5 1 0 0.000239463601533 0.000478927203065 0.0 1 1
2024.0 2093 1950 0.666666666667 1 0 0.000333691211367 0.000512557662737 0.0 5 1
2141.0 2141 2141 0.0 0 0 0.0 0.0 0.0 0 1
1905.0 1993 1834 0.8 2 0 0.000412671653365 0.00100250626566 0.0 4 1
2129.75 2204 2082 0.875 3 0 0.000410815314283 0.00142045454545 0.0 7 1
2210.33333333 2230 2192 0.333333333333 1 0 0.000150829562594 0.000452488687783 0.0 2 1
932.281 2168 655 162.314 368 1 0.152641456074 0.285008237232 0.000461041954818 999 1
2026.0 2026 2026 0.0 0 0 0.0 0.0 0.0 0 1
1991.66666667 2015 1973 0.0 0 0 0.0 0.0 0.0 2 1
2175.0 2178 2172 0.5 1 0 0.000230096640589 0.000460193281178 0.0 1 1
2006.5 2018 1995 0.0 0 0 0.0 0.0 0.0 1 1
2293.0 2301 2285 0.5 1 0 0.000218722659668 0.000437445319335 0.0 1 1
2110.0 2110 2110 0.0 0 0 0.0 0.0 0.0 0 1
2118.0 2118 2118 0.0 0 0 0.0 0.0 0.0 0 1
1932.0 1976 1869 0.333333333333 1 0 0.00017825311943 0.000534759358289 0.0 2 1
2131.0 2133 2130 0.333333333333 1 0 0.000156201187129 0.000468603561387 0.0 2 1
2183.5 2246 2121 0.5 1 0 0.000222518914108 0.000445037828215 0.0 1 1
2222.0 2242 2203 1.42857142857 3 0 0.000641219408049 0.00133630289532 0.0 6 1
2020.0 2020 2020 0.0 0 0 0.0 0.0 0.0 0 1
2074.66666667 2130 2005 0.333333333333 1 0 0.00016616816218 0.00049850448654 0.0 2 1
2119.0 2119 2119 0.0 0 0 0.0 0.0 0.0 0 1
2110.0 2232 1960 1.07692307692 2 0 0.000508882553756 0.000977995110024 0.0 12 1
2045.66666667 2078 2018 0.333333333333 1 0 0.000163238654913 0.00048971596474 0.0 2 1
969.183 2118 618 156.091 342 1 0.146634262835 0.282202556539 0.000503524672709 999 1
2094.0 2156 2026 2.3 6 0 0.00109800317053 0.00279589934762 0.0 9 1
2124.0 2171 2071 0.25 1 0 0.000117591721543 0.000470366886171 0.0 3 1
2057.41176471 2158 1935 2.23529411765 6 0 0.00109323440936 0.00309119010819 0.0 16 1
1987.84210526 2092 1894 0.684210526316 2 0 0.000341478618927 0.00102301790281 0.0 18 1
2081.0 2081 2081 0.0 0 0 0.0 0.0 0.0 0 1
2021.66666667 2046 1980 0.833333333333 2 0 0.000411636408051 0.0009765625 0.0 5 1
2016.88888889 2146 1850 1.22222222222 3 0 0.000595871588106 0.00147275405007 0.0 8 1
1926.83333333 1989 1885 1.0 2 0 0.000516868398321 0.00105988341282 0.0 5 1
1941.5 1962 1930 0.75 2 0 0.000383781451133 0.0010183299389 0.0 3 1
2071.0 2071 2071 0.0 0 0 0.0 0.0 0.0 0 1
2123.0 2123 2123 0.0 0 0 0.0 0.0 0.0 0 1
2003.33333333 2058 1955 0.333333333333 1 0 0.000164445776773 0.000501002004008 0.0 5 1
2258.0 2258 2258 0.0 0 0 0.0 0.0 0.0 0 1
2051.0 2051 2051 0.0 0 0 0.0 0.0 0.0 0 1
2000.5 2012 1989 0.0 0 0 0.0 0.0 0.0 1 1
1957.5 1965 1950 0.0 0 0 0.0 0.0 0.0 1 1
1979.0 2011 1962 0.666666666667 1 0 0.000339443400967 0.000509424350484 0.0 2 1
2015.75 2062 1918 3.5 8 0 0.00175078788068 0.00415368639668 0.0 7 1
1948.5 1969 1928 0.5 1 0 0.000259201658891 0.000518403317781 0.0 1 1
2021.25 2048 1999 1.0 2 0 0.000497038572959 0.000996512207275 0.0 3 1
1982.0 1982 1982 0.0 0 0 0.0 0.0 0.0 0 1
2023.5 2049 1997 0.25 1 0 0.000121951219512 0.000487804878049 0.0 3 1
2029.75 2089 1979 0.75 1 0 0.000366364399433 0.000497512437811 0.0 3 1
2135.0 2135 2135 0.0 0 0 0.0 0.0 0.0 0 1
2223.5 2234 2213 0.0 0 0 0.0 0.0 0.0 1 1
2040.5 2103 1969 1.25 3 0 0.000598256106731 0.0014245014245 0.0 3 1
2119.0 2124 2114 0.5 1 0 0.000236406619385 0.000472813238771 0.0 1 1
2168.0 2168 2168 0.0 0 0 0.0 0.0 0.0 0 1
2238.0 2238 2238 0.0 0 0 0.0 0.0 0.0 0 1
2307.0 2307 2307 0.0 0 0 0.0 0.0 0.0 0 1
1964.0 2033 1909 0.5 1 0 0.000253800573497 0.000523560209424 0.0 3 1
1983.0 1983 1983 0.0 0 0 0.0 0.0 0.0 0 1
2215.0 2215 2215 0.0 0 0 0.0 0.0 0.0 0 1
2034.0 2034 2034 0.0 0 0 0.0 0.0 0.0 0 1
2133.0 2133 2133 0.0 0 0 0.0 0.0 0.0 0 1
2117.0 2117 2117 0.0 0 0 0.0 0.0 0.0 0 1
2231.5 2250 2213 0.5 1 0 0.000222123500666 0.000444247001333 0.0 1 1
2128.0 2183 2041 0.0 0 0 0.0 0.0 0.0 3 1
2164.16666667 2190 2129 1.0 2 0 0.000461124793297 0.000926354793886 0.0 5 1
2029.5 2062 1997 0.5 1 0 0.000242365487155 0.000484730974309 0.0 1 1
2251.33333333 2265 2224 0.666666666667 2 0 0.000294074400823 0.00088222320247 0.0 2 1
951.323 2110 596 155.668 326 1 0.147878428982 0.279411764706 0.000481000481 999 1
2095.0 2095 2095 0.0 0 0 0.0 0.0 0.0 0 1
1859.0 1859 1859 0.0 0 0 0.0 0.0 0.0 0 1
941.228 2071 626 167.542 325 1 0.156604424429 0.281001137656 0.000504795557799 999 1
2109.0 2109 2109 0.0 0 0 0.0 0.0 0.0 0 1
2165.66666667 2190 2148 0.666666666667 1 0 0.000306458519984 0.000462962962963 0.0 2 1
960.145 2141 605 160.561 301 1 0.149443906571 0.259930915371 0.000495294700347 999 1
2223.5 2230 2217 0.0 0 0 0.0 0.0 0.0 1 1
2312.5 2355 2270 0.5 1 0 0.000212224108659 0.000424448217317 0.0 1 1
2074.0 2095 2053 0.5 1 0 0.000238549618321 0.000477099236641 0.0 1 1
2121.5 2156 2087 0.5 1 0 0.000239463601533 0.000478927203065 0.0 1 1
2162.33333333 2201 2112 0.333333333333 1 0 0.000151377535574 0.000454132606721 0.0 2 1
2117.66666667 2158 2047 0.833333333333 1 0 0.000394074750717 0.00048828125 0.0 5 1
2098.55555556 2186 1993 0.666666666667 2 0 0.000310189804228 0.000925925925926 0.0 8 1
2154.0 2154 2154 0.0 0 0 0.0 0.0 0.0 0 1
2014.0 2025 2003 0.5 1 0 0.000246791707799 0.000493583415597 0.0 1 1
1968.0 1968 1968 0.0 0 0 0.0 0.0 0.0 0 1
971.555 2202 666 164.857 331 2 0.14948257841 0.279797125951 0.00092936802974 999 1
1990.0 1990 1990 0.0 0 0 0.0 0.0 0.0 0 1
1907.91666667 2061 1824 1.5 4 0 0.000771257230535 0.00204603580563 0.0 11 1
2149.0 2149 2149 0.0 0 0 0.0 0.0 0.0 0 1
1982.5 2030 1935 0.0 0 0 0.0 0.0 0.0 1 1
1989.69230769 2048 1889 2.07692307692 5 0 0.00103800753037 0.0025 0.0 12 1
1970.0 1970 1970 0.0 0 0 0.0 0.0 0.0 0 1
2147.5 2154 2141 0.0 0 0 0.0 0.0 0.0 1 1
1882.25 1915 1862 1.0 2 0 0.000532267518909 0.00107296137339 0.0 3 1
1979.0 1992 1966 0.0 0 0 0.0 0.0 0.0 1 1
937.729 2167 644 161.407 285 0 0.151492538512 0.272914521112 0.0 999 1
890.051 2143 529 170.137 360 1 0.167495650223 0.302071973828 0.000503778337531 999 1
2060.0 2060 2060 0.0 0 0 0.0 0.0 0.0 0 1
2067.5 2084 2051 0.5 1 0 0.000243664717349 0.000487329434698 0.0 1 1
1992.0 1992 1992 0.0 0 0 0.0 0.0 0.0 0 1
945.543 2198 609 154.685 269 1 0.145873938306 0.254071661238 0.000484496124031 999 1
2014.44444444 2050 1948 0.888888888889 2 0 0.000441110439107 0.000978952520803 0.0 8 1
2024.5 2146 1914 1.1 2 0 0.000540951445792 0.00104384133612 0.0 9 1
2082.0 2082 2082 0.0 0 0 0.0 0.0 0.0 0 1
2143.0 2143 2143 0.0 0 0 0.0 0.0 0.0 0 1
1900.0 1900 1900 0.0 0 0 0.0 0.0 0.0 0 1
971.055 2114 601 159.735 348 2 0.148931952988 0.271756978654 0.000945179584121 999 1
2136.83333333 2226 2027 0.666666666667 2 0 0.000314276355083 0.000925925925926 0.0 5 1
1965.0 2023 1907 0.0 0 0 0.0 0.0 0.0 2 1
879.132 2123 596 166.864 346 1 0.163694291795 0.315988647114 0.000500250125063 999 1
2069.33333333 2126 2002 0.333333333333 1 0 0.000156715248394 0.000470145745181 0.0 2 1
2053.5 2088 2019 1.0 2 0 0.000494804552202 0.000989609104404 0.0 1 1
2014.0 2059 1983 1.83333333333 3 0 0.00091105619864 0.00151057401813 0.0 5 1
2217.0 2217 2217 0.0 0 0 0.0 0.0 0.0 0 1
2131.0 2131 2131 0.0 0 0 0.0 0.0 0.0 0 1
1891.0 1891 1891 0.0 0 0 0.0 0.0 0.0 0 1
2188.0 2194 2182 0.5 1 0 0.000229042601924 0.000458085203848 0.0 1 1
2089.0 2089 2089 0.0 0 0 0.0 0.0 0.0 0 1
2092.66666667 2116 2078 0.333333333333 1 0 0.000160333493667 0.000481000481 0.0 2 1
1004.111 2235 637 148.845 317 0 0.141806087701 0.262534184139 0.0 999 1
2264.0 2264 2264 0.0 0 0 0.0 0.0 0.0 0 1
2100.0 2181 2019 0.0 0 0 0.0 0.0 0.0 1 1
1921.3 2169 1707 2.6 7 0 0.00128234817072 0.00339311682016 0.0 9 1
2129.0 2129 2129 0.0 0 0 0.0 0.0 0.0 0 1
2147.5 2193 2102 0.5 1 0 0.000227894257065 0.000455788514129 0.0 1 1
1980.0 1980 1980 0.0 0 0 0.0 0.0 0.0 0 1
2014.75 2121 1899 0.666666666667 1 0 0.000332603191788 0.000526315789474 0.0 11 1
1890.66666667 1924 1848 0.333333333333 1 0 0.000180277627546 0.000540832882639 0.0 2 1
2257.0 2257 2257 0.0 0 0 0.0 0.0 0.0 0 1
2012.14285714 2099 1967 1.0 2 0 0.000494294005301 0.00100351229303 0.0 6 1
2138.0 2138 2138 0.0 0 0 0.0 0.0 0.0 0 1
2093.0 2093 2093 0.0 0 0 0.0 0.0 0.0 0 1
2094.0 2094 2094 0.0 0 0 0.0 0.0 0.0 0 1
2119.0 2181 2048 0.6 1 0 0.000281508565673 0.000477326968974 0.0 4 1
2071.5 2094 2049 0.5 1 0 0.000238663484487 0.000477326968974 0.0 1 1
2209.0 2209 2209 0.0 0 0 0.0 0.0 0.0 0 1
916.298 2062 591 164.502 311 0 0.158014542293 0.296875 0.0 999 1
2244.0 2244 2244 0.0 0 0 0.0 0.0 0.0 0 1
2005.0625 2122 1942 2.6875 8 0 0.00133782212698 0.00401808136615 0.0 15 1
1996.125 2072 1892 0.75 2 0 0.000372500625161 0.000996512207275 0.0 7 1
2071.0 2071 2071 0.0 0 0 0.0 0.0 0.0 0 1
2228.0 2228 2228 0.0 0 0 0.0 0.0 0.0 0 1
1946.92307692 1986 1892 2.61538461538 6 0 0.00134041098348 0.00305033045247 0.0 12 1
2016.0 2016 2016 0.0 0 0 0.0 0.0 0.0 0 1
2227.75 2280 2160 0.25 1 0 0.00010960105217 0.00043840420868 0.0 3 1
2220.0 2220 2220 0.0 0 0 0.0 0.0 0.0 0 1
1959.0 2031 1884 0.333333333333 1 0 0.000169808116828 0.000509424350484 0.0 2 1
2350.33333333 2386 2329 1.33333333333 3 0 0.00057059465027 0.00128259940145 0.0 2 1
2091.5 2129 2054 0.0 0 0 0.0 0.0 0.0 1 1
2010.0 2010 2010 0.0 0 0 0.0 0.0 0.0 0 1
2131.0 2176 2103 0.333333333333 1 0 0.000153115908743 0.000459347726229 0.0 2 1
2188.0 2188 2188 0.0 0 0 0.0 0.0 0.0 0 1
2115.0 2140 2090 0.0 0 0 0.0 0.0 0.0 1 1
1806.0 1806 1806 0.0 0 0 0.0 0.0 0.0 0 1
2183.0 2220 2113 1.33333333333 2 0 0.000600601088062 0.000901713255185 0.0 2 1
1904.42105263 2046 1674 1.78947368421 4 0 0.000939088919956 0.00218102508179 0.0 18 1
2074.0 2115 2033 0.0 0 0 0.0 0.0 0.0 1 1
2014.0 2014 2014 0.0 0 0 0.0 0.0 0.0 0 1
2090.2 2142 2054 0.6 1 0 0.000284425321492 0.000483792936623 0.0 4 1
1950.66666667 1970 1940 0.333333333333 1 0 0.00016911889058 0.00050735667174 0.0 2 1
2112.0 2188 1995 0.166666666667 1 0 7.82472613459e-05 0.000469483568075 0.0 5 1
2090.25 2116 2065 1.25 2 0 0.000593964471618 0.000950570342205 0.0 3 1
1984.05 2091 1872 2.35 7 0 0.00118447268053 0.00350877192982 0.0 19 1
2263.0 2315 2211 0.5 1 0 0.000215889464594 0.000431778929188 0.0 1 1
2072.0 2105 2018 0.333333333333 1 0 0.00015873048267 0.000476871721507 0.0 5 1
2081.0 2081 2081 0.0 0 0 0.0 0.0 0.0 0 1
2008.0 2008 2008 0.0 0 0 0.0 0.0 0.0 0 1
1947.0 1947 1947 0.0 0 0 0.0 0.0 0.0 0 1
2147.33333333 2186 2112 1.0 2 0 0.000470758086652 0.000946073793756 0.0 2 1
2174.33333333 2218 2142 0.0 0 0 0.0 0.0 0.0 2 1
2140.0 2140 2140 0.0 0 0 0.0 0.0 0.0 0 1
1996.16666667 2108 1941 0.666666666667 2 0 0.000336734985278 0.00102933607823 0.0 11 1
2013.0 2013 2013 0.0 0 0 0.0 0.0 0.0 0 1
1965.0 1965 1965 0.0 0 0 0.0 0.0 0.0 0 1
2221.0 2252 2190 0.5 1 0 0.000228206298494 0.000456412596988 0.0 1 1
2164.0 2164 2164 0.0 0 0 0.0 0.0 0.0 0 1
2024.66666667 2075 1998 0.333333333333 1 0 0.000160565189467 0.000481695568401 0.0 2 1
1859.0 1916 1802 0.5 1 0 0.000260824204486 0.000521648408972 0.0 1 1
2113.0 2113 2113 0.0 0 0 0.0 0.0 0.0 0 1
2024.63636364 2121 1940 1.54545454545 3 0 0.000766031788801 0.00153531218014 0.0 10 1
1873.0 1894 1852 1.0 2 0 0.000527426160338 0.00105485232068 0.0 1 1
1920.25 1962 1901 0.5 1 0 0.000262605331771 0.000525762355415 0.0 3 1
2264.0 2264 2264 0.0 0 0 0.0 0.0 0.0 0 1
2061.5 2069 2054 0.5 1 0 0.000243309002433 0.000486618004866 0.0 1 1
2192.0 2192 2192 0.0 0 0 0.0 0.0 0.0 0 1
1961.33333333 1984 1927 0.333333333333 1 0 0.00016886187099 0.000506585612969 0.0 2 1
2153.5 2169 2138 0.0 0 0 0.0 0.0 0.0 1 1
2053.75 2126 1992 0.25 1 0 0.000117536436295 0.000470145745181 0.0 3 1
2024.0 2024 2024 0.0 0 0 0.0 0.0 0.0 0 1
1926.5 1942 1911 0.5 1 0 0.000257334019557 0.000514668039115 0.0 1 1
2027.0 2079 1975 0.5 1 0 0.000240384615385 0.000480769230769 0.0 1 1
2133.5 2145 2122 0.5 1 0 0.000235515779557 0.000471031559114 0.0 1 1
1935.5 1961 1886 1.25 2 0 0.000642429863203 0.00102092904543 0.0 3 1
2174.0 2251 2075 0.416666666667 1 0 0.000187734171252 0.000455373406193 0.0 11 1
1930.0 1930 1930 0.0 0 0 0.0 0.0 0.0 0 1
903.249 1903 587 169.221 327 1 0.160420141951 0.275021026072 0.000534188034188 999 1
2107.0 2107 2107 0.0 0 0 0.0 0.0 0.0 0 1
2057.2 2146 1960 1.4 3 0 0.000667895535772 0.00142314990512 0.0 4 1
2054.85714286 2122 1994 1.14285714286 2 0 0.000551870599227 0.000992555831266 0.0 6 1
2048.0 2048 2048 0.0 0 0 0.0 0.0 0.0 0 1
2099.5 2120 2079 0.5 1 0 0.000240384615385 0.000480769230769 0.0 1 1
1883.0 1883 1883 0.0 0 0 0.0 0.0 0.0 0 1
941.201 2124 600 155.702 295 0 0.149371284156 0.28 0.0 999 1
2242.0 2242 2242 0.0 0 0 0.0 0.0 0.0 0 1
2236.0 2236 2236 0.0 0 0 0.0 0.0 0.0 0 1
2112.0 2112 2112 0.0 0 0 0.0 0.0 0.0 0 1
2047.0 2047 2047 0.0 0 0 0.0 0.0 0.0 0 1
1981.0 1981 1981 0.0 0 0 0.0 0.0 0.0 0 1
1992.0 1992 1992 0.0 0 0 0.0 0.0 0.0 0 1
1954.0 1955 1953 0.5 1 0 0.000255623721881 0.000511247443763 0.0 1 1
2145.66666667 2215 2092 1.16666666667 2 0 0.000547845316103 0.000955109837631 0.0 5 1
2145.0 2145 2145 0.0 0 0 0.0 0.0 0.0 0 1
2214.5 2251 2178 0.5 1 0 0.000222024866785 0.00044404973357 0.0 1 1
2028.0 2028 2028 0.0 0 0 0.0 0.0 0.0 0 1
2065.8125 2140 1955 2.125 6 0 0.00103010018683 0.00279589934762 0.0 15 1
1991.0 1991 1991 0.0 0 0 0.0 0.0 0.0 0 1
2071.0 2071 2071 0.0 0 0 0.0 0.0 0.0 0 1
2104.0 2104 2104 0.0 0 0 0.0 0.0 0.0 0 1
947.434 2164 608 165.438 323 0 0.154677892004 0.264132553606 0.0 999 1
2028.1 2083 1935 1.1 2 0 0.000539113854356 0.000980872976949 0.0 9 1
2104.0 2104 2104 0.0 0 0 0.0 0.0 0.0 0 1
1998.0 1998 1998 0.0 0 0 0.0 0.0 0.0 0 1
1998.5 2050 1947 0.5 1 0 0.000243783520234 0.000487567040468 0.0 1 1
1899.0 1899 1899 0.0 0 0 0.0 0.0 0.0 0 1
1988.33333333 2023 1964 1.33333333333 3 0 0.000662018652249 0.00148075024679 0.0 2 1
1929.375 1984 1885 0.875 2 0 0.000452667718812 0.00104329681794 0.0 7 1
2185.0 2185 2185 0.0 0 0 0.0 0.0 0.0 0 1
1924.5 1935 1914 0.0 0 0 0.0 0.0 0.0 1 1
891.018 2100 514 164.843 343 0 0.162801313692 0.28323699422 0.0 999 1
893.005 2215 592 159.775 350 0 0.160379932626 0.293333333333 0.0 999 1
2141.0 2141 2141 0.0 0 0 0.0 0.0 0.0 0 1
2121.0 2129 2113 0.5 1 0 0.000234741784038 0.000469483568075 0.0 1 1
2232.33333333 2244 2220 0.0 0 0 0.0 0.0 0.0 2 1
2102.0 2113 2091 0.5 1 0 0.000239005736138 0.000478011472275 0.0 1 1
2151.0 2189 2113 0.0 0 0 0.0 0.0 0.0 1 1
2099.0 2099 2099 0.0 0 0 0.0 0.0 0.0 0 1
1948.75 1979 1897 0.0 0 0 0.0 0.0 0.0 3 1
2097.0 2097 2097 0.0 0 0 0.0 0.0 0.0 0 1
1970.0 1970 1970 0.0 0 0 0.0 0.0 0.0 0 1
2049.0 2049 2049 0.0 0 0 0.0 0.0 0.0 0 1
2075.8 2157 2005 0.8 2 0 0.000383769497716 0.000943396226415 0.0 4 1
2042.0 2125 1945 0.4 1 0 0.000189266142584 0.000475963826749 0.0 4 1
2144.5 2203 2086 0.5 1 0 0.000226860254083 0.000453720508167 0.0 1 1
1915.02439024 2073 1789 2.51219512195 6 0 0.00131049897682 0.00322580645161 0.0 40 1
2132.0 2132 2132 0.0 0 0 0.0 0.0 0.0 0 1
2155.0 2155 2155 0.0 0 0 0.0 0.0 0.0 0 1
2157.0 2166 2148 0.5 1 0 0.000230733733272 0.000461467466544 0.0 1 1
2111.0 2111 2111 0.0 0 0 0.0 0.0 0.0 0 1
2035.0 2035 2035 0.0 0 0 0.0 0.0 0.0 0 1
976.699 2148 590 154.661 297 0 0.144388547931 0.28051391863 0.0 999 1
2163.0 2163 2163 0.0 0 0 0.0 0.0 0.0 0 1
1970.5 1971 1970 0.5 1 0 0.00025367833587 0.00050735667174 0.0 1 1
897.66 2010 568 163.412 328 1 0.158812016553 0.288583509514 0.000515198351365 999 1
1988.71428571 2053 1937 0.571428571429 2 0 0.000288550636906 0.00100908173562 0.0 6 1
2188.25 2239 2123 0.75 1 0 0.000343412740315 0.000470809792844 0.0 3 1
2099.0 2099 2099 0.0 0 0 0.0 0.0 0.0 0 1
1982.0 1982 1982 0.0 0 0 0.0 0.0 0.0 0 1
2027.14285714 2060 1974 0.142857142857 1 0 7.04771301713e-05 0.000493339911199 0.0 6 1
937.803 2153 621 162.96 306 2 0.154832349654 0.296181630547 0.000946073793756 999 1
2000.0 2002 1998 0.5 1 0 0.000250125062531 0.000500250125063 0.0 1 1
2016.25 2133 1914 0.875 2 0 0.000434604368065 0.000961076405574 0.0 7 1
1973.375 2019 1862 1.0 2 0 0.000509427014595 0.00107296137339 0.0 7 1
1916.5 1983 1864 0.0 0 0 0.0 0.0 0.0 3 1
1930.125 2126 1795 1.375 4 0 0.000694638953142 0.00197628458498 0.0 7 1
2107.0 2107 2107 0.0 0 0 0.0 0.0 0.0 0 1
2131.0 2151 2111 0.5 1 0 0.000236742424242 0.000473484848485 0.0 1 1
2144.0 2153 2135 0.0 0 0 0.0 0.0 0.0 1 1
1965.0 1965 1965 0.0 0 0 0.0 0.0 0.0 0 1
2153.0 2153 2153 0.0 0 0 0.0 0.0 0.0 0 1
2039.0 2039 2039 0.0 0 0 0.0 0.0 0.0 0 1
1957.85714286 2011 1884 1.14285714286 2 0 0.000581142969262 0.00103466114847 0.0 6 1
2103.0 2160 2040 0.0 0 0 0.0 0.0 0.0 3 1
2069.0 2069 2069 0.0 0 0 0.0 0.0 0.0 0 1
2134.0 2134 2134 0.0 0 0 0.0 0.0 0.0 0 1
1898.90909091 1941 1861 1.09090909091 3 0 0.000572694883817 0.00157977883096 0.0 10 1
2062.71428571 2177 1968 0.285714285714 1 0 0.000135756565476 0.00049115913556 0.0 6 1
1942.25 1979 1904 1.25 3 0 0.000646580693217 0.00157315154693 0.0 3 1
2207.0 2207 2207 0.0 0 0 0.0 0.0 0.0 0 1
2018.5 2058 1979 0.5 1 0 0.000242836328315 0.000485672656629 0.0 1 1
2069.5 2124 2015 0.5 1 0 0.000248015873016 0.000496031746032 0.0 1 1
2203.0 2203 2203 0.0 0 0 0.0 0.0 0.0 0 1
2056.0 2056 2056 0.0 0 0 0.0 0.0 0.0 0 1
1906.25 1942 1825 0.25 1 0 0.000129735339907 0.000518941359626 0.0 3 1
1986.42857143 2012 1943 0.428571428571 2 0 0.000215727373728 0.0010095911156 0.0 6 1
2008.75 2045 1961 1.0 2 0 0.000490201850224 0.000983767830792 0.0 3 1
1962.5 1984 1941 0.0 0 0 0.0 0.0 0.0 1 1
2229.5 2233 2226 0.0 0 0 0.0 0.0 0.0 1 1
2144.5 2160 2129 0.0 0 0 0.0 0.0 0.0 1 1
1893.0 1893 1893 0.0 0 0 0.0 0.0 0.0 0 1
2039.5 2063 2016 0.5 1 0 0.000247892910263 0.000495785820526 0.0 1 1
2164.66666667 2237 2046 1.66666666667 4 0 0.000754332698431 0.00181900864029 0.0 5 1
2123.0 2148 2087 0.666666666667 1 0 0.000311238929277 0.000468384074941 0.0 2 1
1934.25 2007 1875 0.25 1 0 0.000124501992032 0.000498007968127 0.0 3 1
2322.0 2343 2301 0.0 0 0 0.0 0.0 0.0 1 1
2160.0 2160 2160 0.0 0 0 0.0 0.0 0.0 0 1
2117.8 2153 2076 1.0 2 0 0.000478034722439 0.000962463907603 0.0 4 1
2161.0 2161 2161 0.0 0 0 0.0 0.0 0.0 0 1
2035.0 2035 2035 0.0 0 0 0.0 0.0 0.0 0 1
2198.5 2236 2161 1.0 2 0 0.000446827524576 0.000893655049151 0.0 1 1
2054.5 2088 2021 0.5 1 0 0.000239348970799 0.000478697941599 0.0 1 1
2057.0 2057 2057 0.0 0 0 0.0 0.0 0.0 0 1
2021.0 2021 2021 0.0 0 0 0.0 0.0 0.0 0 1
2026.5 2072 1981 0.5 1 0 0.000241196333816 0.000482392667631 0.0 1 1
2110.66666667 2162 2074 0.0 0 0 0.0 0.0 0.0 2 1
2070.0 2070 2070 0.0 0 0 0.0 0.0 0.0 0 1
2013.0 2013 2013 0.0 0 0 0.0 0.0 0.0 0 1
2082.0 2149 1996 0.8 2 0 0.000385112060806 0.000959692898273 0.0 4 1
2091.125 2153 2043 1.375 3 0 0.000656563363557 0.001443001443 0.0 7 1
2127.0 2127 2127 0.0 0 0 0.0 0.0 0.0 0 1
2089.0 2089 2089 0.0 0 0 0.0 0.0 0.0 0 1
2040.0 2040 2040 0.0 0 0 0.0 0.0 0.0 0 1
2106.2 2191 2030 1.4 3 0 0.000658098402846 0.00139405204461 0.0 4 1
2097.0 2097 2097 0.0 0 0 0.0 0.0 0.0 0 1
2081.0 2086 2076 0.0 0 0 0.0 0.0 0.0 1 1
1992.0 2105 1896 1.11111111111 3 0 0.000561524894539 0.00157977883096 0.0 8 1
905.084 2125 595 164.51 332 1 0.158850206866 0.276897414512 0.000479386385427 999 1
1973.0 1973 1973 0.0 0 0 0.0 0.0 0.0 0 1
2112.0 2112 2112 0.0 0 0 0.0 0.0 0.0 0 1
957.28 2075 619 160.86 281 1 0.151589575234 0.267137096774 0.000481695568401 999 1
2087.0 2154 2049 1.125 4 0 0.000544035232114 0.0019483682416 0.0 7 1
2029.0 2029 2029 0.0 0 0 0.0 0.0 0.0 0 1
963.22 1954 651 170.618 336 3 0.156813534364 0.286320254507 0.00168255748738 999 1
2074.66666667 2134 2025 0.666666666667 1 0 0.00032065583018 0.000493583415597 0.0 2 1
2045.25 2114 1960 0.625 2 0 0.000305725604017 0.000963855421687 0.0 7 1
2224.66666667 2234 2219 1.0 2 0 0.000448166462442 0.000894454382826 0.0 2 1
2098.66666667 2120 2083 0.0 0 0 0.0 0.0 0.0 2 1
2147.0 2147 2147 0.0 0 0 0.0 0.0 0.0 0 1
2220.0 2220 2220 0.0 0 0 0.0 0.0 0.0 0 1
2013.0 2032 1994 0.0 0 0 0.0 0.0 0.0 1 1
1997.5 2008 1987 0.5 1 0 0.000251509054326 0.000503018108652 0.0 1 1
1993.3 2114 1887 2.3 7 0 0.00114974479582 0.00355149670218 0.0 9 1
2042.5 2081 2004 0.5 1 0 0.000240153698367 0.000480307396734 0.0 1 1
1990.0 1990 1990 0.0 0 0 0.0 0.0 0.0 0 1
2210.0 2210 2210 0.0 0 0 0.0 0.0 0.0 0 1
2022.0 2041 2003 0.5 1 0 0.00024485798237 0.00048971596474 0.0 1 1
2010.0 2010 2010 0.0 0 0 0.0 0.0 0.0 0 1
2086.25 2116 2034 0.5 1 0 0.000237480368816 0.000477554918816 0.0 3 1
1922.75 1961 1900 0.75 2 0 0.000390302176688 0.00105152471083 0.0 3 1
1946.8 2051 1902 1.3 3 0 0.00067398012963 0.00157397691501 0.0 9 1
2234.0 2234 2234 0.0 0 0 0.0 0.0 0.0 0 1
2143.0 2143 2143 0.0 0 0 0.0 0.0 0.0 0 1
2173.0 2173 2173 0.0 0 0 0.0 0.0 0.0 0 1
2282.5 2314 2251 0.5 1 0 0.000222024866785 0.00044404973357 0.0 1 1
2154.4 2273 2083 1.6 3 0 0.000735784001711 0.00138760407031 0.0 9 1
2119.63636364 2274 2052 1.18181818182 4 0 0.000546974012488 0.001800180018 0.0 10 1
2078.0 2078 2078 0.0 0 0 0.0 0.0 0.0 0 1
1915.0 1918 1912 1.0 2 0 0.000520833333333 0.00104166666667 0.0 1 1
2204.0 2204 2204 0.0 0 0 0.0 0.0 0.0 0 1
2170.0 2170 2170 0.0 0 0 0.0 0.0 0.0 0 1
1989.75 2105 1887 0.25 1 0 0.000124851425245 0.000503271263211 0.0 7 1
1950.16666667 2025 1864 1.16666666667 2 0 0.000606124997254 0.0010718113612 0.0 5 1
2164.75 2179 2145 0.75 2 0 0.000346910552695 0.000921658986175 0.0 3 1
2015.23076923 2190 1830 1.53846153846 4 0 0.00076253611845 0.00204813108039 0.0 12 1
2098.5 2111 2086 0.5 1 0 0.000239578342118 0.000479156684236 0.0 1 1
2036.0 2036 2036 0.0 0 0 0.0 0.0 0.0 0 1
2010.5 2024 1997 1.0 2 0 0.000493583415597 0.000987166831194 0.0 1 1
2035.0 2035 2035 0.0 0 0 0.0 0.0 0.0 0 1
2089.33333333 2116 2040 0.166666666667 1 0 7.94028902652e-05 0.000476417341591 0.0 5 1
2163.0 2174 2152 0.5 1 0 0.000232234091965 0.000464468183929 0.0 1 1
2026.0 2070 1943 0.0 0 0 0.0 0.0 0.0 3 1
1974.5 1993 1956 1.0 2 0 0.000501253132832 0.00100250626566 0.0 1 1
2005.0 2071 1939 0.5 1 0 0.000241312741313 0.000482625482625 0.0 1 1
2283.0 2283 2283 0.0 0 0 0.0 0.0 0.0 0 1
2180.0 2180 2180 0.0 0 0 0.0 0.0 0.0 0 1
1949.0 1993 1883 0.75 2 0 0.00037785302952 0.00100250626566 0.0 3 1
2128.0 2128 2128 0.0 0 0 0.0 0.0 0.0 0 1
1991.125 2103 1917 0.375 1 0 0.000191237393366 0.000520562207184 0.0 7 1
2160.75 2185 2125 0.75 1 0 0.000346845562832 0.000470366886171 0.0 3 1
2038.0 2069 2008 1.0 2 0 0.000487988254796 0.000980872976949 0.0 2 1
2163.09090909 2201 2129 1.36363636364 3 0 0.000629624520517 0.00140581068416 0.0 10 1
2049.9 2156 1929 1.9 6 0 0.000912936102105 0.00282485875706 0.0 19 1
2155.33333333 2214 2125 1.0 2 0 0.000463919586328 0.000940291490362 0.0 2 1
1988.5 2091 1909 0.5 1 0 0.000252781620195 0.000506585612969 0.0 3 1
1991.0 1992 1990 0.0 0 0 0.0 0.0 0.0 1 1
2148.33333333 2199 2128 1.33333333333 3 0 0.000617510094514 0.00139275766017 0.0 5 1
911.8 2127 586 165.439 315 0 0.159855920186 0.317948717949 0.0 999 1
1880.25 2063 1770 1.0 3 0 0.000535722098742 0.00161290322581 0.0 15 1
2210.0 2210 2210 0.0 0 0 0.0 0.0 0.0 0 1
2095.0 2095 2095 0.0 0 0 0.0 0.0 0.0 0 1
2097.0 2104 2090 0.333333333333 1 0 0.00015888147442 0.00047664442326 0.0 2 1
2209.0 2209 2209 0.0 0 0 0.0 0.0 0.0 0 1
2045.0 2045 2045 0.0 0 0 0.0 0.0 0.0 0 1
2064.5 2108 2006 0.75 1 0 0.000365760584233 0.000498256103637 0.0 3 1
2089.0 2089 2089 0.0 0 0 0.0 0.0 0.0 0 1
1978.07692308 2056 1891 2.23076923077 7 0 0.00113503216525 0.00362694300518 0.0 12 1
1977.66666667 2005 1949 0.333333333333 1 0 0.00016835016835 0.000505050505051 0.0 2 1
2038.63636364 2181 1872 1.90909090909 5 0 0.000922804387432 0.00237079184448 0.0 10 1
2173.0 2173 2173 0.0 0 0 0.0 0.0 0.0 0 1
1959.0 1959 1959 0.0 0 0 0.0 0.0 0.0 0 1
2046.0 2104 2001 1.66666666667 3 0 0.00080744253024 0.00142382534409 0.0 2 1
1969.33333333 2003 1904 0.666666666667 1 0 0.000332834165169 0.0004995004995 0.0 2 1
2037.33333333 2063 2020 0.833333333333 1 0 0.000408679844096 0.000494804552202 0.0 5 1
2073.66666667 2098 2046 0.0 0 0 0.0 0.0 0.0 2 1
2048.0 2048 2048 0.0 0 0 0.0 0.0 0.0 0 1
2124.33333333 2189 2057 0.666666666667 1 0 0.000308848605532 0.00046992481203 0.0 2 1
2048.57142857 2069 2014 0.857142857143 2 0 0.000420317171016 0.000990099009901 0.0 6 1
2044.0 2044 2044 0.0 0 0 0.0 0.0 0.0 0 1
1938.91666667 2116 1758 1.66666666667 4 0 0.000846545098586 0.00206825232678 0.0 23 1
2149.0 2149 2149 0.0 0 0 0.0 0.0 0.0 0 1
2001.0 2001 2001 0.0 0 0 0.0 0.0 0.0 0 1
2174.0 2206 2150 0.333333333333 1 0 0.000153822488848 0.000461467466544 0.0 2 1
2272.0 2272 2272 0.0 0 0 0.0 0.0 0.0 0 1
2098.0 2098 2098 0.0 0 0 0.0 0.0 0.0 0 1
2331.0 2331 2331 0.0 0 0 0.0 0.0 0.0 0 1
2229.0 2229 2229 0.0 0 0 0.0 0.0 0.0 0 1
2072.5 2079 2066 0.0 0 0 0.0 0.0 0.0 1 1
886.372 2153 537 163.401 342 0 0.161118298506 0.299145299145 0.0 999 1
2250.16666667 2382 2171 0.666666666667 2 0 0.000297492165354 0.000912825193975 0.0 5 1
1994.1 2115 1902 1.6 3 0 0.000795228287879 0.00152671755725 0.0 9 1
2145.5 2165 2126 0.0 0 0 0.0 0.0 0.0 1 1
1914.0 1962 1862 0.5 1 0 0.000264945301253 0.000536768652711 0.0 3 1
2136.5 2138 2135 0.5 1 0 0.000234082397004 0.000468164794007 0.0 1 1
2138.0 2138 2138 0.0 0 0 0.0 0.0 0.0 0 1
2129.0 2169 2093 0.5 1 0 0.000237313258006 0.000477554918816 0.0 3 1
2092.0 2102 2082 0.0 0 0 0.0 0.0 0.0 1 1
1937.0 1937 1937 0.0 0 0 0.0 0.0 0.0 0 1
2077.33333333 2117 2020 1.0 2 0 0.000473646890427 0.000943841434639 0.0 2 1
902.83 2117 648 166.3 352 0 0.160683930941 0.287920072661 0.0 999 1
918.877 2063 657 162.819 328 2 0.155361030931 0.290780141844 0.000968523002421 999 1
2086.33333333 2129 2031 2.22222222222 5 0 0.00106956034795 0.00241779497099 0.0 8 1
1995.4 2109 1916 1.1 3 0 0.000539306535415 0.00146555935515 0.0 9 1
1910.0 1910 1910 0.0 0 0 0.0 0.0 0.0 0 1
2086.0 2086 2086 0.0 0 0 0.0 0.0 0.0 0 1
2057.0 2083 2037 0.0 0 0 0.0 0.0 0.0 2 1
2075.0 2120 2030 0.0 0 0 0.0 0.0 0.0 1 1
2138.5 2140 2137 0.0 0 0 0.0 0.0 0.0 1 1
1970.0 1970 1970 0.0 0 0 0.0 0.0 0.0 0 1
1987.0 1987 1987 0.0 0 0 0.0 0.0 0.0 0 1
2122.0 2122 2122 0.0 0 0 0.0 0.0 0.0 0 1
2072.0 2072 2072 0.0 0 0 0.0 0.0 0.0 0 1
2231.0 2233 2229 0.0 0 0 0.0 0.0 0.0 1 1
2080.5 2189 1966 1.75 5 0 0.000820996118245 0.00230627306273 0.0 11 1
2083.0 2083 2083 0.0 0 0 0.0 0.0 0.0 0 1
2034.5 2059 2010 0.5 1 0 0.000248632521134 0.000497265042268 0.0 1 1
2020.45454545 2103 1930 0.818181818182 2 0 0.000402894947992 0.000984251968504 0.0 10 1
1896.55555556 2062 1817 1.94444444444 5 0 0.00103229247931 0.00270709258257 0.0 17 1
952.42 2282 655 157.052 316 1 0.146601984687 0.276981852913 0.000438020148927 999 1
2052.0 2052 2052 0.0 0 0 0.0 0.0 0.0 0 1
2089.0 2101 2077 0.5 1 0 0.00023786869648 0.000475737392959 0.0 1 1
2021.75 2088 1993 0.5 1 0 0.000245050613785 0.000501504513541 0.0 3 1
1989.38461538 2079 1883 2.53846153846 6 0 0.0012685151888 0.00296442687747 0.0 12 1
1944.0 1944 1944 0.0 0 0 0.0 0.0 0.0 0 1
2137.0 2137 2137 0.0 0 0 0.0 0.0 0.0 0 1
1840.66666667 1888 1811 1.16666666667 2 0 0.000633040329546 0.00109769484083 0.0 5 1
2026.5 2059 1990 1.5 3 0 0.0007333069099 0.0014605647517 0.0 3 1
2133.4 2213 2048 1.2 2 0 0.000568294318467 0.000975609756098 0.0 4 1
2061.0 2061 2061 0.0 0 0 0.0 0.0 0.0 0 1
1919.2 1996 1872 0.8 2 0 0.000414097555698 0.00105374077977 0.0 4 1
1994.0 1994 1994 0.0 0 0 0.0 0.0 0.0 0 1
1993.25 2037 1957 0.75 1 0 0.000375663874276 0.000510725229826 0.0 3 1
2006.0 2006 2006 0.0 0 0 0.0 0.0 0.0 0 1
2081.0 2081 2081 0.0 0 0 0.0 0.0 0.0 0 1
2052.0 2052 2052 0.0 0 0 0.0 0.0 0.0 0 1
2159.0 2159 2159 0.0 0 0 0.0 0.0 0.0 0 1
2234.0 2234 2234 0.0 0 0 0.0 0.0 0.0 0 1
2042.42857143 2091 1961 1.71428571429 3 0 0.000837078003733 0.00147275405007 0.0 6 1
1986.0 1986 1986 0.0 0 0 0.0 0.0 0.0 0 1
1975.0 1975 1975 0.0 0 0 0.0 0.0 0.0 0 1
944.713 2056 678 162.836 297 1 0.152598779052 0.270020533881 0.000499750124938 999 1
1992.75 2062 1929 0.0 0 0 0.0 0.0 0.0 3 1
1943.0 1943 1943 0.0 0 0 0.0 0.0 0.0 0 1
2067.08333333 2200 1951 2.25 4 0 0.00107659927341 0.00193330111165 0.0 11 1
2067.875 2139 1994 0.75 1 0 0.000361525170193 0.000501253132832 0.0 7 1
2052.0 2089 2015 0.5 1 0 0.000248015873016 0.000496031746032 0.0 1 1
2200.0 2292 2131 1.75 3 0 0.000810947435684 0.00140581068416 0.0 3 1
2019.0 2019 2019 0.0 0 0 0.0 0.0 0.0 0 1
2067.0 2067 2067 0.0 0 0 0.0 0.0 0.0 0 1
2051.0 2059 2043 0.0 0 0 0.0 0.0 0.0 1 1
2250.5 2283 2218 0.5 1 0 0.000218914185639 0.000437828371278 0.0 1 1
2043.66666667 2064 2015 0.333333333333 1 0 0.000162364020133 0.000487092060399 0.0 2 1
2220.0 2276 2154 1.0 2 0 0.00044206420635 0.000877963125549 0.0 2 1
2040.0 2040 2040 0.0 0 0 0.0 0.0 0.0 0 1
2084.71428571 2120 2053 0.857142857143 2 0 0.00041227108644 0.000966183574879 0.0 6 1
1994.75 2093 1931 1.33333333333 4 0 0.00066845756654 0.00197628458498 0.0 11 1
2103.42857143 2159 1991 0.857142857143 2 0 0.000405048014294 0.000951022349025 0.0 6 1
2054.0 2054 2054 0.0 0 0 0.0 0.0 0.0 0 1
2079.0 2079 2079 0.0 0 0 0.0 0.0 0.0 0 1
2001.42857143 2044 1971 0.714285714286 2 0 0.000356448010722 0.00100351229303 0.0 6 1
1937.0 1937 1937 0.0 0 0 0.0 0.0 0.0 0 1
2081.0 2089 2073 1.0 2 0 0.000481927710843 0.000963855421687 0.0 1 1
2092.25 2102 2074 0.5 1 0 0.000239813669954 0.000481927710843 0.0 3 1
1985.0 2019 1950 0.333333333333 1 0 0.00016501650165 0.00049504950495 0.0 2 1
2162.0 2177 2147 0.5 1 0 0.000229568411387 0.000459136822773 0.0 1 1
2010.1 2078 1954 1.8 4 0 0.000893670179566 0.00201106083459 0.0 9 1
2058.83333333 2100 1948 0.833333333333 2 0 0.000404234742245 0.000951474785918 0.0 5 1
965.615 2329 555 157.418 330 1 0.148309379609 0.28141783029 0.000429184549356 999 1
2268.0 2316 2220 0.0 0 0 0.0 0.0 0.0 1 1
2237.5 2258 2217 0.0 0 0 0.0 0.0 0.0 1 1
2147.66666667 2180 2090 0.666666666667 1 0 0.000306162291182 0.000459981600736 0.0 2 1
1909.0 1909 1909 0.0 0 0 0.0 0.0 0.0 0 1
1998.5 2039 1958 0.0 0 0 0.0 0.0 0.0 1 1
1975.0 1993 1957 1.0 2 0 0.000501253132832 0.00100250626566 0.0 1 1
1876.5 1926 1816 0.5 1 0 0.000267324773038 0.000550357732526 0.0 3 1
2105.5 2150 2061 0.0 0 0 0.0 0.0 0.0 1 1
2101.0 2101 2101 0.0 0 0 0.0 0.0 0.0 0 1
1926.0 2026 1875 0.555555555556 1 0 0.000289905672893 0.000533049040512 0.0 8 1
947.876 2196 661 162.462 367 0 0.151628360596 0.24358974359 0.0 999 1
2016.0 2016 2016 0.0 0 0 0.0 0.0 0.0 0 1
2249.0 2292 2206 0.0 0 0 0.0 0.0 0.0 1 1
2180.2 2255 2055 0.8 1 0 0.000361666746358 0.000459558823529 0.0 4 1
1971.0 1971 1971 0.0 0 0 0.0 0.0 0.0 0 1
2028.0 2028 2028 0.0 0 0 0.0 0.0 0.0 0 1
2038.5 2044 2033 0.5 1 0 0.000244498777506 0.000488997555012 0.0 1 1
2108.25 2141 2057 0.5 1 0 0.000235931282384 0.000476871721507 0.0 3 1
1989.5 2019 1960 0.5 1 0 0.000247524752475 0.00049504950495 0.0 1 1
2200.5 2201 2200 0.0 0 0 0.0 0.0 0.0 1 1
2162.0 2169 2155 0.5 1 0 0.000231910946197 0.000463821892393 0.0 1 1
2112.0 2238 2035 0.2 1 0 8.9325591782e-05 0.00044662795891 0.0 4 1
2051.5 2163 1980 0.833333333333 2 0 0.000398989494589 0.000923787528868 0.0 5 1
2020.5 2030 2011 0.0 0 0 0.0 0.0 0.0 1 1
2049.0 2104 1960 2.17647058824 5 0 0.00105891459129 0.00240153698367 0.0 16 1
2207.0 2233 2181 0.0 0 0 0.0 0.0 0.0 1 1
2088.0 2088 2088 0.0 0 0 0.0 0.0 0.0 0 1
1969.66666667 2035 1907 1.33333333333 3 0 0.000673880354436 0.00152516522623 0.0 8 1
2208.0 2208 2208 0.0 0 0 0.0 0.0 0.0 0 1
2109.0 2153 2085 0.0 0 0 0.0 0.0 0.0 2 1
2123.0 2156 2104 0.0 0 0 0.0 0.0 0.0 2 1
1917.81818182 2009 1864 1.81818181818 4 0 0.000944323642281 0.00212201591512 0.0 10 1
2048.0 2050 2046 0.5 1 0 0.000243783520234 0.000487567040468 0.0 1 1
2134.5 2192 2096 1.0 2 0 0.00047014616086 0.000941176470588 0.0 3 1
1974.0 1981 1967 0.0 0 0 0.0 0.0 0.0 1 1
2064.5 2077 2052 0.0 0 0 0.0 0.0 0.0 1 1
2108.0 2108 2108 0.0 0 0 0.0 0.0 0.0 0 1
2033.0 2170 1865 1.0 3 0 0.00049201081584 0.0014888337469 0.0 10 1
2131.0 2131 2131 0.0 0 0 0.0 0.0 0.0 0 1
2127.0 2127 2127 0.0 0 0 0.0 0.0 0.0 0 1
2084.0 2084 2084 0.0 0 0 0.0 0.0 0.0 0 1
2076.5 2102 2051 0.5 1 0 0.000237755587256 0.000475511174513 0.0 1 1
2076.5 2099 2054 0.0 0 0 0.0 0.0 0.0 1 1
2077.66666667 2152 2023 1.0 2 0 0.000480266935227 0.000987654320988 0.0 5 1
2223.25 2303 2157 1.5 3 0 0.000670175172407 0.00134892086331 0.0 7 1
2095.0 2095 2095 0.0 0 0 0.0 0.0 0.0 0 1
2111.33333333 2171 2076 1.0 2 0 0.00046728340395 0.000920386562356 0.0 2 1
2102.0 2123 2081 0.5 1 0 0.000238336073403 0.000480307396734 0.0 3 1
2124.0 2124 2124 0.0 0 0 0.0 0.0 0.0 0 1
1978.375 2047 1876 0.875 2 0 0.00044078827393 0.00103519668737 0.0 7 1
2222.0 2222 2222 0.0 0 0 0.0 0.0 0.0 0 1
2100.0 2100 2100 0.0 0 0 0.0 0.0 0.0 0 1
917.099 1944 492 148.194 292 1 0.14856221281 0.329643296433 0.000517330574237 999 1
2069.0 2069 2069 0.0 0 0 0.0 0.0 0.0 0 1
1886.0 1886 1886 0.0 0 0 0.0 0.0 0.0 0 1
2085.5 2114 2057 0.0 0 0 0.0 0.0 0.0 1 1
2009.5 2025 1994 0.0 0 0 0.0 0.0 0.0 1 1
941.925 1993 620 161.92 318 2 0.150745870232 0.298979591837 0.00101419878296 999 1
2020.0 2020 2020 0.0 0 0 0.0 0.0 0.0 0 1
2252.0 2252 2252 0.0 0 0 0.0 0.0 0.0 0 1
2005.0 2005 2005 0.0 0 0 0.0 0.0 0.0 0 1
2114.66666667 2146 2069 0.333333333333 1 0 0.000156494522692 0.000469483568075 0.0 2 1
1990.5 1993 1988 0.5 1 0 0.000251382604324 0.000502765208648 0.0 1 1
2050.58333333 2108 1930 1.25 3 0 0.000604878012918 0.00144787644788 0.0 11 1
1955.5 2021 1871 0.0 0 0 0.0 0.0 0.0 3 1
2041.5 2047 2036 0.5 1 0 0.000245459008346 0.000490918016691 0.0 1 1
1838.0 1838 1838 0.0 0 0 0.0 0.0 0.0 0 1
2152.0 2152 2152 0.0 0 0 0.0 0.0 0.0 0 1
1949.0 1949 1949 0.0 0 0 0.0 0.0 0.0 0 1
2029.42857143 2069 1961 0.714285714286 2 0 0.000355012976037 0.000994530084535 0.0 6 1
1995.0 1995 1995 0.0 0 0 0.0 0.0 0.0 0 1
2117.5 2131 2104 0.5 1 0 0.000234521575985 0.00046904315197 0.0 1 1
1952.6 2009 1930 1.2 2 0 0.000619150839554 0.00103519668737 0.0 4 1
2008.0 2042 1992 0.75 2 0 0.000375565037599 0.00100300902708 0.0 3 1
1886.09090909 2000 1796 1.81818181818 3 0 0.000967138599288 0.00162954915807 0.0 10 1
1971.0 2002 1899 1.0 3 0 0.000499151920299 0.00149625935162 0.0 4 1
2096.5 2114 2079 0.0 0 0 0.0 0.0 0.0 1 1
2037.0 2037 2037 0.0 0 0 0.0 0.0 0.0 0 1
2000.66666667 2036 1972 1.66666666667 3 0 0.00082443782448 0.00147130946542 0.0 2 1
1939.83333333 1992 1871 1.0 2 0 0.000516314305411 0.00106780565937 0.0 5 1
2159.0 2196 2131 0.333333333333 1 0 0.000154966682163 0.00046490004649 0.0 2 1
1915.0 1915 1915 0.0 0 0 0.0 0.0 0.0 0 1
878.292 2124 556 176.273 294 1 0.173233552926 0.30558722919 0.000470588235294 999 1
2144.0 2144 2144 0.0 0 0 0.0 0.0 0.0 0 1
2178.0 2178 2178 0.0 0 0 0.0 0.0 0.0 0 1
2054.82352941 2131 1974 1.11764705882 4 0 0.000546451843846 0.0019801980198 0.0 16 1
2095.5 2111 2080 0.5 1 0 0.000240269101394 0.000480538202787 0.0 1 1
2197.0 2204 2190 0.0 0 0 0.0 0.0 0.0 1 1
1949.69230769 2194 1791 2.53846153846 6 0 0.00130927737425 0.00313807531381 0.0 12 1
1999.0 1999 1999 0.0 0 0 0.0 0.0 0.0 0 1
1949.5 2010 1869 0.0 0 0 0.0 0.0 0.0 3 1
2137.0 2148 2126 0.5 1 0 0.000235072872591 0.000470145745181 0.0 1 1
2186.5 2209 2164 0.5 1 0 0.000226244343891 0.000452488687783 0.0 1 1
2119.0 2119 2119 0.0 0 0 0.0 0.0 0.0 0 1
2016.0 2037 1974 0.333333333333 1 0 0.000168776371308 0.000506329113924 0.0 2 1
2193.0 2194 2192 0.0 0 0 0.0 0.0 0.0 1 1
946.039 2059 576 158.251 309 0 0.150354749746 0.285846438483 0.0 999 1
2006.0 2006 2006 0.0 0 0 0.0 0.0 0.0 0 1
2092.0 2092 2092 0.0 0 0 0.0 0.0 0.0 0 1
2183.0 2183 2183 0.0 0 0 0.0 0.0 0.0 0 1
928.263 2047 558 177.391 364 0 0.167130488301 0.308250226655 0.0 999 1
2043.66666667 2051 2037 1.0 2 0 0.000487806970468 0.000974184120799 0.0 2 1
2066.0 2066 2066 0.0 0 0 0.0 0.0 0.0 0 1
2189.6 2214 2156 0.8 2 0 0.000364392956959 0.000909090909091 0.0 4 1
2032.71428571 2205 1899 1.57142857143 5 0 0.00078202749645 0.00248015873016 0.0 13 1
1976.0 1976 1976 0.0 0 0 0.0 0.0 0.0 0 1
1953.0 1953 1953 0.0 0 0 0.0 0.0 0.0 0 1
2019.5 2077 1962 0.0 0 0 0.0 0.0 0.0 1 1
1912.0 1912 1912 0.0 0 0 0.0 0.0 0.0 0 1
2051.75 2088 2014 0.75 2 0 0.000362996825998 0.000956937799043 0.0 3 1
2028.0 2028 2028 0.0 0 0 0.0 0.0 0.0 0 1
2039.0 2071 2006 0.666666666667 1 0 0.000324193795531 0.000489955903969 0.0 2 1
2084.0 2084 2084 0.0 0 0 0.0 0.0 0.0 0 1
2166.0 2224 2109 0.4 1 0 0.00018239457847 0.000462534690102 0.0 4 1
1946.42857143 2017 1851 0.571428571429 1 0 0.000292557064209 0.000539956803456 0.0 6 1
2132.0 2145 2119 0.5 1 0 0.000232991612302 0.000465983224604 0.0 1 1
2033.6 2067 1977 0.8 2 0 0.000389129809894 0.000966650555824 0.0 4 1
2096.0 2096 2096 0.0 0 0 0.0 0.0 0.0 0 1
1882.0 1882 1882 0.0 0 0 0.0 0.0 0.0 0 1
