1918.5 1978 1859 0.5 1 0 0.000252652854977 0.000505305709955 0.0 1 1
2064.0 2064 2064 0.0 0 0 0.0 0.0 0.0 0 1
539.507 2226 291 178.951 570 4 0.258342272122 0.429139072848 0.00179372197309 999 1
1997.0 2065 1963 1.0 2 0 0.000498529504329 0.00101781170483 0.0 6 1
1967.33333333 1975 1961 0.333333333333 1 0 0.000168690958165 0.000506072874494 0.0 2 1
2072.33333333 2155 1992 1.66666666667 5 0 0.000804216014157 0.00237304224015 0.0 8 1
1994.0 2023 1979 0.666666666667 1 0 0.000333040550432 0.000505050505051 0.0 2 1
2079.33333333 2105 2047 0.666666666667 1 0 0.000317996830801 0.000479156684236 0.0 2 1
1918.0 1918 1918 0.0 0 0 0.0 0.0 0.0 0 1
1976.0 1976 1976 0.0 0 0 0.0 0.0 0.0 0 1
1963.2 2021 1920 0.6 1 0 0.000302891440378 0.000511508951407 0.0 4 1
2105.0 2163 2061 0.75 2 0 0.000349598994225 0.000923787528868 0.0 3 1
1917.82608696 2201 1722 3.63043478261 11 0 0.00191837974226 0.00585106382979 0.0 45 1
568.572 2084 275 169.139 502 1 0.245037130867 0.395778364116 0.000493096646943 999 1
2039.6 2087 1990 0.4 1 0 0.000196237474767 0.000502260170768 0.0 4 1
2095.0 2095 2095 0.0 0 0 0.0 0.0 0.0 0 1
600.5 2177 347 172.312 400 1 0.234087081291 0.363177805801 0.000495294700347 999 1
2023.71428571 2128 1957 0.571428571429 2 0 0.000282707450017 0.00098231827112 0.0 6 1
2144.5 2178 2111 0.0 0 0 0.0 0.0 0.0 1 1
2020.09090909 2142 1846 2.0 5 0 0.000975995027062 0.00239005736138 0.0 21 1
2221.0 2246 2196 0.0 0 0 0.0 0.0 0.0 1 1
2097.5 2131 2064 0.0 0 0 0.0 0.0 0.0 1 1
2154.66666667 2173 2138 0.0 0 0 0.0 0.0 0.0 2 1
2152.66666667 2218 2120 0.0 0 0 0.0 0.0 0.0 2 1
2085.5 2109 2062 0.0 0 0 0.0 0.0 0.0 1 1
2143.0 2143 2143 0.0 0 0 0.0 0.0 0.0 0 1
588.262 2049 290 183.475 509 0 0.250290044454 0.41726618705 0.0 999 1
572.813 2086 232 183.081 508 2 0.252316348224 0.446721311475 0.000973236009732 999 1
2109.57142857 2220 2038 0.857142857143 2 0 0.000401843227975 0.000923787528868 0.0 6 1
2019.0 2019 2019 0.0 0 0 0.0 0.0 0.0 0 1
2077.33333333 2117 2030 0.666666666667 2 0 0.000314613811546 0.000943841434639 0.0 2 1
597.103 2065 394 182.311 384 1 0.245845498562 0.4 0.000487804878049 999 1
2022.57142857 2107 1933 1.0 2 0 0.000487893298653 0.000973236009732 0.0 6 1
1861.0 1864 1858 0.5 1 0 0.000268961807423 0.000537923614847 0.0 1 1
2108.0 2122 2094 0.5 1 0 0.000238663484487 0.000477326968974 0.0 1 1
1965.33333333 1973 1958 1.0 2 0 0.000509685054083 0.00102040816327 0.0 2 1
1915.0 1915 1915 0.0 0 0 0.0 0.0 0.0 0 1
2133.0 2133 2133 0.0 0 0 0.0 0.0 0.0 0 1
2156.0 2208 2108 0.0 0 0 0.0 0.0 0.0 2 1
2177.0 2238 2124 0.833333333333 2 0 0.000381350327821 0.000893655049151 0.0 5 1
2057.66666667 2072 2030 0.333333333333 1 0 0.000160797555877 0.000482392667631 0.0 2 1
2002.0 2002 2002 0.0 0 0 0.0 0.0 0.0 0 1
2122.83333333 2243 1989 1.33333333333 3 0 0.000623183803465 0.001414427157 0.0 5 1
2165.0 2165 2165 0.0 0 0 0.0 0.0 0.0 0 1
2040.0 2040 2040 0.0 0 0 0.0 0.0 0.0 0 1
2123.0 2123 2123 0.0 0 0 0.0 0.0 0.0 0 1
634.05 2137 368 179.117 505 1 0.237377341009 0.417085427136 0.000470366886171 999 1
2013.0 2013 2013 0.0 0 0 0.0 0.0 0.0 0 1
614.652 2064 372 178.189 587 0 0.240359782325 0.41484300666 0.0 999 1
2066.0 2066 2066 0.0 0 0 0.0 0.0 0.0 0 1
1988.0 2023 1953 1.0 2 0 0.000511508951407 0.00102301790281 0.0 1 1
2042.28571429 2100 1986 0.571428571429 1 0 0.000278217693498 0.000492125984252 0.0 6 1
2136.0 2136 2136 0.0 0 0 0.0 0.0 0.0 0 1
1993.0 2030 1972 0.333333333333 1 0 0.000168520390967 0.000505561172902 0.0 2 1
1984.0 1984 1984 0.0 0 0 0.0 0.0 0.0 0 1
2151.5 2167 2136 0.0 0 0 0.0 0.0 0.0 1 1
2094.0 2094 2094 0.0 0 0 0.0 0.0 0.0 0 1
549.828 2131 302 175.287 526 1 0.251701751403 0.426329555362 0.000476871721507 999 1
2101.0 2101 2101 0.0 0 0 0.0 0.0 0.0 0 1
609.42 2162 373 185.18 468 1 0.248572636178 0.392857142857 0.000488042947779 999 1
2058.83333333 2163 1980 1.33333333333 2 0 0.000642108819627 0.000989119683482 0.0 5 1
1991.0 2012 1962 0.75 1 0 0.000377866144169 0.000509424350484 0.0 3 1
2070.0 2070 2070 0.0 0 0 0.0 0.0 0.0 0 1
2026.0 2026 2026 0.0 0 0 0.0 0.0 0.0 0 1
1927.33333333 1999 1862 0.0 0 0 0.0 0.0 0.0 2 1
1861.0 1895 1819 0.4 1 0 0.00021356606295 0.000536480686695 0.0 4 1
2096.0 2096 2096 0.0 0 0 0.0 0.0 0.0 0 1
1962.42857143 2038 1896 0.714285714286 2 0 0.000356668597683 0.000996015936255 0.0 6 1
597.373 2207 317 174.616 507 0 0.243228776756 0.409929078014 0.0 999 1
2056.0 2056 2056 0.0 0 0 0.0 0.0 0.0 0 1
1969.8 2091 1836 0.0 0 0 0.0 0.0 0.0 4 1
627.878 2036 348 172.764 430 0 0.233434551721 0.368206521739 0.0 999 1
2061.0 2061 2061 0.0 0 0 0.0 0.0 0.0 0 1
2085.0 2085 2085 0.0 0 0 0.0 0.0 0.0 0 1
2109.0 2154 2062 0.5 1 0 0.000232559397293 0.0004662004662 0.0 3 1
2002.18181818 2058 1937 1.72727272727 5 0 0.000860376746836 0.00243783520234 0.0 10 1
2021.0 2046 1964 0.5 1 0 0.000245982659542 0.000492610837438 0.0 5 1
596.4 2045 340 184.207 401 2 0.246100193777 0.386094674556 0.00101419878296 999 1
607.112 2139 335 185.02 500 0 0.244202425147 0.3984375 0.0 999 1
2052.8 2093 2004 1.2 2 0 0.000585411829479 0.000994035785288 0.0 4 1
2259.5 2281 2238 0.5 1 0 0.000223313979455 0.00044662795891 0.0 1 1
2034.0 2034 2034 0.0 0 0 0.0 0.0 0.0 0 1
2151.0 2151 2151 0.0 0 0 0.0 0.0 0.0 0 1
2183.0 2183 2183 0.0 0 0 0.0 0.0 0.0 0 1
1884.66666667 1912 1851 0.666666666667 1 0 0.000350426793126 0.000528541226216 0.0 2 1
581.741 2243 320 187.577 438 2 0.254027183206 0.395384615385 0.00090991810737 999 1
1963.0 1963 1963 0.0 0 0 0.0 0.0 0.0 0 1
2151.0 2184 2127 0.333333333333 1 0 0.000155545185876 0.000466635557629 0.0 2 1
2171.25 2240 2099 2.25 5 0 0.00104484791662 0.00231588698472 0.0 3 1
2042.5 2095 1990 0.0 0 0 0.0 0.0 0.0 1 1
2216.0 2216 2216 0.0 0 0 0.0 0.0 0.0 0 1
2020.0 2020 2020 0.0 0 0 0.0 0.0 0.0 0 1
2098.8 2139 2056 0.6 1 0 0.000286041908165 0.000486144871172 0.0 4 1
1976.0 1976 1976 0.0 0 0 0.0 0.0 0.0 0 1
2024.75 2075 1989 1.25 3 0 0.000608739675581 0.00147203140334 0.0 3 1
2020.33333333 2125 1883 0.5 1 0 0.000239232795462 0.000490196078431 0.0 5 1
1992.0 1992 1992 0.0 0 0 0.0 0.0 0.0 0 1
566.304 2299 311 173.668 568 0 0.247853071277 0.404545454545 0.0 999 1
1879.0 1983 1777 0.714285714286 1 0 0.000373343199838 0.000536193029491 0.0 6 1
2072.0 2072 2072 0.0 0 0 0.0 0.0 0.0 0 1
2103.0 2152 2073 0.75 1 0 0.000354846007173 0.000480307396734 0.0 3 1
2108.0 2108 2108 0.0 0 0 0.0 0.0 0.0 0 1
1962.9 2020 1887 0.8 2 0 0.000408419670022 0.00105263157895 0.0 9 1
2043.33333333 2058 2033 0.333333333333 1 0 0.00016339869281 0.000490196078431 0.0 2 1
2071.5 2075 2068 0.0 0 0 0.0 0.0 0.0 1 1
2060.0 2060 2060 0.0 0 0 0.0 0.0 0.0 0 1
2083.0 2121 2045 0.0 0 0 0.0 0.0 0.0 1 1
592.856 2122 302 175.608 441 0 0.245453667554 0.361486486486 0.0 999 1
2078.0 2078 2078 0.0 0 0 0.0 0.0 0.0 0 1
2070.0 2112 2028 0.666666666667 1 0 0.000318706429712 0.000482858522453 0.0 2 1
2041.5 2080 2003 0.0 0 0 0.0 0.0 0.0 1 1
2123.5 2141 2106 0.0 0 0 0.0 0.0 0.0 1 1
577.998 2128 365 170.241 501 0 0.240310371823 0.409565217391 0.0 999 1
600.974 2240 314 180.607 483 1 0.249153963239 0.44414893617 0.000446229361892 999 1
2108.25 2144 2077 0.5 1 0 0.00023730443783 0.000475059382423 0.0 3 1
619.348 2055 354 179.497 540 0 0.240750902018 0.408575031526 0.0 999 1
586.359 2203 362 170.191 535 1 0.235722498286 0.415896487985 0.000462962962963 999 1
2063.66666667 2089 2048 0.666666666667 1 0 0.000321695634796 0.000486618004866 0.0 2 1
2034.0 2034 2034 0.0 0 0 0.0 0.0 0.0 0 1
2203.33333333 2253 2164 0.333333333333 1 0 0.000153964588145 0.000461893764434 0.0 2 1
610.145 2212 377 186.334 521 2 0.242671067934 0.42663273961 0.000903342366757 999 1
605.539 2134 362 187.614 562 2 0.24939670119 0.429326287979 0.000946521533365 999 1
1932.83333333 1980 1870 1.16666666667 2 0 0.000609502464822 0.00106837606838 0.0 5 1
596.025 2135 338 182.333 412 1 0.245143719947 0.421900161031 0.000513610683102 999 1
1980.0 1980 1980 0.0 0 0 0.0 0.0 0.0 0 1
570.318 2089 289 169.22 455 1 0.249144752858 0.404864091559 0.000478468899522 999 1
1871.5 1877 1866 1.0 2 0 0.000535331905782 0.00107066381156 0.0 1 1
2073.0 2073 2073 0.0 0 0 0.0 0.0 0.0 0 1
2125.5 2155 2067 0.5 1 0 0.000236845221648 0.000483558994197 0.0 3 1
2141.0 2197 2076 0.285714285714 1 0 0.000130047494268 0.000455373406193 0.0 6 1
2056.0 2056 2056 0.0 0 0 0.0 0.0 0.0 0 1
2212.0 2256 2178 0.666666666667 2 0 0.000295246530853 0.00088573959256 0.0 2 1
2226.0 2226 2226 0.0 0 0 0.0 0.0 0.0 0 1
1923.0 1923 1923 0.0 0 0 0.0 0.0 0.0 0 1
1831.0 1840 1822 0.5 1 0 0.000271591526344 0.000543183052689 0.0 1 1
1861.5 1896 1827 1.0 2 0 0.000546746856206 0.00109349371241 0.0 1 1
1930.8 1971 1905 1.0 2 0 0.000514708080617 0.00103519668737 0.0 4 1
2180.6 2224 2122 0.8 2 0 0.000368905419788 0.000910746812386 0.0 4 1
1999.375 2114 1876 1.375 3 0 0.000681553364851 0.00151362260343 0.0 7 1
2194.0 2194 2194 0.0 0 0 0.0 0.0 0.0 0 1
549.326 2045 272 171.734 528 2 0.249314641525 0.428120063191 0.000977039570103 999 1
2011.0 2011 2011 0.0 0 0 0.0 0.0 0.0 0 1
2085.0 2085 2085 0.0 0 0 0.0 0.0 0.0 0 1
2107.0 2107 2107 0.0 0 0 0.0 0.0 0.0 0 1
584.156 1834 274 177.355 545 2 0.247740898819 0.43 0.00108932461874 999 1
1917.0 1917 1917 0.0 0 0 0.0 0.0 0.0 0 1
1973.75 2008 1945 0.5 1 0 0.000250766447399 0.000505305709955 0.0 3 1
2088.0 2088 2088 0.0 0 0 0.0 0.0 0.0 0 1
1926.33333333 1939 1917 0.333333333333 1 0 0.000171821305842 0.000515463917526 0.0 2 1
2079.0 2079 2079 0.0 0 0 0.0 0.0 0.0 0 1
2102.0 2102 2102 0.0 0 0 0.0 0.0 0.0 0 1
2098.0 2098 2098 0.0 0 0 0.0 0.0 0.0 0 1
2000.0 2000 2000 0.0 0 0 0.0 0.0 0.0 0 1
2018.0 2018 2018 0.0 0 0 0.0 0.0 0.0 0 1
1961.0 2003 1919 0.0 0 0 0.0 0.0 0.0 1 1
2159.25 2179 2124 0.75 2 0 0.000344987512625 0.000921234454169 0.0 3 1
2061.0 2061 2061 0.0 0 0 0.0 0.0 0.0 0 1
2037.8 2107 1967 0.8 2 0 0.000388349199383 0.000959232613909 0.0 4 1
2072.5 2098 2059 0.0 0 0 0.0 0.0 0.0 3 1
1948.81818182 2081 1857 0.454545454545 1 0 0.000233832052546 0.000529100529101 0.0 10 1
1889.55555556 1914 1867 0.666666666667 2 0 0.00035132692091 0.00104821802935 0.0 8 1
2165.0 2165 2165 0.0 0 0 0.0 0.0 0.0 0 1
570.069 2056 294 175.243 469 0 0.252274504673 0.438474870017 0.0 999 1
2007.0 2007 2007 0.0 0 0 0.0 0.0 0.0 0 1
2132.0 2132 2132 0.0 0 0 0.0 0.0 0.0 0 1
2195.66666667 2229 2132 1.16666666667 3 0 0.000527277760342 0.00134408602151 0.0 5 1
521.109 2123 262 165.322 528 0 0.252642048254 0.414710485133 0.0 999 1
2144.0 2168 2120 0.5 1 0 0.0002357378595 0.000471475719 0.0 1 1
586.242 2197 311 176.385 398 2 0.247520000965 0.401709401709 0.000911992704058 999 1
2003.0 2064 1932 2.23076923077 4 0 0.00111036440666 0.00200100050025 0.0 12 1
540.749 2107 305 178.92 513 2 0.262332077098 0.432 0.00094831673779 999 1
583.128 2155 281 167.191 426 0 0.240184448566 0.434276206323 0.0 999 1
2148.55555556 2245 2081 1.22222222222 3 0 0.000573064672669 0.0014137606032 0.0 8 1
1952.0 1952 1952 0.0 0 0 0.0 0.0 0.0 0 1
598.769 2164 347 173.352 603 0 0.242140812088 0.459044368601 0.0 999 1
632.381 2238 346 173.408 460 0 0.231235438203 0.387533875339 0.0 999 1
2030.27272727 2117 1977 0.636363636364 2 0 0.000309041500253 0.000970873786408 0.0 10 1
2036.0 2036 2036 0.0 0 0 0.0 0.0 0.0 0 1
2247.0 2295 2185 0.0 0 0 0.0 0.0 0.0 3 1
601.157 1893 398 181.613 424 1 0.240300051546 0.365336658354 0.000546746856206 999 1
2015.0 2054 1976 0.0 0 0 0.0 0.0 0.0 1 1
2169.0 2169 2169 0.0 0 0 0.0 0.0 0.0 0 1
2123.2 2190 2035 0.8 2 0 0.000370606145517 0.000912825193975 0.0 4 1
557.473 2155 281 177.451 432 0 0.253777225713 0.406367041199 0.0 999 1
2170.0 2170 2170 0.0 0 0 0.0 0.0 0.0 0 1
2102.0 2102 2102 0.0 0 0 0.0 0.0 0.0 0 1
594.27 2078 335 173.178 418 1 0.238563910808 0.42776203966 0.000481000481 999 1
2115.25 2134 2082 0.75 1 0 0.000352556983333 0.000471698113208 0.0 3 1
1965.0 1965 1965 0.0 0 0 0.0 0.0 0.0 0 1
2125.0 2156 2094 0.0 0 0 0.0 0.0 0.0 1 1
1993.0 2020 1966 0.5 1 0 0.000254194204372 0.000508388408744 0.0 1 1
2111.75 2124 2078 1.0 2 0 0.000475678733032 0.000961538461538 0.0 3 1
1954.0 2038 1895 0.8 2 0 0.000413330682756 0.00105429625725 0.0 4 1
2008.0 2087 1929 0.333333333333 1 0 0.000159642401022 0.000478927203065 0.0 2 1
2166.5 2180 2153 0.0 0 0 0.0 0.0 0.0 1 1
2020.0 2020 2020 0.0 0 0 0.0 0.0 0.0 0 1
1888.0 1888 1888 0.0 0 0 0.0 0.0 0.0 0 1
2164.0 2164 2164 0.0 0 0 0.0 0.0 0.0 0 1
571.698 2263 292 173.557 456 1 0.24783847616 0.416015625 0.000445434298441 999 1
2081.0 2089 2073 0.5 1 0 0.000241080038573 0.000482160077146 0.0 1 1
580.103 2146 326 172.968 485 0 0.241689216204 0.398852223816 0.0 999 1
2010.5 2046 1975 0.5 1 0 0.000244259892526 0.000488519785051 0.0 1 1
2258.0 2258 2258 0.0 0 0 0.0 0.0 0.0 0 1
1931.0 1940 1922 0.0 0 0 0.0 0.0 0.0 1 1
2091.5 2106 2077 0.0 0 0 0.0 0.0 0.0 1 1
2327.33333333 2338 2321 0.666666666667 2 0 0.000286985220261 0.000860955660783 0.0 2 1
1966.0 1966 1966 0.0 0 0 0.0 0.0 0.0 0 1
2161.0 2161 2161 0.0 0 0 0.0 0.0 0.0 0 1
1983.0 2019 1947 0.5 1 0 0.000247524752475 0.00049504950495 0.0 1 1
2188.0 2188 2188 0.0 0 0 0.0 0.0 0.0 0 1
2051.0 2051 2051 0.0 0 0 0.0 0.0 0.0 0 1
1991.5 2019 1964 0.0 0 0 0.0 0.0 0.0 1 1
1940.375 2004 1881 0.75 1 0 0.000383599836666 0.000529100529101 0.0 7 1
2039.0 2039 2039 0.0 0 0 0.0 0.0 0.0 0 1
2090.7 2151 2011 0.5 1 0 0.000238369129875 0.00048828125 0.0 9 1
595.104 2125 355 179.267 436 1 0.247352029325 0.412949640288 0.000479616306954 999 1
577.649 2394 296 177.595 510 1 0.249463033908 0.417366946779 0.000465549348231 999 1
2092.0 2108 2076 0.0 0 0 0.0 0.0 0.0 1 1
1983.0 1992 1974 0.5 1 0 0.000250878073256 0.000501756146513 0.0 1 1
2028.0 2047 1991 0.333333333333 1 0 0.000162760416667 0.00048828125 0.0 2 1
2190.0 2190 2190 0.0 0 0 0.0 0.0 0.0 0 1
1980.14285714 2069 1912 0.857142857143 3 0 0.000436662605321 0.00156576200418 0.0 13 1
2142.0 2142 2142 0.0 0 0 0.0 0.0 0.0 0 1
2029.16666667 2048 2013 1.5 3 0 0.000740109099085 0.0014880952381 0.0 5 1
595.51 2126 337 168.579 435 0 0.234539497388 0.432835820896 0.0 999 1
1978.83333333 2043 1920 1.0 2 0 0.000497450603901 0.00100704934542 0.0 5 1
2216.0 2216 2216 0.0 0 0 0.0 0.0 0.0 0 1
2068.75 2134 2039 0.75 1 0 0.000360761256897 0.000488042947779 0.0 3 1
2151.53846154 2241 2026 0.692307692308 2 0 0.000318981501541 0.000911992704058 0.0 12 1
645.901 2077 316 173.586 536 0 0.230754764504 0.428571428571 0.0 999 1
574.766 2047 316 180.77 472 1 0.254353538579 0.419259259259 0.000514403292181 999 1
2069.0 2069 2069 0.0 0 0 0.0 0.0 0.0 0 1
2185.0 2185 2185 0.0 0 0 0.0 0.0 0.0 0 1
2150.0 2150 2150 0.0 0 0 0.0 0.0 0.0 0 1
1984.66666667 2030 1935 0.666666666667 2 0 0.000341464114177 0.00103252452246 0.0 5 1
1899.5 1910 1889 0.0 0 0 0.0 0.0 0.0 1 1
2094.0 2094 2094 0.0 0 0 0.0 0.0 0.0 0 1
2034.0 2034 2034 0.0 0 0 0.0 0.0 0.0 0 1
2081.5 2083 2080 0.5 1 0 0.000240269101394 0.000480538202787 0.0 1 1
2061.5 2074 2049 0.0 0 0 0.0 0.0 0.0 1 1
572.961 2178 309 178.866 497 1 0.247609209009 0.432234432234 0.000458926112896 999 1
1967.0 1967 1967 0.0 0 0 0.0 0.0 0.0 0 1
2093.71428571 2174 2001 0.857142857143 2 0 0.000406704855976 0.000965250965251 0.0 6 1
1933.0 1933 1933 0.0 0 0 0.0 0.0 0.0 0 1
2092.0 2092 2092 0.0 0 0 0.0 0.0 0.0 0 1
1963.75 2006 1937 1.0 2 0 0.000512836831889 0.00103145951521 0.0 3 1
1890.33333333 1931 1846 1.0 2 0 0.000532090279063 0.00105485232068 0.0 2 1
2122.0 2155 2083 0.333333333333 1 0 0.000159948816379 0.000479846449136 0.0 2 1
1845.90909091 1977 1739 1.18181818182 3 0 0.000634030653306 0.00164024056862 0.0 21 1
604.249 2078 324 181.114 435 1 0.244573333686 0.429245283019 0.000483792936623 999 1
2102.0 2102 2102 0.0 0 0 0.0 0.0 0.0 0 1
2065.66666667 2124 2030 0.666666666667 1 0 0.0003199416753 0.000489236790607 0.0 2 1
2075.0 2095 2055 0.0 0 0 0.0 0.0 0.0 1 1
2176.0 2197 2159 0.333333333333 1 0 0.000153397760393 0.000460193281178 0.0 2 1
2230.0 2230 2230 0.0 0 0 0.0 0.0 0.0 0 1
2092.0 2092 2092 0.0 0 0 0.0 0.0 0.0 0 1
2031.0 2092 1992 0.2 1 0 9.55566172957e-05 0.000477783086479 0.0 4 1
2108.0 2108 2108 0.0 0 0 0.0 0.0 0.0 0 1
561.118 2236 305 164.814 572 0 0.245203440924 0.449851042701 0.0 999 1
2154.66666667 2176 2125 0.666666666667 1 0 0.000307151645034 0.000462107208872 0.0 2 1
2125.0 2125 2125 0.0 0 0 0.0 0.0 0.0 0 1
2094.0 2094 2094 0.0 0 0 0.0 0.0 0.0 0 1
1989.0 1989 1989 0.0 0 0 0.0 0.0 0.0 0 1
1977.0 1977 1977 0.0 0 0 0.0 0.0 0.0 0 1
1931.0 1931 1931 0.0 0 0 0.0 0.0 0.0 0 1
2013.0 2042 1958 1.14285714286 3 0 0.000563920124123 0.00146699266504 0.0 6 1
2209.5 2221 2198 0.0 0 0 0.0 0.0 0.0 1 1
1985.0 2009 1961 0.5 1 0 0.000254841997961 0.000509683995923 0.0 1 1
2122.0 2122 2122 0.0 0 0 0.0 0.0 0.0 0 1
2135.0 2135 2135 0.0 0 0 0.0 0.0 0.0 0 1
1850.0 1907 1804 0.6 2 0 0.000326461007224 0.00109409190372 0.0 4 1
2011.0 2027 2000 0.0 0 0 0.0 0.0 0.0 2 1
586.284 1977 305 179.972 476 1 0.251797466552 0.391351351351 0.000512032770097 999 1
2099.5 2121 2075 0.25 1 0 0.00011786892975 0.000471475719 0.0 3 1
2206.25 2240 2181 1.75 4 0 0.000785923179699 0.0017825311943 0.0 3 1
2162.14285714 2196 2129 1.42857142857 3 0 0.000661720905774 0.0014012143858 0.0 6 1
2102.0 2102 2102 0.0 0 0 0.0 0.0 0.0 0 1
1940.0 1940 1940 0.0 0 0 0.0 0.0 0.0 0 1
2211.0 2238 2183 0.333333333333 1 0 0.000148875986303 0.00044662795891 0.0 2 1
2161.0 2215 2125 0.5 1 0 0.000232254133703 0.000468823253633 0.0 3 1
2022.6 2084 1908 1.0 3 0 0.000480216092632 0.00144230769231 0.0 4 1
1891.83333333 1946 1845 1.5 3 0 0.000796818633363 0.00162337662338 0.0 5 1
2205.5 2274 2124 0.785714285714 3 0 0.000349174842443 0.00133988387673 0.0 13 1
610.763 2026 349 172.808 401 1 0.239620320158 0.393530997305 0.000505305709955 999 1
1934.33333333 2011 1856 0.333333333333 1 0 0.000165672630881 0.000497017892644 0.0 2 1
565.256 2094 310 171.94 372 1 0.248594483675 0.387858347386 0.000508388408744 999 1
1998.0 1998 1998 0.0 0 0 0.0 0.0 0.0 0 1
2028.0 2028 2028 0.0 0 0 0.0 0.0 0.0 0 1
2269.0 2271 2266 0.333333333333 1 0 0.000146713615023 0.00044014084507 0.0 2 1
2242.0 2326 2115 0.75 1 0 0.000331527712976 0.000461041954818 0.0 7 1
2269.91666667 2368 2173 2.75 6 0 0.00119680708446 0.0026455026455 0.0 11 1
1980.0 1980 1980 0.0 0 0 0.0 0.0 0.0 0 1
2070.5 2112 2029 0.5 1 0 0.000236630383341 0.000473260766682 0.0 1 1
1979.0 1979 1979 0.0 0 0 0.0 0.0 0.0 0 1
2036.4 2090 1927 0.8 3 0 0.000383288209375 0.00143334925944 0.0 4 1
2091.66666667 2185 2008 0.666666666667 2 0 0.000312517801257 0.000914913083257 0.0 8 1
1964.875 2074 1906 2.375 6 0 0.00121976183032 0.003125 0.0 7 1
2076.0 2076 2076 0.0 0 0 0.0 0.0 0.0 0 1
530.889 1950 269 169.612 491 1 0.253107338531 0.435626102293 0.000513083632632 999 1
1985.0 1985 1985 0.0 0 0 0.0 0.0 0.0 0 1
2064.0 2064 2064 0.0 0 0 0.0 0.0 0.0 0 1
2092.66666667 2129 2068 0.666666666667 1 0 0.00031659698827 0.000480307396734 0.0 2 1
1926.5 1984 1883 0.25 1 0 0.000132485426603 0.000529941706412 0.0 3 1
1991.35714286 2098 1813 1.28571428571 4 0 0.000634046203412 0.00193330111165 0.0 13 1
564.131 2108 317 168.33 338 1 0.243493338679 0.400324149109 0.000481927710843 999 1
1937.8 2009 1894 0.4 1 0 0.000206960775394 0.000527704485488 0.0 4 1
2384.0 2384 2384 0.0 0 0 0.0 0.0 0.0 0 1
2171.0 2176 2166 0.5 1 0 0.000229673863114 0.000459347726229 0.0 1 1
2102.5 2131 2074 0.0 0 0 0.0 0.0 0.0 1 1
1991.5 2015 1968 0.5 1 0 0.000253936008126 0.000507872016252 0.0 1 1
2190.0 2190 2190 0.0 0 0 0.0 0.0 0.0 0 1
1981.0 2003 1959 0.5 1 0 0.000249500998004 0.000499001996008 0.0 1 1
1955.0 1955 1955 0.0 0 0 0.0 0.0 0.0 0 1
2076.33333333 2109 2047 1.0 2 0 0.000484045557229 0.000963855421687 0.0 2 1
2038.0 2038 2038 0.0 0 0 0.0 0.0 0.0 0 1
2059.0 2059 2059 0.0 0 0 0.0 0.0 0.0 0 1
2002.88888889 2083 1935 1.0 2 0 0.000496352432521 0.000975609756098 0.0 8 1
2081.33333333 2083 2080 0.333333333333 1 0 0.000160102465578 0.000480307396734 0.0 2 1
2112.75 2135 2083 0.75 2 0 0.000351178672557 0.000935891436593 0.0 3 1
610.925 2155 294 168.158 453 0 0.236652706008 0.408679927667 0.0 999 1
1982.25 2011 1911 1.25 2 0 0.000628266684181 0.000996512207275 0.0 3 1
2055.0 2079 2031 0.5 1 0 0.000246062992126 0.000492125984252 0.0 1 1
1989.0 1989 1989 0.0 0 0 0.0 0.0 0.0 0 1
2129.75 2142 2118 0.5 1 0 0.000235516615625 0.000471920717319 0.0 3 1
1902.0 1929 1875 0.5 1 0 0.000266524520256 0.000533049040512 0.0 1 1
1956.33333333 1972 1928 2.0 4 0 0.00102018697601 0.00202429149798 0.0 2 1
661.299 1983 345 180.71 512 0 0.233226597007 0.388888888889 0.0 999 1
2013.75 2023 2001 0.25 1 0 0.000123517786561 0.000494071146245 0.0 3 1
1955.0 1955 1955 0.0 0 0 0.0 0.0 0.0 0 1
582.661 2062 364 175.03 461 1 0.239925046301 0.413414634146 0.000498256103637 999 1
2053.0 2054 2052 0.0 0 0 0.0 0.0 0.0 1 1
2065.0 2093 2037 0.0 0 0 0.0 0.0 0.0 1 1
2140.33333333 2176 2097 0.333333333333 1 0 0.000155110904297 0.00046533271289 0.0 2 1
2172.0 2172 2172 0.0 0 0 0.0 0.0 0.0 0 1
1982.0 1982 1982 0.0 0 0 0.0 0.0 0.0 0 1
2183.0 2242 2146 0.666666666667 1 0 0.000309433625159 0.000465766185375 0.0 2 1
595.903 1984 331 175.609 382 1 0.238012971339 0.390713476784 0.000514668039115 999 1
2106.0 2106 2106 0.0 0 0 0.0 0.0 0.0 0 1
2032.0 2032 2032 0.0 0 0 0.0 0.0 0.0 0 1
2130.0 2130 2130 0.0 0 0 0.0 0.0 0.0 0 1
1979.0 2005 1958 0.333333333333 1 0 0.000170154840905 0.000510464522716 0.0 2 1
1862.0 1862 1862 0.0 0 0 0.0 0.0 0.0 0 1
2044.66666667 2151 1901 0.777777777778 1 0 0.000377792701694 0.000525762355415 0.0 8 1
1953.0 1953 1953 0.0 0 0 0.0 0.0 0.0 0 1
2087.5 2127 2057 0.5 1 0 0.000237615753704 0.000480538202787 0.0 3 1
1839.0 1845 1833 0.0 0 0 0.0 0.0 0.0 1 1
2055.0 2055 2055 0.0 0 0 0.0 0.0 0.0 0 1
586.285 2139 354 189.756 480 2 0.257295338987 0.401647785788 0.000951474785918 999 1
628.248 1967 353 176.383 426 1 0.232063384881 0.400516795866 0.00051867219917 999 1
2237.16666667 2276 2182 0.5 2 0 0.00022351684169 0.000896458987001 0.0 5 1
2072.0 2086 2058 0.0 0 0 0.0 0.0 0.0 1 1
2054.0 2054 2054 0.0 0 0 0.0 0.0 0.0 0 1
2295.5 2338 2253 0.5 1 0 0.000213766566909 0.000427533133818 0.0 1 1
2012.5 2107 1948 0.666666666667 3 0 0.000317677074846 0.00142180094787 0.0 5 1
2234.0 2234 2234 0.0 0 0 0.0 0.0 0.0 0 1
608.294 2275 313 181.08 410 0 0.246008045944 0.406205923836 0.0 999 1
2068.0 2089 2047 0.5 1 0 0.000239234449761 0.000478468899522 0.0 1 1
2042.0 2055 2029 0.5 1 0 0.000243190661479 0.000486381322957 0.0 1 1
1958.0 1958 1958 0.0 0 0 0.0 0.0 0.0 0 1
619.267 2131 373 183.161 394 0 0.239720811102 0.423899371069 0.0 999 1
2038.0 2038 2038 0.0 0 0 0.0 0.0 0.0 0 1
2111.0 2143 2065 0.0 0 0 0.0 0.0 0.0 2 1
2043.75 2116 1999 0.25 1 0 0.000124007936508 0.000496031746032 0.0 3 1
2092.0 2092 2092 0.0 0 0 0.0 0.0 0.0 0 1
2059.0 2136 2014 0.8 2 0 0.000384626420415 0.000935453695042 0.0 4 1
2082.0 2082 2082 0.0 0 0 0.0 0.0 0.0 0 1
2062.5 2091 2034 0.5 1 0 0.000239005736138 0.000478011472275 0.0 1 1
1961.0 1980 1942 0.5 1 0 0.0002523977789 0.000504795557799 0.0 1 1
2161.0 2176 2146 0.5 1 0 0.000232883092687 0.000465766185375 0.0 1 1
1901.0 2001 1789 0.142857142857 1 0 7.13572142144e-05 0.0004995004995 0.0 6 1
571.528 2075 353 183.248 625 3 0.248630897728 0.460076045627 0.00144369586141 999 1
629.835 2106 344 180.986 425 2 0.238593035074 0.419601837672 0.000948766603416 999 1
1998.0 1998 1998 0.0 0 0 0.0 0.0 0.0 0 1
1956.6 2172 1824 1.26666666667 3 0 0.000633678418564 0.00147347740668 0.0 14 1
2203.0 2203 2203 0.0 0 0 0.0 0.0 0.0 0 1
2092.66666667 2115 2081 0.0 0 0 0.0 0.0 0.0 2 1
2098.66666667 2142 2058 0.0 0 0 0.0 0.0 0.0 2 1
563.066 2117 304 176.354 499 1 0.250669754228 0.420401854714 0.00047460844803 999 1
2135.2 2212 2052 2.2 5 0 0.00101691025742 0.00227686703097 0.0 9 1
1912.88888889 2020 1781 0.333333333333 1 0 0.000170047623164 0.000515729757607 0.0 8 1
1829.0 1829 1829 0.0 0 0 0.0 0.0 0.0 0 1
1977.0 2055 1881 0.25 1 0 0.00012677484787 0.000507099391481 0.0 3 1
571.23 2063 296 177.435 430 1 0.25387350746 0.410863509749 0.000485908649174 999 1
2075.0 2093 2057 0.0 0 0 0.0 0.0 0.0 1 1
628.164 2081 347 180.769 402 1 0.232317417854 0.368258859784 0.000482392667631 999 1
581.93 2103 307 176.185 429 1 0.242373975022 0.467202141901 0.000487804878049 999 1
2183.25 2195 2169 0.5 1 0 0.000227842439556 0.000455996352029 0.0 3 1
586.951 2144 265 169.769 434 1 0.23667344597 0.423705722071 0.000483792936623 999 1
623.382 2165 339 182.945 482 1 0.235457026641 0.381510416667 0.000461680517082 999 1
2231.0 2278 2184 0.0 0 0 0.0 0.0 0.0 1 1
600.534 2052 310 174.416 441 1 0.242311150529 0.396923076923 0.000492610837438 999 1
2137.0 2194 2080 0.0 0 0 0.0 0.0 0.0 1 1
2021.5 2030 2013 0.5 1 0 0.000246184145741 0.000492368291482 0.0 1 1
584.773 2100 334 183.062 471 2 0.248828195719 0.433898305085 0.000951474785918 999 1
2160.75 2196 2137 0.5 2 0 0.000227479526843 0.00090991810737 0.0 3 1
2182.0 2215 2157 0.333333333333 1 0 0.000150421179302 0.000451263537906 0.0 2 1
2223.0 2223 2223 0.0 0 0 0.0 0.0 0.0 0 1
2096.0 2096 2096 0.0 0 0 0.0 0.0 0.0 0 1
2070.0 2070 2070 0.0 0 0 0.0 0.0 0.0 0 1
2068.0 2068 2068 0.0 0 0 0.0 0.0 0.0 0 1
1962.0 1962 1962 0.0 0 0 0.0 0.0 0.0 0 1
2152.0 2182 2105 0.0 0 0 0.0 0.0 0.0 2 1
2048.0 2048 2048 0.0 0 0 0.0 0.0 0.0 0 1
570.701 2157 368 181.261 509 2 0.248381027104 0.418882978723 0.000926354793886 999 1
2234.66666667 2275 2204 0.666666666667 1 0 0.000296201203122 0.000449236298293 0.0 2 1
2070.0 2072 2068 0.5 1 0 0.000241662638956 0.000483325277912 0.0 1 1
2125.0 2125 2125 0.0 0 0 0.0 0.0 0.0 0 1
2028.0 2077 1947 0.25 1 0 0.00012030798845 0.000481231953802 0.0 3 1
2150.5 2158 2143 0.5 1 0 0.000233208955224 0.000466417910448 0.0 1 1
1968.27272727 2087 1874 1.18181818182 3 0 0.000599766684531 0.00155925155925 0.0 10 1
2092.0 2092 2092 0.0 0 0 0.0 0.0 0.0 0 1
2174.5 2204 2145 0.0 0 0 0.0 0.0 0.0 1 1
2219.5 2238 2201 0.5 1 0 0.000223313979455 0.00044662795891 0.0 1 1
1955.0 1967 1943 0.0 0 0 0.0 0.0 0.0 1 1
602.92 2063 311 183.717 447 0 0.247017414596 0.496318114875 0.0 999 1
2113.0 2143 2083 0.0 0 0 0.0 0.0 0.0 1 1
2014.10526316 2213 1778 2.21052631579 4 0 0.00108073964458 0.00198412698413 0.0 18 1
1993.0 1993 1993 0.0 0 0 0.0 0.0 0.0 0 1
2104.0 2152 2070 1.2 3 0 0.000566703331361 0.00140449438202 0.0 4 1
2119.0 2119 2119 0.0 0 0 0.0 0.0 0.0 0 1
594.784 2208 362 175.702 461 0 0.242372835252 0.373702422145 0.0 999 1
2182.0 2182 2182 0.0 0 0 0.0 0.0 0.0 0 1
585.745 2255 334 176.58 495 1 0.245584331482 0.373301358913 0.000443262411348 999 1
2209.55555556 2332 2103 1.55555555556 3 0 0.000707878616463 0.0014245014245 0.0 8 1
2250.0 2250 2250 0.0 0 0 0.0 0.0 0.0 0 1
2023.0 2023 2023 0.0 0 0 0.0 0.0 0.0 0 1
641.779 2213 332 181.242 443 0 0.240181321007 0.411682892907 0.0 999 1
2119.0 2119 2119 0.0 0 0 0.0 0.0 0.0 0 1
1955.5 1973 1945 1.75 4 0 0.000890499473687 0.00202326757714 0.0 3 1
621.416 2021 405 185.335 436 2 0.23825773849 0.388418079096 0.00100452034154 999 1
2032.0 2032 2032 0.0 0 0 0.0 0.0 0.0 0 1
2063.0 2063 2063 0.0 0 0 0.0 0.0 0.0 0 1
578.872 2107 328 184.814 511 1 0.250400179247 0.437772925764 0.000474383301708 999 1
2016.14285714 2151 1914 0.928571428571 2 0 0.000453226771178 0.000958772770853 0.0 13 1
2126.0 2126 2126 0.0 0 0 0.0 0.0 0.0 0 1
1804.0 1804 1804 0.0 0 0 0.0 0.0 0.0 0 1
2139.0 2139 2139 0.0 0 0 0.0 0.0 0.0 0 1
2092.0 2130 2072 0.0 0 0 0.0 0.0 0.0 2 1
564.909 2286 258 163.23 607 1 0.242497254669 0.453588516746 0.0004372540446 999 1
2065.0 2098 2032 0.5 1 0 0.000238208670796 0.000476417341591 0.0 1 1
2160.0 2160 2160 0.0 0 0 0.0 0.0 0.0 0 1
2027.66666667 2056 1985 0.333333333333 1 0 0.000163158753467 0.000489476260401 0.0 2 1
619.158 2082 358 184.202 436 0 0.238090776793 0.379381443299 0.0 999 1
2041.5 2051 2032 0.5 1 0 0.000243664717349 0.000487329434698 0.0 1 1
646.365 2124 366 176.759 465 1 0.22841724237 0.38898163606 0.000484496124031 999 1
2159.0 2174 2139 0.666666666667 1 0 0.000309019944856 0.000467289719626 0.0 2 1
2247.5 2251 2244 0.0 0 0 0.0 0.0 0.0 1 1
2096.0 2096 2096 0.0 0 0 0.0 0.0 0.0 0 1
2115.0 2115 2115 0.0 0 0 0.0 0.0 0.0 0 1
2090.66666667 2141 2040 2.16666666667 4 0 0.00102869228175 0.00189843379212 0.0 5 1
2029.0 2045 2013 0.0 0 0 0.0 0.0 0.0 1 1
2204.0 2204 2204 0.0 0 0 0.0 0.0 0.0 0 1
2161.0 2161 2161 0.0 0 0 0.0 0.0 0.0 0 1
2157.0 2157 2157 0.0 0 0 0.0 0.0 0.0 0 1
615.99 2242 353 183.173 537 1 0.241452763455 0.423835832676 0.000445831475702 999 1
625.341 2106 363 170.551 456 0 0.23794651315 0.412942989214 0.0 999 1
2107.4 2132 2051 0.6 1 0 0.000282312847387 0.000473036896878 0.0 4 1
603.256 2193 359 184.542 463 3 0.245332168526 0.41038961039 0.00136612021858 999 1
2192.0 2192 2192 0.0 0 0 0.0 0.0 0.0 0 1
2026.0 2026 2026 0.0 0 0 0.0 0.0 0.0 0 1
1988.0 1988 1988 0.0 0 0 0.0 0.0 0.0 0 1
610.241 2246 340 184.747 477 2 0.243381147435 0.391387559809 0.000889679715302 999 1
2118.0 2118 2118 0.0 0 0 0.0 0.0 0.0 0 1
1974.0 1974 1974 0.0 0 0 0.0 0.0 0.0 0 1
2094.0 2094 2094 0.0 0 0 0.0 0.0 0.0 0 1
2221.0 2229 2213 0.0 0 0 0.0 0.0 0.0 1 1
2204.0 2204 2204 0.0 0 0 0.0 0.0 0.0 0 1
616.096 2227 360 179.957 505 1 0.243429709266 0.401333333333 0.000448833034111 999 1
2076.57142857 2174 2000 2.0 4 0 0.000955586992673 0.00190204469805 0.0 6 1
2052.66666667 2117 1986 1.0 3 0 0.000492340219182 0.00146341463415 0.0 5 1
592.8 2153 330 180.389 527 0 0.246327382333 0.415857605178 0.0 999 1
2266.0 2266 2266 0.0 0 0 0.0 0.0 0.0 0 1
2076.5 2088 2065 0.5 1 0 0.000242013552759 0.000484027105518 0.0 1 1
2114.0 2114 2114 0.0 0 0 0.0 0.0 0.0 0 1
2166.0 2168 2164 0.0 0 0 0.0 0.0 0.0 1 1
596.265 2097 356 179.18 438 2 0.24431180219 0.423861852433 0.000962000962001 999 1
2209.5 2229 2190 0.5 1 0 0.000228206298494 0.000456412596988 0.0 1 1
2236.0 2288 2184 1.0 2 0 0.000436681222707 0.000873362445415 0.0 1 1
2102.0 2143 2061 0.5 1 0 0.000233208955224 0.000466417910448 0.0 1 1
2078.0 2078 2078 0.0 0 0 0.0 0.0 0.0 0 1
2136.0 2136 2136 0.0 0 0 0.0 0.0 0.0 0 1
560.331 2177 361 177.718 483 2 0.250083266663 0.380480905233 0.00092807424594 999 1
2058.0 2058 2058 0.0 0 0 0.0 0.0 0.0 0 1
2104.66666667 2131 2059 0.666666666667 1 0 0.000313210462421 0.000470588235294 0.0 2 1
2028.0 2028 2028 0.0 0 0 0.0 0.0 0.0 0 1
2090.8 2114 2069 1.4 2 0 0.000666460892103 0.000953743443014 0.0 4 1
2083.0 2106 2060 1.0 2 0 0.000484966052376 0.000969932104753 0.0 1 1
2200.0 2227 2158 0.0 0 0 0.0 0.0 0.0 2 1
1960.0 1963 1957 0.5 1 0 0.000255362614913 0.000510725229826 0.0 1 1
2109.66666667 2246 2006 0.833333333333 2 0 0.000397323620147 0.000960614793468 0.0 11 1
1950.5 1969 1932 1.0 2 0 0.000517063081696 0.00103412616339 0.0 1 1
2153.0 2223 2073 0.0 0 0 0.0 0.0 0.0 3 1
2052.5 2064 2041 0.5 1 0 0.000242130750605 0.000484261501211 0.0 1 1
1975.0 1975 1975 0.0 0 0 0.0 0.0 0.0 0 1
1905.0 1956 1854 0.5 1 0 0.000269541778976 0.000539083557951 0.0 1 1
2029.0 2032 2026 0.0 0 0 0.0 0.0 0.0 1 1
2035.0 2111 1917 0.5 1 0 0.000239319446277 0.000483792936623 0.0 3 1
2062.0 2099 2000 0.333333333333 1 0 0.000166583374979 0.000499750124938 0.0 2 1
2040.0 2040 2040 0.0 0 0 0.0 0.0 0.0 0 1
2131.0 2131 2131 0.0 0 0 0.0 0.0 0.0 0 1
2073.0 2073 2073 0.0 0 0 0.0 0.0 0.0 0 1
2200.0 2200 2200 0.0 0 0 0.0 0.0 0.0 0 1
2022.0 2022 2022 0.0 0 0 0.0 0.0 0.0 0 1
2078.33333333 2108 2061 0.333333333333 1 0 0.000161264312208 0.000483792936623 0.0 2 1
2274.0 2274 2274 0.0 0 0 0.0 0.0 0.0 0 1
2124.0 2124 2124 0.0 0 0 0.0 0.0 0.0 0 1
1978.0 2050 1901 1.6 3 0 0.000800032199706 0.0015143866734 0.0 4 1
2134.0 2178 2090 0.0 0 0 0.0 0.0 0.0 1 1
2118.5 2137 2103 0.0 0 0 0.0 0.0 0.0 3 1
2210.0 2210 2210 0.0 0 0 0.0 0.0 0.0 0 1
2207.5 2212 2203 0.0 0 0 0.0 0.0 0.0 1 1
1947.66666667 1998 1918 0.0 0 0 0.0 0.0 0.0 2 1
1964.0 1982 1946 0.0 0 0 0.0 0.0 0.0 1 1
2234.0 2234 2234 0.0 0 0 0.0 0.0 0.0 0 1
2137.0 2154 2120 0.5 1 0 0.000232018561485 0.00046403712297 0.0 1 1
2096.0 2096 2096 0.0 0 0 0.0 0.0 0.0 0 1
2095.0 2095 2095 0.0 0 0 0.0 0.0 0.0 0 1
2202.0 2202 2202 0.0 0 0 0.0 0.0 0.0 0 1
2049.5 2060 2039 0.5 1 0 0.000245098039216 0.000490196078431 0.0 1 1
2045.33333333 2106 2007 2.16666666667 3 0 0.00105213041454 0.00148441365661 0.0 5 1
2089.0 2089 2089 0.0 0 0 0.0 0.0 0.0 0 1
1973.75 2029 1931 0.25 1 0 0.000129399585921 0.000517598343685 0.0 3 1
1932.0 1932 1932 0.0 0 0 0.0 0.0 0.0 0 1
1885.33333333 1924 1855 0.5 2 0 0.000266207608124 0.0010593220339 0.0 5 1
2024.0 2024 2024 0.0 0 0 0.0 0.0 0.0 0 1
2067.0 2071 2063 0.5 1 0 0.000242248062016 0.000484496124031 0.0 1 1
1974.25 2024 1948 1.75 3 0 0.000885270227072 0.00152827305145 0.0 3 1
2079.0 2088 2070 0.5 1 0 0.000239348970799 0.000478697941599 0.0 1 1
2164.25 2207 2125 1.75 3 0 0.000805492992864 0.00135746606335 0.0 3 1
2084.4 2110 2037 0.8 1 0 0.000383398905408 0.000490677134446 0.0 4 1
2019.16666667 2193 1899 1.41666666667 4 0 0.000702481973854 0.00193986420951 0.0 11 1
1964.0 1964 1964 0.0 0 0 0.0 0.0 0.0 0 1
2089.36363636 2226 2023 0.818181818182 2 0 0.000391760383672 0.000968054211036 0.0 10 1
1893.0 1910 1871 0.8 1 0 0.000423036456788 0.000534188034188 0.0 4 1
2065.0 2065 2065 0.0 0 0 0.0 0.0 0.0 0 1
2113.0 2125 2101 0.0 0 0 0.0 0.0 0.0 1 1
2088.0 2088 2088 0.0 0 0 0.0 0.0 0.0 0 1
2029.5 2041 2018 0.5 1 0 0.000247647350173 0.000495294700347 0.0 1 1
615.903 2041 254 176.154 515 1 0.242584043921 0.454421768707 0.000513083632632 999 1
2169.6 2212 2125 0.8 2 0 0.000364943866178 0.000903342366757 0.0 4 1
546.486 2027 288 167.75 412 2 0.252654625081 0.424619640387 0.000985707244948 999 1
2168.0 2168 2168 0.0 0 0 0.0 0.0 0.0 0 1
581.242 2161 351 185.972 531 2 0.252937823746 0.40892641737 0.000961538461538 999 1
1969.0 1969 1969 0.0 0 0 0.0 0.0 0.0 0 1
1966.81818182 2004 1925 0.454545454545 1 0 0.000230411059399 0.000515995872033 0.0 10 1
2273.0 2273 2273 0.0 0 0 0.0 0.0 0.0 0 1
2028.5 2077 1980 0.5 1 0 0.000240615976901 0.000481231953802 0.0 1 1
588.867 2204 328 175.617 502 1 0.242622856101 0.417246175243 0.000475059382423 999 1
2050.83333333 2093 2026 1.16666666667 2 0 0.000567743833656 0.000986193293886 0.0 5 1
2070.5 2071 2070 1.0 2 0 0.000482625482625 0.000965250965251 0.0 1 1
2320.0 2320 2320 0.0 0 0 0.0 0.0 0.0 0 1
2028.5 2072 1985 0.5 1 0 0.000251762336354 0.000503524672709 0.0 1 1
1963.0 1963 1963 0.0 0 0 0.0 0.0 0.0 0 1
2107.0 2107 2107 0.0 0 0 0.0 0.0 0.0 0 1
1977.0 1977 1977 0.0 0 0 0.0 0.0 0.0 0 1
1946.0 2011 1881 0.0 0 0 0.0 0.0 0.0 1 1
2170.5 2200 2141 0.0 0 0 0.0 0.0 0.0 1 1
2049.0 2049 2049 0.0 0 0 0.0 0.0 0.0 0 1
1958.0 1958 1958 0.0 0 0 0.0 0.0 0.0 0 1
1969.0 1996 1923 1.0 2 0 0.000501925417439 0.00100502512563 0.0 2 1
2085.2 2148 1999 1.0 3 0 0.000471340264808 0.00139470013947 0.0 4 1
2083.16666667 2156 2003 0.666666666667 1 0 0.000322099648793 0.000499001996008 0.0 5 1
2143.0 2182 2094 0.75 1 0 0.00034721668008 0.000470588235294 0.0 3 1
1917.66666667 1927 1902 0.666666666667 2 0 0.000345602211854 0.00103680663556 0.0 2 1
2112.5 2130 2095 0.0 0 0 0.0 0.0 0.0 1 1
1972.0 1972 1972 0.0 0 0 0.0 0.0 0.0 0 1
2095.0 2095 2095 0.0 0 0 0.0 0.0 0.0 0 1
2119.0 2119 2119 0.0 0 0 0.0 0.0 0.0 0 1
2124.0 2124 2124 0.0 0 0 0.0 0.0 0.0 0 1
2168.0 2168 2168 0.0 0 0 0.0 0.0 0.0 0 1
2005.0 2005 2005 0.0 0 0 0.0 0.0 0.0 0 1
2015.0 2044 1986 0.5 1 0 0.000251635631605 0.000503271263211 0.0 1 1
1949.66666667 1992 1921 0.0 0 0 0.0 0.0 0.0 2 1
2014.33333333 2057 1989 0.666666666667 1 0 0.000334337687772 0.000502512562814 0.0 2 1
2062.0 2062 2062 0.0 0 0 0.0 0.0 0.0 0 1
2100.5 2143 2036 1.125 3 0 0.000529111098524 0.00141043723554 0.0 7 1
1907.0 1907 1907 0.0 0 0 0.0 0.0 0.0 0 1
541.252 2073 336 167.137 435 1 0.248883096604 0.407303370787 0.000482160077146 999 1
2116.16666667 2234 2026 1.41666666667 3 0 0.000665833408014 0.00143472022956 0.0 11 1
594.198 2076 331 167.124 446 0 0.236395825479 0.410344827586 0.0 999 1
2126.33333333 2171 2067 0.666666666667 2 0 0.00031168428402 0.00093896713615 0.0 8 1
2120.5 2126 2115 1.5 3 0 0.00070821529745 0.0014164305949 0.0 1 1
2090.0 2090 2090 0.0 0 0 0.0 0.0 0.0 0 1
2168.0 2203 2133 0.0 0 0 0.0 0.0 0.0 1 1
2118.0 2118 2118 0.0 0 0 0.0 0.0 0.0 0 1
2244.0 2304 2208 0.333333333333 1 0 0.0001500825454 0.0004502476362 0.0 2 1
2184.0 2184 2184 0.0 0 0 0.0 0.0 0.0 0 1
2050.0 2050 2050 0.0 0 0 0.0 0.0 0.0 0 1
2178.75 2234 2130 1.0 2 0 0.000459808526293 0.00093808630394 0.0 3 1
2104.0 2104 2104 0.0 0 0 0.0 0.0 0.0 0 1
2037.0 2086 2001 1.0 2 0 0.000483893855541 0.00095785440613 0.0 2 1
2094.0 2133 2055 0.5 1 0 0.000234301780694 0.000468603561387 0.0 1 1
1938.0 1998 1878 0.5 1 0 0.000250125062531 0.000500250125063 0.0 1 1
1986.0 1986 1986 0.0 0 0 0.0 0.0 0.0 0 1
2127.0 2127 2127 0.0 0 0 0.0 0.0 0.0 0 1
2167.0 2167 2167 0.0 0 0 0.0 0.0 0.0 0 1
2290.66666667 2353 2256 0.333333333333 1 0 0.000141602945341 0.000424808836024 0.0 2 1
2039.0 2104 1977 0.5 1 0 0.000240360176345 0.000486381322957 0.0 3 1
2000.0 2075 1922 0.333333333333 1 0 0.000160565189467 0.000481695568401 0.0 2 1
2035.0 2035 2035 0.0 0 0 0.0 0.0 0.0 0 1
2143.0 2143 2143 0.0 0 0 0.0 0.0 0.0 0 1
2012.66666667 2045 1977 0.0 0 0 0.0 0.0 0.0 2 1
2088.0 2088 2088 0.0 0 0 0.0 0.0 0.0 0 1
2147.0 2178 2116 0.5 1 0 0.000229463056448 0.000458926112896 0.0 1 1
1946.66666667 2031 1868 0.444444444444 2 0 0.000221542235245 0.00100200400802 0.0 8 1
2067.0 2092 2032 1.33333333333 3 0 0.000641288274106 0.00143198090692 0.0 2 1
2074.0 2074 2074 0.0 0 0 0.0 0.0 0.0 0 1
2128.5 2162 2072 0.5 1 0 0.000234101558939 0.000473709142586 0.0 5 1
1955.5 1975 1936 0.5 1 0 0.000258131130614 0.000516262261229 0.0 1 1
1915.0 1921 1909 0.5 1 0 0.000261780104712 0.000523560209424 0.0 1 1
2100.0 2100 2100 0.0 0 0 0.0 0.0 0.0 0 1
2065.0 2125 2004 0.5 1 0 0.000241841285704 0.000498753117207 0.0 5 1
584.98 1996 296 163.978 490 0 0.240266284512 0.390551181102 0.0 999 1
2207.0 2207 2207 0.0 0 0 0.0 0.0 0.0 0 1
2035.0 2035 2035 0.0 0 0 0.0 0.0 0.0 0 1
2118.0 2118 2118 0.0 0 0 0.0 0.0 0.0 0 1
563.899 2042 249 175.599 373 2 0.246774513844 0.43595505618 0.000978473581213 999 1
2026.0 2026 2026 0.0 0 0 0.0 0.0 0.0 0 1
1796.66666667 1812 1770 0.666666666667 1 0 0.00036812119257 0.000552791597568 0.0 2 1
2175.5 2177 2174 0.0 0 0 0.0 0.0 0.0 1 1
1972.5 1994 1953 1.25 3 0 0.000636626103882 0.00153374233129 0.0 3 1
1855.0 1855 1855 0.0 0 0 0.0 0.0 0.0 0 1
2097.4 2137 2060 1.0 2 0 0.000473073389663 0.000935016362786 0.0 4 1
2082.0 2082 2082 0.0 0 0 0.0 0.0 0.0 0 1
2083.5 2115 2052 0.0 0 0 0.0 0.0 0.0 1 1
583.64 2274 309 183.669 501 1 0.25218308046 0.438105489774 0.00043956043956 999 1
2008.5 2011 2006 0.5 1 0 0.000249128051819 0.000498256103637 0.0 1 1
2115.0 2147 2083 1.0 2 0 0.000479616306954 0.000959232613909 0.0 1 1
2018.0 2065 1971 0.5 1 0 0.000242013552759 0.000484027105518 0.0 1 1
1937.5 1958 1917 0.5 1 0 0.000260688216893 0.000521376433785 0.0 1 1
2063.8 2075 2051 0.6 1 0 0.000290188630653 0.000486854917235 0.0 4 1
1951.33333333 2022 1855 0.0 0 0 0.0 0.0 0.0 2 1
2021.0 2021 2021 0.0 0 0 0.0 0.0 0.0 0 1
1999.5 2008 1991 0.5 1 0 0.000251004016064 0.000502008032129 0.0 1 1
1972.0 1998 1913 0.6 1 0 0.00030479385952 0.000522466039707 0.0 4 1
2000.0 2000 2000 0.0 0 0 0.0 0.0 0.0 0 1
2159.0 2159 2159 0.0 0 0 0.0 0.0 0.0 0 1
1990.5 2019 1961 0.75 2 0 0.000374499378287 0.000989609104404 0.0 3 1
2086.5 2121 2052 0.0 0 0 0.0 0.0 0.0 1 1
607.6 2088 310 174.618 436 0 0.238734095314 0.404761904762 0.0 999 1
2234.0 2234 2234 0.0 0 0 0.0 0.0 0.0 0 1
2164.5 2275 2087 0.5 1 0 0.000228663120544 0.000475285171103 0.0 3 1
1924.6 2004 1876 1.0 3 0 0.000507286995516 0.00149476831091 0.0 4 1
2163.0 2231 2101 0.6 2 0 0.000279309541207 0.000920810313076 0.0 4 1
2177.0 2209 2133 0.0 0 0 0.0 0.0 0.0 2 1
1974.0 2028 1941 0.333333333333 1 0 0.000164284540825 0.000492853622474 0.0 2 1
1994.42857143 2040 1972 0.571428571429 2 0 0.000284076353182 0.000979431929481 0.0 6 1
2015.0 2015 2015 0.0 0 0 0.0 0.0 0.0 0 1
2035.0 2044 2026 0.5 1 0 0.000244498777506 0.000488997555012 0.0 1 1
2065.0 2065 2065 0.0 0 0 0.0 0.0 0.0 0 1
2241.33333333 2269 2195 0.666666666667 1 0 0.00029427027013 0.000442282176028 0.0 2 1
2076.0 2145 2010 0.5 3 0 0.000234192037471 0.00140515222482 0.0 5 1
1985.0 2040 1929 0.833333333333 2 0 0.000421703024855 0.00103573278094 0.0 5 1
2101.0 2193 2000 0.0 0 0 0.0 0.0 0.0 5 1
2130.0 2130 2130 0.0 0 0 0.0 0.0 0.0 0 1
2143.0 2148 2138 1.0 2 0 0.00046511627907 0.00093023255814 0.0 1 1
2122.0 2156 2095 0.6 1 0 0.000284993988337 0.000477099236641 0.0 4 1
2120.75 2186 2089 0.875 2 0 0.000411476137917 0.000946521533365 0.0 7 1
2114.0 2114 2114 0.0 0 0 0.0 0.0 0.0 0 1
1973.875 2054 1872 1.375 3 0 0.000693746210175 0.00157232704403 0.0 7 1
571.827 1993 281 179.738 461 3 0.248323237819 0.388816644993 0.00150300601202 999 1
1914.0625 2014 1809 2.6875 9 0 0.00138904377916 0.00459183673469 0.0 15 1
2007.0 2007 2007 0.0 0 0 0.0 0.0 0.0 0 1
2102.75 2154 2043 0.0 0 0 0.0 0.0 0.0 3 1
2001.25 2075 1948 0.5 1 0 0.00025295918746 0.000513083632632 0.0 3 1
1965.5 2074 1860 0.25 1 0 0.000120481927711 0.000481927710843 0.0 3 1
2156.0 2156 2156 0.0 0 0 0.0 0.0 0.0 0 1
601.7 2185 321 169.103 419 1 0.231637952291 0.42928452579 0.000473260766682 999 1
1948.75 1991 1892 0.25 1 0 0.000125502008032 0.000502008032129 0.0 3 1
2251.0 2251 2251 0.0 0 0 0.0 0.0 0.0 0 1
2064.375 2176 1997 1.125 3 0 0.000535772716624 0.00141309467734 0.0 7 1
2029.33333333 2068 2007 0.333333333333 1 0 0.000161108425971 0.000483325277912 0.0 2 1
2046.0 2075 2018 0.666666666667 2 0 0.00032097576633 0.000962927298989 0.0 2 1
595.777 2094 321 176.622 471 1 0.243809062935 0.397759103641 0.000477326968974 999 1
2025.15384615 2121 1928 2.38461538462 5 0 0.0011957741102 0.0025826446281 0.0 12 1
2116.0 2116 2116 0.0 0 0 0.0 0.0 0.0 0 1
2041.5 2057 2026 0.0 0 0 0.0 0.0 0.0 1 1
2119.0 2151 2087 0.5 1 0 0.000232342007435 0.00046468401487 0.0 1 1
542.092 2048 318 176.762 503 4 0.25503825202 0.419661733615 0.00199401794616 999 1
580.977 2137 349 177.189 350 0 0.247734646068 0.414091470952 0.0 999 1
1993.33333333 2001 1984 0.333333333333 1 0 0.0001665001665 0.0004995004995 0.0 2 1
2086.0 2086 2086 0.0 0 0 0.0 0.0 0.0 0 1
2074.0 2074 2074 0.0 0 0 0.0 0.0 0.0 0 1
2052.0 2052 2052 0.0 0 0 0.0 0.0 0.0 0 1
2012.0 2075 1975 0.666666666667 1 0 0.000329256147632 0.000506072874494 0.0 2 1
2013.0 2013 2013 0.0 0 0 0.0 0.0 0.0 0 1
2093.0 2119 2067 0.0 0 0 0.0 0.0 0.0 1 1
2098.0 2098 2098 0.0 0 0 0.0 0.0 0.0 0 1
1950.0 1950 1950 0.0 0 0 0.0 0.0 0.0 0 1
2121.5 2149 2094 0.0 0 0 0.0 0.0 0.0 1 1
2023.0 2078 1968 0.0 0 0 0.0 0.0 0.0 1 1
2011.0 2011 2011 0.0 0 0 0.0 0.0 0.0 0 1
1865.0 1865 1865 0.0 0 0 0.0 0.0 0.0 0 1
2132.0 2168 2096 0.0 0 0 0.0 0.0 0.0 1 1
2024.45454545 2065 1925 0.909090909091 2 0 0.000446626058161 0.000999000999001 0.0 10 1
2173.0 2173 2173 0.0 0 0 0.0 0.0 0.0 0 1
542.599 2117 293 165.809 532 2 0.246295396614 0.447577092511 0.000943841434639 999 1
2203.75 2258 2147 0.75 1 0 0.000339314418335 0.000465549348231 0.0 3 1
2129.5 2170 2089 0.5 1 0 0.000230308613542 0.000460617227084 0.0 1 1
2062.0 2062 2062 0.0 0 0 0.0 0.0 0.0 0 1
2065.75 2095 1999 0.75 2 0 0.000357938293647 0.000954653937947 0.0 3 1
2126.0 2126 2126 0.0 0 0 0.0 0.0 0.0 0 1
2115.2 2170 2050 0.4 1 0 0.000188019594691 0.00047258979206 0.0 4 1
2122.0 2122 2122 0.0 0 0 0.0 0.0 0.0 0 1
1941.0 1953 1925 1.0 2 0 0.000512297505802 0.00102301790281 0.0 2 1
2074.0 2074 2074 0.0 0 0 0.0 0.0 0.0 0 1
1982.07142857 2071 1894 1.35714285714 3 0 0.00068602147297 0.00154878678369 0.0 13 1
2225.0 2303 2176 0.5 1 0 0.000223343876002 0.000459347726229 0.0 3 1
2219.0 2219 2219 0.0 0 0 0.0 0.0 0.0 0 1
1964.08333333 2076 1834 1.08333333333 4 0 0.000544167381456 0.00204081632653 0.0 23 1
2040.83333333 2094 2005 0.5 1 0 0.000246078470376 0.000497512437811 0.0 5 1
1960.0 1983 1937 0.5 1 0 0.000252016129032 0.000504032258065 0.0 1 1
1926.6 2019 1872 0.4 1 0 0.00021069278362 0.000527148128624 0.0 4 1
608.048 2145 348 179.823 455 1 0.238207578247 0.460317460317 0.00048309178744 999 1
574.161 2205 335 176.873 474 1 0.246893190804 0.425790754258 0.000453309156845 999 1
2069.46153846 2215 1906 0.923076923077 2 0 0.000436833021765 0.000984736582964 0.0 12 1
2026.66666667 2043 2017 0.666666666667 1 0 0.000328013780936 0.000494804552202 0.0 2 1
2094.0 2094 2094 0.0 0 0 0.0 0.0 0.0 0 1
2015.0 2084 1918 0.333333333333 1 0 0.000163078930202 0.000489236790607 0.0 2 1
2039.66666667 2086 2007 0.0 0 0 0.0 0.0 0.0 2 1
633.424 2155 330 176.421 561 0 0.229837478554 0.469696969697 0.0 999 1
2125.75 2145 2096 0.5 2 0 0.000235515779557 0.000942063118229 0.0 3 1
2160.5 2177 2144 0.0 0 0 0.0 0.0 0.0 1 1
2122.0 2122 2122 0.0 0 0 0.0 0.0 0.0 0 1
1976.66666667 2027 1883 1.22222222222 3 0 0.000615552900027 0.00149700598802 0.0 8 1
2067.0 2067 2067 0.0 0 0 0.0 0.0 0.0 0 1
2085.0 2085 2085 0.0 0 0 0.0 0.0 0.0 0 1
2095.0 2114 2078 0.666666666667 1 0 0.000316789385862 0.000477554918816 0.0 2 1
2222.0 2222 2222 0.0 0 0 0.0 0.0 0.0 0 1
629.916 2068 397 184.203 474 0 0.239326416918 0.402869757174 0.0 999 1
1966.0 1966 1966 0.0 0 0 0.0 0.0 0.0 0 1
1989.0 2040 1897 0.75 1 0 0.000371198113099 0.000501253132832 0.0 3 1
2004.5 2029 1974 0.0 0 0 0.0 0.0 0.0 3 1
1894.0 1894 1894 0.0 0 0 0.0 0.0 0.0 0 1
2084.0 2095 2064 0.333333333333 1 0 0.000159184972939 0.000477554918816 0.0 2 1
2191.5 2217 2166 0.5 1 0 0.000225428313796 0.000450856627592 0.0 1 1
2058.72727273 2161 1962 0.909090909091 2 0 0.000426804697725 0.000945626477541 0.0 10 1
2052.33333333 2106 2022 0.833333333333 3 0 0.000406460498193 0.00147347740668 0.0 5 1
2103.0 2103 2103 0.0 0 0 0.0 0.0 0.0 0 1
2031.5 2038 2025 0.0 0 0 0.0 0.0 0.0 1 1
2251.5 2266 2237 0.0 0 0 0.0 0.0 0.0 1 1
2036.0 2036 2036 0.0 0 0 0.0 0.0 0.0 0 1
1955.0 2082 1819 1.0 3 0 0.000504911799657 0.00159404888417 0.0 11 1
2134.0 2139 2129 0.5 1 0 0.000234741784038 0.000469483568075 0.0 1 1
2159.0 2159 2159 0.0 0 0 0.0 0.0 0.0 0 1
608.403 2112 320 154.958 511 1 0.232037540821 0.481074481074 0.000473260766682 999 1
1828.26923077 2007 1649 2.07692307692 6 0 0.00112693437687 0.00323450134771 0.0 25 1
2147.0 2147 2147 0.0 0 0 0.0 0.0 0.0 0 1
2151.0 2151 2151 0.0 0 0 0.0 0.0 0.0 0 1
2074.0 2106 2042 0.5 1 0 0.000237304224015 0.00047460844803 0.0 1 1
2013.0 2036 1990 0.5 1 0 0.000245459008346 0.000490918016691 0.0 1 1
2062.0 2147 1978 1.25 2 0 0.000604590585029 0.00099850224663 0.0 7 1
2025.5 2061 1983 0.333333333333 2 0 0.000161576991436 0.000969461948619 0.0 5 1
2081.0 2191 1998 1.16666666667 2 0 0.000551017066487 0.0009765625 0.0 5 1
2230.0 2230 2230 0.0 0 0 0.0 0.0 0.0 0 1
2118.75 2161 2041 0.0 0 0 0.0 0.0 0.0 3 1
1994.0 2015 1960 0.666666666667 1 0 0.000331346571386 0.000498007968127 0.0 2 1
2013.0 2013 2013 0.0 0 0 0.0 0.0 0.0 0 1
2137.42857143 2168 2066 0.571428571429 1 0 0.000266183896998 0.000473933649289 0.0 6 1
1931.0 1942 1920 0.5 1 0 0.000257334019557 0.000514668039115 0.0 1 1
1956.0 1956 1956 0.0 0 0 0.0 0.0 0.0 0 1
2105.5 2126 2085 0.0 0 0 0.0 0.0 0.0 1 1
1956.4 1991 1905 0.8 2 0 0.000403078586115 0.00100654252642 0.0 4 1
2231.0 2231 2231 0.0 0 0 0.0 0.0 0.0 0 1
2040.66666667 2104 1965 1.16666666667 2 0 0.000566243227578 0.000957395883198 0.0 5 1
1915.0 1915 1915 0.0 0 0 0.0 0.0 0.0 0 1
2138.7 2234 2049 0.8 3 0 0.000371731127316 0.00138888888889 0.0 9 1
1991.0 1991 1991 0.0 0 0 0.0 0.0 0.0 0 1
2211.0 2211 2211 0.0 0 0 0.0 0.0 0.0 0 1
2099.0 2099 2099 0.0 0 0 0.0 0.0 0.0 0 1
1848.0 1885 1811 0.5 1 0 0.000265111346766 0.000530222693531 0.0 1 1
2085.0 2120 2031 0.333333333333 1 0 0.000157158573 0.000471475719 0.0 2 1
2058.75 2088 2029 0.75 1 0 0.000364068707853 0.000492610837438 0.0 3 1
2063.2 2083 2045 0.8 2 0 0.000388923528472 0.000968054211036 0.0 4 1
2070.33333333 2107 2045 1.0 2 0 0.000477917876998 0.00094831673779 0.0 2 1
2055.0 2055 2055 0.0 0 0 0.0 0.0 0.0 0 1
613.513 2118 296 175.264 423 1 0.243593428165 0.407660738714 0.000488758553275 999 1
2161.5 2167 2156 0.0 0 0 0.0 0.0 0.0 1 1
2210.0 2220 2204 0.0 0 0 0.0 0.0 0.0 2 1
2175.33333333 2205 2156 0.666666666667 2 0 0.000307644977696 0.000922934933087 0.0 2 1
2091.0 2091 2091 0.0 0 0 0.0 0.0 0.0 0 1
2092.0 2097 2087 0.5 1 0 0.000239463601533 0.000478927203065 0.0 1 1
2048.36363636 2093 1996 1.09090909091 4 0 0.000533461940104 0.00196367206676 0.0 10 1
2002.33333333 2008 1994 0.666666666667 2 0 0.000334001336005 0.00100200400802 0.0 2 1
1923.5 1987 1828 0.5 1 0 0.000257717308616 0.000522739153163 0.0 3 1
2066.81818182 2133 1948 0.818181818182 2 0 0.000391893383809 0.000940291490362 0.0 10 1
1854.5 1893 1813 0.5 2 0 0.000263852242744 0.00105540897098 0.0 3 1
2189.0 2189 2189 0.0 0 0 0.0 0.0 0.0 0 1
1957.0 1957 1957 0.0 0 0 0.0 0.0 0.0 0 1
2218.0 2218 2218 0.0 0 0 0.0 0.0 0.0 0 1
632.78 2143 363 179.529 399 1 0.236131290263 0.397278911565 0.000493827160494 999 1
1981.57142857 2051 1839 1.14285714286 2 0 0.000567604928645 0.000981354268891 0.0 6 1
1977.0 2012 1942 0.0 0 0 0.0 0.0 0.0 1 1
2048.5 2054 2043 0.5 1 0 0.000243309002433 0.000486618004866 0.0 1 1
1850.4 1894 1794 0.6 1 0 0.000324720130601 0.000557103064067 0.0 4 1
1965.0 1965 1965 0.0 0 0 0.0 0.0 0.0 0 1
2079.25 2118 2031 0.5 1 0 0.000243687866719 0.000492125984252 0.0 3 1
2020.5 2095 1947 0.666666666667 2 0 0.000329022024065 0.000995024875622 0.0 5 1
563.616 2113 292 173.448 325 1 0.250901973807 0.422261484099 0.000473036896878 999 1
2044.0 2044 2044 0.0 0 0 0.0 0.0 0.0 0 1
2055.0 2055 2055 0.0 0 0 0.0 0.0 0.0 0 1
2125.75 2171 2090 0.75 1 0 0.000350730620433 0.000472813238771 0.0 3 1
2118.0 2174 2047 1.2 3 0 0.000563479579994 0.00141843971631 0.0 4 1
2082.0 2082 2082 0.0 0 0 0.0 0.0 0.0 0 1
2052.4 2094 2023 0.2 1 0 9.54653937947e-05 0.000477326968974 0.0 4 1
2120.0 2120 2120 0.0 0 0 0.0 0.0 0.0 0 1
2140.0 2140 2140 0.0 0 0 0.0 0.0 0.0 0 1
1945.14814815 2094 1834 2.88888888889 10 0 0.0014933436131 0.00498256103637 0.0 26 1
1945.5 2010 1892 1.0 4 0 0.000512364502092 0.00202839756592 0.0 5 1
2109.0 2109 2109 0.0 0 0 0.0 0.0 0.0 0 1
1961.0 1961 1961 0.0 0 0 0.0 0.0 0.0 0 1
2036.5 2067 2006 0.5 1 0 0.000241779497099 0.000483558994197 0.0 1 1
2139.0 2139 2139 0.0 0 0 0.0 0.0 0.0 0 1
1967.76470588 2090 1876 0.705882352941 2 0 0.000357613348685 0.0010272213662 0.0 16 1
1882.0 1914 1850 0.5 1 0 0.000270124257158 0.000540248514317 0.0 1 1
2226.25 2251 2206 0.75 2 0 0.000337461708755 0.000905797101449 0.0 3 1
2023.0 2068 1966 0.8 2 0 0.000393659645714 0.000977995110024 0.0 4 1
2027.5 2055 2000 0.5 1 0 0.000249875062469 0.000499750124938 0.0 1 1
594.353 2019 324 179.806 482 1 0.243926450235 0.398639455782 0.00049504950495 999 1
2132.0 2183 2061 0.666666666667 1 0 0.000316478078769 0.000484966052376 0.0 2 1
573.09 2155 296 178.869 474 1 0.248450019401 0.423897581792 0.000470809792844 999 1
2181.625 2223 2124 1.125 4 0 0.000520374782663 0.00185528756957 0.0 7 1
2165.0 2185 2145 0.5 1 0 0.000232991612302 0.000465983224604 0.0 1 1
2147.0 2147 2147 0.0 0 0 0.0 0.0 0.0 0 1
2027.0 2027 2027 0.0 0 0 0.0 0.0 0.0 0 1
2043.4 2071 2007 0.4 2 0 0.000196656833825 0.000983284169125 0.0 4 1
1840.71428571 2008 1745 1.42857142857 4 0 0.000790191537232 0.00228702115495 0.0 6 1
2036.5 2057 2004 0.75 1 0 0.000368894945768 0.000498753117207 0.0 3 1
2108.83333333 2192 1998 1.5 3 0 0.000704629654052 0.00138121546961 0.0 11 1
2166.0 2195 2137 0.5 1 0 0.000233863423761 0.000467726847521 0.0 1 1
556.006 2054 310 166.174 527 0 0.242605928579 0.407352941176 0.0 999 1
2040.5 2042 2039 0.5 1 0 0.000244738130201 0.000489476260401 0.0 1 1
1983.0 1983 1983 0.0 0 0 0.0 0.0 0.0 0 1
578.525 2143 345 177.234 450 0 0.245019169081 0.400293255132 0.0 999 1
1976.0 2066 1910 0.888888888889 3 0 0.00044194509638 0.00144997583374 0.0 8 1
2105.0 2105 2105 0.0 0 0 0.0 0.0 0.0 0 1
629.302 2090 401 170.925 388 0 0.223013152591 0.363241678726 0.0 999 1
1887.09090909 1950 1830 2.0 5 0 0.00106389868248 0.00268528464017 0.0 10 1
588.194 2148 304 174.348 424 1 0.244601071222 0.425157232704 0.000480769230769 999 1
2104.0 2104 2104 0.0 0 0 0.0 0.0 0.0 0 1
2164.5 2188 2132 0.5 1 0 0.000231413214048 0.000468823253633 0.0 3 1
2109.0 2109 2109 0.0 0 0 0.0 0.0 0.0 0 1
2053.0 2103 1939 1.08333333333 3 0 0.000527316299876 0.00144161460836 0.0 11 1
1981.83333333 2024 1887 0.5 2 0 0.000248472688929 0.000997008973081 0.0 5 1
634.754 2215 361 184.481 445 0 0.239914264112 0.384615384615 0.0 999 1
1993.0 1993 1993 0.0 0 0 0.0 0.0 0.0 0 1
1990.0 1990 1990 0.0 0 0 0.0 0.0 0.0 0 1
2116.0 2169 2043 0.0 0 0 0.0 0.0 0.0 2 1
2008.0 2008 2008 0.0 0 0 0.0 0.0 0.0 0 1
2120.0 2161 2077 0.0 0 0 0.0 0.0 0.0 2 1
2121.66666667 2212 1991 1.33333333333 3 0 0.000618299166554 0.00140318054256 0.0 8 1
605.115 2204 338 184.74 693 1 0.244113143163 0.49710982659 0.000453514739229 999 1
2066.33333333 2114 2039 0.333333333333 1 0 0.00016283992835 0.000488519785051 0.0 2 1
2202.0 2202 2202 0.0 0 0 0.0 0.0 0.0 0 1
594.178 2009 322 180.838 394 1 0.247218271932 0.396226415094 0.000497512437811 999 1
2185.5 2245 2133 0.25 1 0 0.000111308993767 0.000445235975067 0.0 3 1
2072.0 2105 2039 0.5 1 0 0.000237416904084 0.000474833808167 0.0 1 1
1986.0 1986 1986 0.0 0 0 0.0 0.0 0.0 0 1
1934.36363636 2024 1827 2.72727272727 8 0 0.00139149931898 0.00408163265306 0.0 10 1
578.504 2049 296 185.902 522 1 0.252191746386 0.422159887798 0.000496277915633 999 1
2020.0 2020 2020 0.0 0 0 0.0 0.0 0.0 0 1
2122.0 2122 2122 0.0 0 0 0.0 0.0 0.0 0 1
2227.0 2250 2204 0.5 1 0 0.000224420179041 0.000450653447499 0.0 3 1
1997.33333333 2038 1937 1.0 2 0 0.000493675296389 0.000990589400693 0.0 2 1
2119.0 2119 2119 0.0 0 0 0.0 0.0 0.0 0 1
2130.0 2130 2130 0.0 0 0 0.0 0.0 0.0 0 1
2029.36363636 2122 1934 0.818181818182 2 0 0.000403966013411 0.00103305785124 0.0 10 1
2165.0 2165 2165 0.0 0 0 0.0 0.0 0.0 0 1
2132.0 2132 2132 0.0 0 0 0.0 0.0 0.0 0 1
2163.0 2163 2163 0.0 0 0 0.0 0.0 0.0 0 1
2007.0 2007 2007 0.0 0 0 0.0 0.0 0.0 0 1
1888.0 1888 1888 0.0 0 0 0.0 0.0 0.0 0 1
2137.0 2137 2137 0.5 1 0 0.000233863423761 0.000467726847521 0.0 1 1
625.571 2033 380 176.825 548 1 0.235990435542 0.447558770344 0.0005 999 1
2004.0 2004 2004 0.0 0 0 0.0 0.0 0.0 0 1
607.258 1943 323 183.17 392 1 0.245132213334 0.414435389988 0.000537923614847 999 1
2008.06666667 2154 1887 1.4 4 0 0.000683029876689 0.0019147917664 0.0 14 1
2171.66666667 2177 2162 0.0 0 0 0.0 0.0 0.0 2 1
2140.75 2167 2112 0.5 1 0 0.000233332462284 0.000470366886171 0.0 3 1
2068.0 2123 2012 0.333333333333 1 0 0.000156936597615 0.000470809792844 0.0 2 1
2147.0 2147 2147 0.0 0 0 0.0 0.0 0.0 0 1
2096.0 2096 2096 0.0 0 0 0.0 0.0 0.0 0 1
2144.0 2144 2144 0.0 0 0 0.0 0.0 0.0 0 1
1852.0 1852 1852 0.0 0 0 0.0 0.0 0.0 0 1
2146.0 2146 2146 0.0 0 0 0.0 0.0 0.0 0 1
604.988 2115 346 178.971 525 2 0.239664404253 0.436201780415 0.000963855421687 999 1
1945.42857143 2003 1897 1.0 2 0 0.000509536863605 0.00104384133612 0.0 6 1
2027.625 2079 1979 0.625 2 0 0.000302082597897 0.000962000962001 0.0 7 1
2004.5 2011 1998 0.5 1 0 0.000250125062531 0.000500250125063 0.0 1 1
1908.0 1952 1875 0.333333333333 1 0 0.000175623463295 0.000526870389884 0.0 2 1
2077.0 2077 2077 0.0 0 0 0.0 0.0 0.0 0 1
2080.0 2080 2080 0.0 0 0 0.0 0.0 0.0 0 1
2178.0 2178 2178 0.0 0 0 0.0 0.0 0.0 0 1
2022.0 2022 2022 0.0 0 0 0.0 0.0 0.0 0 1
2115.0 2115 2115 0.0 0 0 0.0 0.0 0.0 0 1
2136.0 2136 2136 0.0 0 0 0.0 0.0 0.0 0 1
2218.0 2218 2218 0.0 0 0 0.0 0.0 0.0 0 1
1855.33333333 1888 1831 0.666666666667 1 0 0.000356835388598 0.000541125541126 0.0 2 1
2031.5 2087 1976 0.0 0 0 0.0 0.0 0.0 1 1
2007.5 2028 1987 0.5 1 0 0.000246426811237 0.000492853622474 0.0 1 1
1954.0 1954 1954 0.0 0 0 0.0 0.0 0.0 0 1
581.14 2074 295 169.287 450 4 0.237194580441 0.415533980583 0.00192492781521 999 1
2068.5 2085 2052 0.5 1 0 0.000239693192713 0.000479386385427 0.0 1 1
1897.5 1920 1875 0.0 0 0 0.0 0.0 0.0 1 1
622.358 2155 383 183.079 462 1 0.238865915609 0.396648044693 0.000463821892393 999 1
2206.75 2250 2149 0.75 1 0 0.000339852071226 0.00046511627907 0.0 3 1
2067.0 2067 2067 0.0 0 0 0.0 0.0 0.0 0 1
2072.33333333 2100 2030 1.0 2 0 0.000476800662994 0.000951474785918 0.0 2 1
2155.0 2155 2155 0.0 0 0 0.0 0.0 0.0 0 1
592.814 2153 287 171.195 518 1 0.240505229552 0.408496732026 0.000467726847521 999 1
2014.66666667 2222 1877 2.47619047619 8 0 0.00120607822527 0.00388349514563 0.0 20 1
2001.0 2001 2001 0.0 0 0 0.0 0.0 0.0 0 1
1963.66666667 1986 1918 1.0 2 0 0.000506046118506 0.00100654252642 0.0 5 1
550.912 2209 292 169.311 555 1 0.248606575197 0.439932318105 0.000452488687783 999 1
2061.0 2061 2061 0.0 0 0 0.0 0.0 0.0 0 1
1883.0 1883 1883 0.0 0 0 0.0 0.0 0.0 0 1
609.253 1952 372 173.247 373 1 0.232710351619 0.377135348226 0.000512032770097 999 1
2179.0 2179 2179 0.0 0 0 0.0 0.0 0.0 0 1
2107.66666667 2181 2032 2.11111111111 5 0 0.00100607348778 0.00230096640589 0.0 8 1
1920.5 1938 1903 0.5 1 0 0.000257864878804 0.000515729757607 0.0 1 1
1976.8 2163 1849 1.4 3 0 0.000692699042777 0.00143953934741 0.0 9 1
2062.66666667 2083 2039 0.0 0 0 0.0 0.0 0.0 2 1
1957.33333333 1973 1934 0.833333333333 2 0 0.000423100002331 0.00101781170483 0.0 5 1
1930.0 1932 1928 0.5 1 0 0.000259201658891 0.000518403317781 0.0 1 1
2014.0 2053 2000 0.25 1 0 0.000124937531234 0.000499750124938 0.0 3 1
2057.33333333 2115 2017 0.333333333333 1 0 0.000163318634656 0.000489955903969 0.0 2 1
1973.0 1973 1973 0.0 0 0 0.0 0.0 0.0 0 1
593.261 2140 383 184.571 511 1 0.246630428492 0.415447154472 0.000473036896878 999 1
2195.66666667 2224 2157 0.333333333333 1 0 0.000149812734082 0.000449438202247 0.0 2 1
2086.5 2144 2043 0.5 1 0 0.000238708839757 0.00048309178744 0.0 7 1
2034.33333333 2132 1938 1.66666666667 3 0 0.000810889563086 0.00149402390438 0.0 8 1
2066.84615385 2142 1940 0.923076923077 2 0 0.00044100699637 0.00098814229249 0.0 12 1
1929.43478261 2083 1791 3.4347826087 10 0 0.00177616485939 0.00516262261229 0.0 22 1
1983.0 2076 1881 1.5 3 0 0.000750679257368 0.00145914396887 0.0 9 1
2236.66666667 2304 2177 0.333333333333 1 0 0.000144613159798 0.000433839479393 0.0 2 1
1984.83333333 2030 1925 0.833333333333 3 0 0.000411362307601 0.0014800197336 0.0 5 1
1984.0 1984 1984 0.0 0 0 0.0 0.0 0.0 0 1
2019.5 2063 1976 0.5 1 0 0.000242248062016 0.000484496124031 0.0 1 1
2054.0 2054 2054 0.0 0 0 0.0 0.0 0.0 0 1
2083.0 2094 2073 0.333333333333 1 0 0.000159108989658 0.000477326968974 0.0 2 1
1971.55555556 2020 1906 1.22222222222 3 0 0.000620192222914 0.0015 0.0 8 1
2061.0 2061 2061 0.0 0 0 0.0 0.0 0.0 0 1
1993.66666667 2039 1956 0.666666666667 1 0 0.000331155780547 0.000503271263211 0.0 2 1
1947.0 1947 1947 0.0 0 0 0.0 0.0 0.0 0 1
2021.0 2021 2021 0.0 0 0 0.0 0.0 0.0 0 1
2067.0 2081 2053 0.0 0 0 0.0 0.0 0.0 1 1
607.535 2160 375 187.657 485 0 0.243749061759 0.421428571429 0.0 999 1
1898.72222222 2069 1769 1.44444444444 4 0 0.00076051236531 0.00208008320333 0.0 17 1
1888.66666667 1939 1831 0.666666666667 2 0 0.000343465567577 0.00103039670273 0.0 2 1
2030.6 2094 1970 0.6 1 0 0.000290643415769 0.00049115913556 0.0 4 1
1915.25 1949 1868 0.75 1 0 0.000391098729327 0.000535045478866 0.0 3 1
2233.0 2285 2160 0.666666666667 1 0 0.000300064682259 0.000462748727441 0.0 2 1
2002.75 2078 1909 0.75 2 0 0.000372639931981 0.00102459016393 0.0 7 1
2165.0 2236 2115 0.666666666667 2 0 0.000297885016384 0.000893655049151 0.0 2 1
572.834 2057 324 185.572 382 2 0.253850234108 0.400635930048 0.000971345313259 999 1
2075.5 2094 2057 0.0 0 0 0.0 0.0 0.0 1 1
2008.0 2008 2008 0.0 0 0 0.0 0.0 0.0 0 1
2066.0 2066 2066 0.0 0 0 0.0 0.0 0.0 0 1
584.694 2001 343 174.913 417 2 0.245336056178 0.386666666667 0.00106382978723 999 1
2220.0 2220 2220 0.0 0 0 0.0 0.0 0.0 0 1
2013.0 2013 2013 0.0 0 0 0.0 0.0 0.0 0 1
1999.5 2027 1972 0.5 1 0 0.000253421186011 0.000506842372022 0.0 1 1
607.018 2233 331 176.325 421 1 0.241984071119 0.403448275862 0.000447627573859 999 1
2130.5 2137 2124 0.5 1 0 0.000235294117647 0.000470588235294 0.0 1 1
579.697 2137 329 180.491 413 2 0.248968658902 0.440954773869 0.000935016362786 999 1
575.381 2057 299 176.286 591 1 0.244498476629 0.443957968476 0.000508388408744 999 1
2076.83333333 2185 1967 0.833333333333 2 0 0.000400784145329 0.000970873786408 0.0 11 1
2029.0 2105 1944 0.666666666667 1 0 0.000321756765547 0.000490436488475 0.0 2 1
2107.0 2107 2107 0.0 0 0 0.0 0.0 0.0 0 1
2002.0 2002 2002 0.0 0 0 0.0 0.0 0.0 0 1
1985.0 1995 1975 0.0 0 0 0.0 0.0 0.0 1 1
578.687 2177 264 175.677 518 0 0.247801180785 0.438438438438 0.0 999 1
2127.0 2127 2127 0.0 0 0 0.0 0.0 0.0 0 1
569.479 2091 293 171.143 490 0 0.245508541879 0.403013182674 0.0 999 1
1966.0 1966 1966 0.0 0 0 0.0 0.0 0.0 0 1
600.685 2129 307 183.064 544 1 0.244276597629 0.480325644505 0.000485201358564 999 1
2160.5 2170 2155 0.75 2 0 0.00034754417157 0.000926354793886 0.0 3 1
2000.0 2001 1999 0.5 1 0 0.00024975024975 0.0004995004995 0.0 1 1
2052.0 2064 2040 0.5 1 0 0.000244977951984 0.000489955903969 0.0 1 1
2029.5 2101 1958 0.5 1 0 0.00023786869648 0.000475737392959 0.0 1 1
1961.33333333 2007 1906 1.0 2 0 0.000503897570724 0.00101368474404 0.0 2 1
2105.33333333 2135 2073 1.0 2 0 0.00047001660183 0.000935891436593 0.0 2 1
2254.0 2300 2208 0.25 1 0 0.000108648413733 0.000434593654933 0.0 3 1
2098.4 2156 2052 0.2 1 0 9.27213722763e-05 0.000463606861382 0.0 4 1
2035.0 2035 2035 0.0 0 0 0.0 0.0 0.0 0 1
2119.5 2126 2113 0.0 0 0 0.0 0.0 0.0 1 1
1903.0 1941 1863 0.666666666667 1 0 0.000353713219455 0.000536480686695 0.0 2 1
2124.8 2200 2091 0.4 1 0 0.000188502460326 0.000472366556448 0.0 4 1
1979.2 2013 1914 1.6 3 0 0.000806087614543 0.0014985014985 0.0 4 1
2034.0 2120 1984 0.0 0 0 0.0 0.0 0.0 4 1
2005.75 2044 1978 0.5 2 0 0.000251762336354 0.00100704934542 0.0 3 1
2123.0 2123 2123 0.0 0 0 0.0 0.0 0.0 0 1
2088.25 2124 2075 0.5 2 0 0.000240731824747 0.000962927298989 0.0 3 1
618.36 2133 319 187.068 507 1 0.241691880024 0.396457765668 0.000468603561387 999 1
2088.0 2155 2000 0.666666666667 2 0 0.000309071240921 0.000927213722763 0.0 2 1
1998.0 1998 1998 0.0 0 0 0.0 0.0 0.0 0 1
1999.0 2033 1919 1.0 2 0 0.000494604734428 0.000985707244948 0.0 4 1
2307.5 2338 2277 0.0 0 0 0.0 0.0 0.0 1 1
557.84 2063 304 177.785 440 0 0.251776338562 0.448392554992 0.0 999 1
2160.0 2191 2129 0.5 1 0 0.000228102189781 0.000456204379562 0.0 1 1
