1977.0 1977 1977 0.0 0 0 0.0 0.0 0.0 0 1
2010.0 2010 2010 0.0 0 0 0.0 0.0 0.0 0 1
2013.25 2055 1976 0.5 1 0 0.000245052120863 0.000493827160494 0.0 3 1
1986.0 1992 1980 0.5 1 0 0.000250878073256 0.000501756146513 0.0 1 1
1986.5 2008 1965 0.5 1 0 0.000248880039821 0.000497760079642 0.0 1 1
1990.25 2013 1956 0.5 1 0 0.000253564366646 0.000510986203373 0.0 3 1
2206.66666667 2269 2164 0.333333333333 1 0 0.000153964588145 0.000461893764434 0.0 2 1
1986.0 1986 1986 0.0 0 0 0.0 0.0 0.0 0 1
2186.0 2186 2186 0.0 0 0 0.0 0.0 0.0 0 1
1949.5 2007 1901 0.625 2 0 0.000318398468914 0.0010111223458 0.0 7 1
1983.0 2006 1947 0.5 1 0 0.000254548652222 0.000513347022587 0.0 5 1
2089.0 2128 2050 1.0 2 0 0.000469483568075 0.00093896713615 0.0 1 1
2213.0 2213 2213 0.0 0 0 0.0 0.0 0.0 0 1
1924.66666667 2008 1894 1.75 4 0 0.000904558818029 0.0020618556701 0.0 11 1
2106.0 2106 2106 0.0 0 0 0.0 0.0 0.0 0 1
2013.6 2068 1977 0.4 1 0 0.000197924195327 0.000496524329692 0.0 4 1
2225.0 2225 2225 0.0 0 0 0.0 0.0 0.0 0 1
2166.0 2180 2152 0.0 0 0 0.0 0.0 0.0 1 1
2100.1 2177 2030 1.9 4 0 0.000899685385006 0.0018648018648 0.0 9 1
1939.45454545 2003 1853 0.272727272727 1 0 0.000137741678298 0.000505816894284 0.0 10 1
2072.5 2089 2056 0.5 1 0 0.000243072435586 0.000486144871172 0.0 1 1
2049.375 2077 1973 0.5 1 0 0.000243685918647 0.000493096646943 0.0 7 1
1916.18181818 2015 1803 0.818181818182 2 0 0.000423113053614 0.00105097214924 0.0 10 1
1847.66666667 1850 1846 0.666666666667 1 0 0.000360458018481 0.000541125541126 0.0 2 1
2270.0 2270 2270 0.0 0 0 0.0 0.0 0.0 0 1
1957.5 1982 1933 0.0 0 0 0.0 0.0 0.0 1 1
2069.66666667 2178 2021 0.916666666667 2 0 0.00044136731355 0.000980872976949 0.0 11 1
2145.0 2187 2103 0.0 0 0 0.0 0.0 0.0 1 1
2098.0 2098 2098 0.0 0 0 0.0 0.0 0.0 0 1
2123.0 2180 2012 0.4 2 0 0.000184842883549 0.000924214417745 0.0 4 1
1967.0 1971 1963 0.5 1 0 0.00025354969574 0.000507099391481 0.0 1 1
2041.0 2041 2041 0.0 0 0 0.0 0.0 0.0 0 1
1977.0 1977 1977 0.0 0 0 0.0 0.0 0.0 0 1
2081.5 2120 2043 0.5 1 0 0.000244618395303 0.000489236790607 0.0 1 1
1984.75 2154 1772 1.375 3 0 0.000690168974334 0.00150451354062 0.0 15 1
2152.0 2152 2152 0.0 0 0 0.0 0.0 0.0 0 1
2199.6 2299 2118 1.0 2 0 0.000453505975442 0.000931098696462 0.0 4 1
1987.5 2023 1952 0.5 1 0 0.000256016385049 0.000512032770097 0.0 1 1
2195.0 2195 2195 0.0 0 0 0.0 0.0 0.0 0 1
2051.0 2051 2051 0.0 0 0 0.0 0.0 0.0 0 1
2052.0 2052 2052 0.0 0 0 0.0 0.0 0.0 0 1
2206.5 2246 2167 0.5 1 0 0.000222518914108 0.000445037828215 0.0 1 1
2237.0 2237 2237 0.0 0 0 0.0 0.0 0.0 0 1
2025.33333333 2040 2005 0.0 0 0 0.0 0.0 0.0 2 1
1910.5 2034 1835 0.666666666667 2 0 0.000355588241394 0.00108873162765 0.0 5 1
2290.0 2290 2290 0.0 0 0 0.0 0.0 0.0 0 1
2113.0 2113 2113 0.0 0 0 0.0 0.0 0.0 0 1
2156.0 2185 2127 0.5 1 0 0.000228728270814 0.000457456541629 0.0 1 1
2080.5 2090 2071 1.0 2 0 0.000482392667631 0.000964785335263 0.0 1 1
2057.23076923 2166 1961 1.30769230769 5 0 0.000625131219181 0.00239234449761 0.0 12 1
1876.0 1876 1876 0.0 0 0 0.0 0.0 0.0 0 1
2158.0 2162 2154 0.5 1 0 0.000231160425335 0.00046232085067 0.0 1 1
2005.0 2005 2005 0.0 0 0 0.0 0.0 0.0 0 1
2092.0 2092 2092 0.0 0 0 0.0 0.0 0.0 0 1
2094.0 2094 2094 0.0 0 0 0.0 0.0 0.0 0 1
2190.5 2220 2161 0.5 1 0 0.000231267345051 0.000462534690102 0.0 1 1
2053.5 2080 2031 0.75 2 0 0.000361512921668 0.000960614793468 0.0 3 1
2096.0 2096 2096 0.0 0 0 0.0 0.0 0.0 0 1
2139.0 2139 2139 0.0 0 0 0.0 0.0 0.0 0 1
1986.0 1989 1983 0.5 1 0 0.000251256281407 0.000502512562814 0.0 1 1
2053.4 2134 1965 0.8 2 0 0.000384826654247 0.000936329588015 0.0 4 1
2106.0 2121 2091 0.5 1 0 0.000239005736138 0.000478011472275 0.0 1 1
1945.0 1945 1945 0.0 0 0 0.0 0.0 0.0 0 1
2139.0 2139 2139 0.0 0 0 0.0 0.0 0.0 0 1
1983.0 1983 1983 0.0 0 0 0.0 0.0 0.0 0 1
1912.18181818 1988 1813 1.09090909091 2 0 0.00056499220889 0.00105207785376 0.0 10 1
2073.2 2134 2040 1.4 3 0 0.000667623557018 0.00140383715489 0.0 4 1
1980.0 1981 1979 0.0 0 0 0.0 0.0 0.0 1 1
2036.6 2088 1969 1.6 3 0 0.000782734249881 0.00143472022956 0.0 9 1
1964.8 1989 1951 0.4 2 0 0.00020366598778 0.0010183299389 0.0 4 1
2261.0 2282 2240 0.5 1 0 0.000223114680946 0.000446229361892 0.0 1 1
1941.5 1944 1939 0.5 1 0 0.00025706940874 0.000514138817481 0.0 1 1
2230.5 2251 2210 0.5 1 0 0.000226142017187 0.000452284034374 0.0 1 1
2114.0 2114 2114 0.0 0 0 0.0 0.0 0.0 0 1
2009.75 2047 1985 0.5 1 0 0.000247258094173 0.00050075112669 0.0 3 1
2004.83333333 2041 1953 1.5 4 0 0.000753947755749 0.00204394481349 0.0 5 1
1975.0 1975 1975 0.0 0 0 0.0 0.0 0.0 0 1
2063.5 2147 1978 1.4375 4 0 0.000697481060469 0.00198807157058 0.0 15 1
1859.66666667 1874 1843 0.333333333333 1 0 0.000177777777778 0.000533333333333 0.0 2 1
2034.72727273 2184 1979 0.727272727273 1 0 0.000354732614471 0.000498256103637 0.0 10 1
1974.0 2016 1927 0.0 0 0 0.0 0.0 0.0 4 1
2134.57142857 2164 2048 0.571428571429 2 0 0.000264830061269 0.000923361034164 0.0 6 1
2084.0 2110 2058 0.5 1 0 0.000236854571293 0.000473709142586 0.0 1 1
1923.0 1923 1923 0.0 0 0 0.0 0.0 0.0 0 1
1965.0 1965 1965 0.0 0 0 0.0 0.0 0.0 0 1
1976.0 2002 1942 2.16666666667 4 0 0.00108838652481 0.00199401794616 0.0 5 1
2258.0 2258 2258 0.0 0 0 0.0 0.0 0.0 0 1
2188.36363636 2274 2095 0.636363636364 2 0 0.000295230153451 0.000953743443014 0.0 10 1
1782.0 1782 1782 0.0 0 0 0.0 0.0 0.0 0 1
1899.0 1899 1899 0.0 0 0 0.0 0.0 0.0 0 1
2090.0 2090 2090 0.0 0 0 0.0 0.0 0.0 0 1
2001.5625 2048 1932 0.875 2 0 0.000436919135627 0.00102616726526 0.0 15 1
2062.33333333 2086 2043 0.333333333333 1 0 0.000159718894745 0.000479156684236 0.0 2 1
2065.0 2065 2065 0.0 0 0 0.0 0.0 0.0 0 1
2117.0 2182 2060 0.333333333333 1 0 0.000157977883096 0.000473933649289 0.0 2 1
1943.0 1943 1943 0.0 0 0 0.0 0.0 0.0 0 1
2164.0 2165 2163 0.0 0 0 0.0 0.0 0.0 1 1
2147.0 2169 2125 0.5 1 0 0.000235183443086 0.000470366886171 0.0 1 1
2049.69230769 2148 1975 1.23076923077 6 0 0.000600106056306 0.00302877334679 0.0 25 1
2095.125 2156 2016 0.375 1 0 0.000177159737996 0.000486381322957 0.0 7 1
2115.66666667 2224 2002 2.83333333333 5 0 0.00132795272925 0.0024154589372 0.0 11 1
1963.0 1985 1941 0.0 0 0 0.0 0.0 0.0 1 1
2135.0 2135 2135 0.0 0 0 0.0 0.0 0.0 0 1
2146.5 2181 2109 0.0 0 0 0.0 0.0 0.0 3 1
2022.0 2022 2022 0.0 0 0 0.0 0.0 0.0 0 1
2037.0 2037 2037 0.0 0 0 0.0 0.0 0.0 0 1
2075.5 2089 2062 0.5 1 0 0.000239234449761 0.000478468899522 0.0 1 1
1989.0 2011 1967 0.5 1 0 0.000248508946322 0.000497017892644 0.0 1 1
2055.33333333 2085 2031 0.666666666667 1 0 0.000322317808632 0.000487567040468 0.0 2 1
2109.66666667 2153 2067 1.16666666667 3 0 0.000547553422428 0.00139146567718 0.0 5 1
1902.0 1902 1902 0.0 0 0 0.0 0.0 0.0 0 1
2092.0 2092 2092 0.0 0 0 0.0 0.0 0.0 0 1
1938.66666667 2006 1824 1.25 2 0 0.000643382950033 0.00104821802935 0.0 11 1
2080.66666667 2104 2060 0.333333333333 1 0 0.000158353127474 0.000475059382423 0.0 2 1
2085.0 2136 2034 0.5 1 0 0.000233972859148 0.000467945718297 0.0 1 1
1954.08333333 2070 1855 0.916666666667 2 0 0.000467118401231 0.00106951871658 0.0 11 1
1930.8 2076 1805 0.9 2 0 0.000463206207599 0.00106666666667 0.0 9 1
2268.0 2268 2268 0.0 0 0 0.0 0.0 0.0 0 1
1874.64285714 1947 1806 2.21428571429 4 0 0.00117674562922 0.00207361327112 0.0 13 1
2197.0 2197 2197 0.0 0 0 0.0 0.0 0.0 0 1
2095.11111111 2142 2035 1.0 2 0 0.000473803117376 0.00096015362458 0.0 8 1
2211.5 2288 2119 0.25 1 0 0.000109217999126 0.000436871996505 0.0 3 1
2013.0 2013 2013 0.0 0 0 0.0 0.0 0.0 0 1
1950.25 1998 1904 0.75 1 0 0.000383457876812 0.000524934383202 0.0 3 1
2073.0 2073 2073 0.0 0 0 0.0 0.0 0.0 0 1
2084.0 2084 2084 0.0 0 0 0.0 0.0 0.0 0 1
1943.0 1994 1867 0.0 0 0 0.0 0.0 0.0 2 1
1912.57142857 2030 1794 1.71428571429 3 0 0.000888639256106 0.00159829515184 0.0 6 1
1994.0 1994 1994 0.0 0 0 0.0 0.0 0.0 0 1
2000.57142857 2059 1942 1.42857142857 3 0 0.000709289301916 0.00148294611962 0.0 6 1
2029.83333333 2110 1956 0.333333333333 2 0 0.000159413358839 0.000956480153037 0.0 5 1
2143.66666667 2178 2125 0.333333333333 1 0 0.000152975370965 0.000458926112896 0.0 2 1
2055.0 2055 2055 0.0 0 0 0.0 0.0 0.0 0 1
2009.5 2027 1992 0.0 0 0 0.0 0.0 0.0 1 1
2241.0 2241 2241 0.0 0 0 0.0 0.0 0.0 0 1
2136.0 2136 2136 0.0 0 0 0.0 0.0 0.0 0 1
2237.0 2237 2237 0.0 0 0 0.0 0.0 0.0 0 1
2202.66666667 2206 2198 2.0 3 0 0.000905797287244 0.00135931128228 0.0 2 1
1990.0 1990 1990 0.0 0 0 0.0 0.0 0.0 0 1
2161.0 2161 2161 0.0 0 0 0.0 0.0 0.0 0 1
1903.5 1929 1878 0.5 1 0 0.000259067357513 0.000518134715026 0.0 1 1
1929.0 1964 1905 0.666666666667 2 0 0.000347222222222 0.00104166666667 0.0 2 1
2021.0 2021 2021 0.0 0 0 0.0 0.0 0.0 0 1
1962.04761905 2048 1879 1.7619047619 4 0 0.000892533488651 0.00199104031857 0.0 20 1
1990.66666667 2028 1951 0.333333333333 1 0 0.00016716817118 0.000501504513541 0.0 2 1
2160.0 2160 2160 0.0 0 0 0.0 0.0 0.0 0 1
1975.25 2076 1899 0.75 2 0 0.000365803758573 0.000962463907603 0.0 3 1
2105.66666667 2116 2085 0.666666666667 1 0 0.000317250980625 0.000479386385427 0.0 2 1
2132.0 2132 2132 0.0 0 0 0.0 0.0 0.0 0 1
2010.0 2053 1963 0.666666666667 1 0 0.000327710944289 0.000496277915633 0.0 2 1
1941.0 1998 1863 0.571428571429 2 0 0.000299432774271 0.00104275286757 0.0 6 1
2072.0 2072 2072 0.0 0 0 0.0 0.0 0.0 0 1
2058.66666667 2082 2016 0.666666666667 1 0 0.000320359097763 0.000481000481 0.0 2 1
2043.33333333 2132 1951 1.0 2 0 0.000495282321408 0.00102406554019 0.0 8 1
2223.0 2307 2176 0.5 1 0 0.000223155822372 0.000459347726229 0.0 3 1
1940.0 1940 1940 0.0 0 0 0.0 0.0 0.0 0 1
1855.33333333 1886 1838 1.0 2 0 0.000538180134965 0.00108459869848 0.0 2 1
2146.0 2173 2119 0.5 1 0 0.000235849056604 0.000471698113208 0.0 1 1
2035.0 2035 2035 0.0 0 0 0.0 0.0 0.0 0 1
2045.5 2061 2030 0.5 1 0 0.000246184145741 0.000492368291482 0.0 1 1
2063.0 2063 2063 0.0 0 0 0.0 0.0 0.0 0 1
1965.0 1965 1965 0.0 0 0 0.0 0.0 0.0 0 1
1981.16666667 2045 1903 1.0 2 0 0.000499307701634 0.00101471334348 0.0 5 1
1993.125 2073 1883 1.875 6 0 0.00092847962115 0.00293973542381 0.0 7 1
2296.0 2296 2296 0.0 0 0 0.0 0.0 0.0 0 1
1954.0 1954 1954 0.0 0 0 0.0 0.0 0.0 0 1
2249.0 2249 2249 0.0 0 0 0.0 0.0 0.0 0 1
1941.33333333 1989 1864 0.0 0 0 0.0 0.0 0.0 2 1
2008.0 2039 1977 1.0 2 0 0.000489955903969 0.000979911807937 0.0 1 1
1896.0 1934 1858 0.5 1 0 0.000258397932817 0.000516795865633 0.0 1 1
2026.5 2029 2024 0.5 1 0 0.000246913580247 0.000493827160494 0.0 1 1
2067.5 2168 1991 1.75 3 0 0.000842104778185 0.0014450867052 0.0 7 1
2162.0 2162 2162 0.0 0 0 0.0 0.0 0.0 0 1
2145.25 2221 2105 0.5 1 0 0.000231219703167 0.000474833808167 0.0 3 1
2169.0 2169 2169 0.0 0 0 0.0 0.0 0.0 0 1
2036.66666667 2069 1976 0.333333333333 1 0 0.000168605631428 0.000505816894284 0.0 2 1
2110.0 2110 2110 0.0 0 0 0.0 0.0 0.0 0 1
1947.5 1965 1939 0.75 2 0 0.000382927469048 0.00101677681749 0.0 3 1
2004.2 2070 1933 0.6 1 0 0.000294351099056 0.000496770988574 0.0 4 1
1956.7 2055 1806 2.66666666667 6 0 0.00135481958157 0.0029296875 0.0 29 1
2055.83333333 2176 1977 1.33333333333 4 0 0.000631145942808 0.00183486238532 0.0 5 1
2079.0 2079 2079 0.0 0 0 0.0 0.0 0.0 0 1
1991.25 2042 1946 0.5 1 0 0.000251320204805 0.000503524672709 0.0 3 1
2184.0 2184 2184 0.0 0 0 0.0 0.0 0.0 0 1
2008.8 2111 1937 0.2 1 0 9.4696969697e-05 0.000473484848485 0.0 4 1
1927.66666667 1947 1910 0.0 0 0 0.0 0.0 0.0 2 1
2076.0 2076 2076 0.0 0 0 0.0 0.0 0.0 0 1
1999.0 2100 1910 1.0 2 0 0.000484830964857 0.000951474785918 0.0 2 1
1917.0 1970 1861 0.75 1 0 0.000387362717798 0.000527426160338 0.0 3 1
1912.71428571 1990 1835 1.14285714286 2 0 0.000601960380268 0.00108873162765 0.0 6 1
2065.0 2065 2065 0.0 0 0 0.0 0.0 0.0 0 1
2008.0 2008 2008 0.0 0 0 0.0 0.0 0.0 0 1
2069.5 2115 2024 0.0 0 0 0.0 0.0 0.0 1 1
2157.66666667 2183 2127 0.666666666667 2 0 0.000313136057617 0.000939408172851 0.0 2 1
2250.0 2252 2248 0.0 0 0 0.0 0.0 0.0 1 1
1991.75 2085 1907 0.0 0 0 0.0 0.0 0.0 3 1
2006.33333333 2024 1989 1.33333333333 2 0 0.000661060922483 0.000996015936255 0.0 2 1
1962.0 1964 1960 0.5 1 0 0.000254452926209 0.000508905852417 0.0 1 1
1991.0 1991 1991 0.0 0 0 0.0 0.0 0.0 0 1
2111.0 2111 2111 0.0 0 0 0.0 0.0 0.0 0 1
2139.0 2139 2139 0.0 0 0 0.0 0.0 0.0 0 1
2015.33333333 2073 1957 0.0 0 0 0.0 0.0 0.0 2 1
1947.0 1947 1947 0.0 0 0 0.0 0.0 0.0 0 1
2064.25 2099 2002 0.0 0 0 0.0 0.0 0.0 3 1
2055.0 2055 2055 0.0 0 0 0.0 0.0 0.0 0 1
2066.0 2066 2066 0.0 0 0 0.0 0.0 0.0 0 1
2047.0 2047 2047 0.0 0 0 0.0 0.0 0.0 0 1
2026.0 2083 1977 0.25 1 0 0.000119961612284 0.000479846449136 0.0 3 1
2085.63157895 2191 1994 2.89473684211 6 0 0.00138421647572 0.00279981334578 0.0 18 1
1859.0 1859 1859 0.0 0 0 0.0 0.0 0.0 0 1
2005.75 2045 1963 1.0 2 0 0.000496029204153 0.000986193293886 0.0 3 1
2177.0 2189 2165 0.0 0 0 0.0 0.0 0.0 1 1
2133.0 2177 2103 0.5 1 0 0.000231388683305 0.000466417910448 0.0 3 1
2110.5 2115 2106 0.5 1 0 0.000237304224015 0.00047460844803 0.0 1 1
2126.0 2290 1986 0.833333333333 1 0 0.000390365426666 0.000503271263211 0.0 5 1
1950.66666667 1966 1942 0.666666666667 1 0 0.000340842408742 0.000514138817481 0.0 2 1
2127.0 2128 2126 0.5 1 0 0.000235072872591 0.000470145745181 0.0 1 1
2219.0 2219 2219 0.0 0 0 0.0 0.0 0.0 0 1
1983.8 2005 1957 2.0 3 0 0.00100201014964 0.00150829562594 0.0 4 1
2107.0 2107 2107 0.0 0 0 0.0 0.0 0.0 0 1
2108.0 2133 2091 1.0 2 0 0.000476495419398 0.000951474785918 0.0 2 1
2165.2 2207 2093 1.2 2 0 0.000549514245575 0.000919963201472 0.0 4 1
1952.5 1961 1944 0.5 1 0 0.000254841997961 0.000509683995923 0.0 1 1
2060.0 2077 2044 0.333333333333 1 0 0.000160410651267 0.000481231953802 0.0 2 1
1933.2 1982 1870 0.2 1 0 0.000101265822785 0.000506329113924 0.0 4 1
2090.0 2090 2090 0.0 0 0 0.0 0.0 0.0 0 1
2225.0 2225 2225 0.0 0 0 0.0 0.0 0.0 0 1
2083.33333333 2147 2035 0.5 1 0 0.000240831622298 0.00049115913556 0.0 5 1
2053.5 2081 2026 1.0 2 0 0.000493096646943 0.000986193293886 0.0 1 1
1844.0 1844 1844 0.0 0 0 0.0 0.0 0.0 0 1
1956.0 1956 1956 0.0 0 0 0.0 0.0 0.0 0 1
2036.72727273 2136 1929 1.81818181818 3 0 0.000878062352009 0.00142789148025 0.0 10 1
1999.6 2099 1927 1.3 3 0 0.000644533395667 0.00147856086742 0.0 9 1
2116.0 2116 2116 0.0 0 0 0.0 0.0 0.0 0 1
2045.33333333 2083 2023 0.666666666667 1 0 0.00032463919846 0.000494071146245 0.0 2 1
2075.66666667 2114 2034 0.0 0 0 0.0 0.0 0.0 2 1
1969.92857143 2126 1886 2.14285714286 6 0 0.00108972386401 0.00308959835221 0.0 13 1
1873.875 2069 1595 3.725 10 0 0.00198061834577 0.00560538116592 0.0 39 1
1946.57142857 1991 1914 0.857142857143 2 0 0.000441896666082 0.00104384133612 0.0 6 1
1974.0 1974 1974 0.0 0 0 0.0 0.0 0.0 0 1
2036.28571429 2170 1937 3.0 6 0 0.00145702853086 0.0029702970297 0.0 13 1
2052.66666667 2074 2020 0.666666666667 1 0 0.000325577421015 0.000494804552202 0.0 2 1
1951.0 2013 1843 0.333333333333 1 0 0.000166833500167 0.000500500500501 0.0 2 1
1969.0 1969 1969 0.0 0 0 0.0 0.0 0.0 0 1
2065.07692308 2174 1973 1.30769230769 3 0 0.000627162427079 0.00140515222482 0.0 12 1
2072.0 2072 2072 0.0 0 0 0.0 0.0 0.0 0 1
1909.375 1977 1849 1.625 3 0 0.000858466510413 0.00161987041037 0.0 7 1
2121.83333333 2186 2093 0.5 1 0 0.000236374506197 0.000474833808167 0.0 5 1
2036.0 2036 2036 0.0 0 0 0.0 0.0 0.0 0 1
2078.0 2078 2078 0.0 0 0 0.0 0.0 0.0 0 1
2208.66666667 2331 2084 1.33333333333 2 0 0.000605597614469 0.000958772770853 0.0 5 1
2141.33333333 2193 2113 1.83333333333 3 0 0.000856910037802 0.00141776937618 0.0 5 1
1876.64 2019 1669 2.6 9 0 0.00140528931592 0.00507614213198 0.0 24 1
2229.0 2284 2185 0.25 1 0 0.000114364135407 0.000457456541629 0.0 3 1
2054.0 2063 2045 0.5 1 0 0.000242248062016 0.000484496124031 0.0 1 1
2282.0 2282 2282 0.0 0 0 0.0 0.0 0.0 0 1
2061.0 2061 2061 0.0 0 0 0.0 0.0 0.0 0 1
1985.7 2083 1891 1.3 4 0 0.000657675737274 0.00208008320333 0.0 9 1
2008.75 2042 1980 0.75 1 0 0.000371469202487 0.000504032258065 0.0 3 1
2091.88888889 2130 2038 1.66666666667 5 0 0.000788585009997 0.00234192037471 0.0 8 1
2146.0 2157 2137 0.666666666667 2 0 0.000311672120929 0.000935016362786 0.0 2 1
2295.0 2295 2295 0.0 0 0 0.0 0.0 0.0 0 1
2056.33333333 2088 1995 0.333333333333 1 0 0.000167000668003 0.000501002004008 0.0 2 1
1981.57142857 2105 1884 0.714285714286 2 0 0.000353204024706 0.000998003992016 0.0 6 1
2156.42857143 2233 2074 0.285714285714 1 0 0.000134013066211 0.000470145745181 0.0 6 1
1980.0 2004 1956 0.5 1 0 0.000255493101686 0.000510986203373 0.0 1 1
2065.0 2065 2065 0.0 0 0 0.0 0.0 0.0 0 1
1984.5 2039 1930 0.0 0 0 0.0 0.0 0.0 1 1
2256.0 2256 2256 0.0 0 0 0.0 0.0 0.0 0 1
2038.84615385 2224 1914 1.84615384615 6 0 0.000889333738461 0.00293973542381 0.0 12 1
2093.75 2191 1965 0.625 2 0 0.00029906632007 0.000973236009732 0.0 15 1
1950.16666667 2021 1872 0.916666666667 2 0 0.000467113606487 0.00104547830633 0.0 11 1
2091.0 2091 2091 0.0 0 0 0.0 0.0 0.0 0 1
2030.08333333 2108 1965 1.83333333333 3 0 0.000905740473083 0.0015243902439 0.0 11 1
2215.0 2215 2215 0.0 0 0 0.0 0.0 0.0 0 1
1910.66666667 1936 1884 0.666666666667 1 0 0.000346333804797 0.000522739153163 0.0 2 1
1950.0 1957 1943 0.666666666667 1 0 0.000341709507336 0.000514403292181 0.0 2 1
2032.0 2032 2032 0.0 0 0 0.0 0.0 0.0 0 1
2020.5 2081 1964 1.25 3 0 0.000621441748076 0.00150678051231 0.0 7 1
1945.0 1978 1868 0.2 1 0 0.00010111223458 0.000505561172902 0.0 4 1
2174.0 2300 2023 0.5 1 0 0.000228740660061 0.00046992481203 0.0 3 1
2028.28571429 2071 1968 0.285714285714 1 0 0.000140770098753 0.000502765208648 0.0 6 1
2024.0 2024 2024 0.0 0 0 0.0 0.0 0.0 0 1
2171.0 2171 2171 0.0 0 0 0.0 0.0 0.0 0 1
1954.5 1971 1938 0.0 0 0 0.0 0.0 0.0 1 1
2251.0 2251 2251 0.0 0 0 0.0 0.0 0.0 0 1
2061.66666667 2113 2013 0.333333333333 1 0 0.000157678965626 0.000473036896878 0.0 2 1
2086.83333333 2134 1983 1.16666666667 3 0 0.000556962593613 0.00143540669856 0.0 5 1
1972.0 1976 1968 0.5 1 0 0.000252908447142 0.000505816894284 0.0 1 1
2149.5 2203 2096 0.0 0 0 0.0 0.0 0.0 1 1
1974.66666667 2001 1951 0.666666666667 1 0 0.000337265193823 0.000512295081967 0.0 2 1
2001.0 2020 1991 0.666666666667 2 0 0.000329706561161 0.000989119683482 0.0 2 1
2132.16666667 2167 2037 1.33333333333 2 0 0.000620472169288 0.00094696969697 0.0 5 1
2124.0 2124 2124 0.0 0 0 0.0 0.0 0.0 0 1
2027.0 2027 2027 0.0 0 0 0.0 0.0 0.0 0 1
2094.33333333 2108 2086 0.333333333333 1 0 0.000158052789632 0.000474158368895 0.0 2 1
2112.25 2148 2082 0.75 1 0 0.000353944102838 0.00048007681229 0.0 3 1
2068.5 2087 2050 0.0 0 0 0.0 0.0 0.0 1 1
1940.0 1940 1940 0.0 0 0 0.0 0.0 0.0 0 1
2042.83333333 2072 2011 1.33333333333 3 0 0.000656128884582 0.00148957298908 0.0 5 1
1975.5 1995 1956 0.5 1 0 0.000250501002004 0.000501002004008 0.0 1 1
2118.0 2118 2118 0.0 0 0 0.0 0.0 0.0 0 1
2063.57142857 2137 1999 1.85714285714 4 0 0.000890193641578 0.00196367206676 0.0 6 1
2071.0 2071 2071 0.0 0 0 0.0 0.0 0.0 0 1
2113.0 2125 2101 0.5 1 0 0.00023786869648 0.000475737392959 0.0 1 1
2140.5 2148 2133 0.5 1 0 0.000234301780694 0.000468603561387 0.0 1 1
2024.5 2065 1984 0.5 1 0 0.000242013552759 0.000484027105518 0.0 1 1
1918.8 2048 1791 0.3 1 0 0.000155138437202 0.000558035714286 0.0 9 1
2098.5 2106 2091 0.0 0 0 0.0 0.0 0.0 1 1
2062.0 2062 2062 0.0 0 0 0.0 0.0 0.0 0 1
1997.0 2048 1954 1.14285714286 2 0 0.000566406295528 0.000991571641051 0.0 6 1
2113.0 2113 2113 0.0 0 0 0.0 0.0 0.0 0 1
2090.0 2090 2090 0.0 0 0 0.0 0.0 0.0 0 1
1953.66666667 1978 1923 0.333333333333 1 0 0.000169981302057 0.00050994390617 0.0 2 1
2222.0 2222 2222 0.0 0 0 0.0 0.0 0.0 0 1
2007.5 2079 1941 0.5 1 0 0.000249294122326 0.000505050505051 0.0 3 1
2021.0 2021 2021 0.0 0 0 0.0 0.0 0.0 0 1
2041.83333333 2110 1943 0.833333333333 1 0 0.0004077669432 0.000514403292181 0.0 5 1
2074.0 2074 2074 0.0 0 0 0.0 0.0 0.0 0 1
2022.25 2107 1925 1.0 2 0 0.00048576985985 0.000966183574879 0.0 3 1
1986.875 2071 1919 0.375 2 0 0.00018722855148 0.000993541977149 0.0 7 1
2069.0 2069 2069 0.0 0 0 0.0 0.0 0.0 0 1
1884.125 1970 1805 1.0 2 0 0.000529034775436 0.00108695652174 0.0 7 1
1978.66666667 2015 1923 0.333333333333 1 0 0.000165343915344 0.000496031746032 0.0 2 1
1893.75 1925 1875 0.75 2 0 0.000395054689286 0.00106100795756 0.0 3 1
2152.0 2152 2152 0.0 0 0 0.0 0.0 0.0 0 1
1999.0 1999 1999 0.0 0 0 0.0 0.0 0.0 0 1
2149.71428571 2202 2062 0.714285714286 2 0 0.000331875076148 0.00093153237075 0.0 6 1
2050.0 2050 2050 0.0 0 0 0.0 0.0 0.0 0 1
2178.0 2178 2178 0.0 0 0 0.0 0.0 0.0 0 1
1941.4 1969 1907 1.2 2 0 0.000618856242965 0.0010298661174 0.0 4 1
2022.5 2118 1921 2.08333333333 3 0 0.00103290999901 0.00155199172271 0.0 11 1
1934.15384615 2035 1786 1.61538461538 4 0 0.000826242979797 0.00205867215646 0.0 12 1
2191.5 2201 2182 0.0 0 0 0.0 0.0 0.0 1 1
2111.6 2153 2073 0.6 2 0 0.000285837626915 0.000963855421687 0.0 4 1
2213.0 2248 2178 0.5 1 0 0.00022232103157 0.000444642063139 0.0 1 1
2097.0 2097 2097 0.0 0 0 0.0 0.0 0.0 0 1
2142.0 2150 2132 0.0 0 0 0.0 0.0 0.0 2 1
2068.125 2209 1912 1.41666666667 4 0 0.000681763008599 0.00190114068441 0.0 23 1
2047.0 2047 2047 0.0 0 0 0.0 0.0 0.0 0 1
2083.33333333 2118 2031 0.666666666667 1 0 0.00031588603676 0.000475737392959 0.0 2 1
1930.0 1946 1912 0.25 1 0 0.000128600823045 0.000514403292181 0.0 3 1
2173.6 2214 2107 0.4 1 0 0.000185827092356 0.000474383301708 0.0 4 1
2156.0 2156 2156 0.0 0 0 0.0 0.0 0.0 0 1
2000.44444444 2137 1907 2.0 5 0 0.00100926263318 0.00254841997961 0.0 8 1
2094.33333333 2121 2064 0.0 0 0 0.0 0.0 0.0 2 1
2143.5 2145 2142 0.0 0 0 0.0 0.0 0.0 1 1
2025.0 2027 2023 0.0 0 0 0.0 0.0 0.0 1 1
2077.5 2090 2065 0.0 0 0 0.0 0.0 0.0 1 1
2001.37142857 2257 1787 4.14285714286 13 0 0.00210380306818 0.00647088103534 0.0 34 1
2130.4 2174 2089 0.6 1 0 0.000281530207907 0.000475737392959 0.0 4 1
2081.0 2081 2081 0.0 0 0 0.0 0.0 0.0 0 1
2026.66666667 2164 1859 0.666666666667 2 0 0.000319945279697 0.000955566172957 0.0 8 1
1976.0 1976 1976 0.0 0 0 0.0 0.0 0.0 0 1
2102.0 2148 2051 0.571428571429 2 0 0.000274353801619 0.000958313368471 0.0 6 1
2026.5 2064 1989 0.5 1 0 0.000242130750605 0.000484261501211 0.0 1 1
1877.5 1892 1863 0.0 0 0 0.0 0.0 0.0 1 1
2073.6 2146 1963 1.7 3 0 0.000810552635579 0.00143061516452 0.0 9 1
2160.75 2201 2123 0.5 2 0 0.000226963231956 0.000907852927826 0.0 3 1
2031.0 2049 2013 0.0 0 0 0.0 0.0 0.0 1 1
1998.5 2008 1989 0.0 0 0 0.0 0.0 0.0 1 1
2043.0 2043 2043 0.0 0 0 0.0 0.0 0.0 0 1
2197.83333333 2240 2155 1.33333333333 3 0 0.000605967221308 0.00137804317869 0.0 5 1
2023.66666667 2049 1980 0.666666666667 1 0 0.000325760379483 0.000489476260401 0.0 2 1
1988.0 1988 1988 0.0 0 0 0.0 0.0 0.0 0 1
2069.0 2069 2069 0.0 0 0 0.0 0.0 0.0 0 1
2246.0 2249 2243 0.5 1 0 0.000222816399287 0.000445632798574 0.0 1 1
2048.33333333 2090 2021 0.666666666667 1 0 0.00032321352264 0.0004914004914 0.0 2 1
2175.5 2193 2158 0.0 0 0 0.0 0.0 0.0 1 1
2131.0 2164 2106 0.0 0 0 0.0 0.0 0.0 2 1
2104.33333333 2130 2054 0.666666666667 1 0 0.000318627087184 0.000486618004866 0.0 2 1
2233.0 2241 2220 0.666666666667 1 0 0.000297552762991 0.00044662795891 0.0 2 1
1985.33333333 2024 1959 0.666666666667 1 0 0.000333470924487 0.000506585612969 0.0 2 1
2096.0 2128 2064 0.0 0 0 0.0 0.0 0.0 1 1
2014.5 2064 1965 0.5 1 0 0.000242130750605 0.000484261501211 0.0 1 1
1978.5 1993 1964 0.5 1 0 0.000254452926209 0.000508905852417 0.0 1 1
1937.0 2003 1871 0.714285714286 2 0 0.000370954538456 0.00106213489113 0.0 6 1
2130.0 2142 2118 0.0 0 0 0.0 0.0 0.0 1 1
1976.0 1976 1976 0.0 0 0 0.0 0.0 0.0 0 1
2043.0 2061 2025 0.0 0 0 0.0 0.0 0.0 1 1
2051.0 2051 2051 0.0 0 0 0.0 0.0 0.0 0 1
2106.5 2145 2068 0.0 0 0 0.0 0.0 0.0 1 1
1954.0 1996 1912 0.8 1 0 0.00040857695066 0.000522739153163 0.0 4 1
2175.0 2175 2175 0.0 0 0 0.0 0.0 0.0 0 1
2076.0 2076 2076 0.0 0 0 0.0 0.0 0.0 0 1
1829.75 1867 1784 0.75 1 0 0.000410950402363 0.000560224089636 0.0 3 1
2011.0 2044 1937 0.5 1 0 0.000251788751898 0.000515995872033 0.0 3 1
2154.5 2234 2049 1.75 3 0 0.000795730093158 0.00137994480221 0.0 3 1
2191.0 2191 2191 0.0 0 0 0.0 0.0 0.0 0 1
2193.22222222 2364 2095 1.0 2 0 0.000449427509748 0.000916170407696 0.0 8 1
2150.8 2206 2124 0.2 1 0 9.21658986175e-05 0.000460829493088 0.0 4 1
2050.0 2050 2050 0.0 0 0 0.0 0.0 0.0 0 1
2064.125 2216 1891 0.6875 1 0 0.000334524063466 0.000524658971668 0.0 15 1
2114.0 2114 2114 0.0 0 0 0.0 0.0 0.0 0 1
2077.0 2077 2077 0.0 0 0 0.0 0.0 0.0 0 1
1998.9 2124 1914 0.6 3 0 0.000304287804913 0.00156494522692 0.0 9 1
2129.83333333 2208 2081 0.333333333333 1 0 0.000154847080417 0.000470366886171 0.0 5 1
2104.0 2133 2075 0.5 1 0 0.0002408477842 0.000481695568401 0.0 1 1
2013.57142857 2174 1815 1.0 4 0 0.000493588789994 0.00194269062652 0.0 13 1
2025.16666667 2091 1945 1.0 3 0 0.000487190896066 0.00144857556736 0.0 5 1
1866.28571429 1902 1823 1.71428571429 5 0 0.000920530259032 0.0027352297593 0.0 6 1
2199.0 2199 2199 0.0 0 0 0.0 0.0 0.0 0 1
2149.8 2259 2066 0.6 1 0 0.00028471349051 0.000483792936623 0.0 4 1
2117.0 2117 2117 0.0 0 0 0.0 0.0 0.0 0 1
2033.66666667 2045 2026 1.0 2 0 0.000489802620528 0.000977039570103 0.0 2 1
2265.0 2300 2230 0.5 1 0 0.000217296827466 0.000434593654933 0.0 1 1
1993.0 1993 1993 0.0 0 0 0.0 0.0 0.0 0 1
1987.0 2002 1972 0.5 1 0 0.000249625561658 0.000499251123315 0.0 1 1
1890.0 1890 1890 0.0 0 0 0.0 0.0 0.0 0 1
1877.0 1877 1877 0.0 0 0 0.0 0.0 0.0 0 1
1836.22222222 1920 1768 0.555555555556 2 0 0.00030442362159 0.00111544896821 0.0 8 1
2204.0 2218 2190 0.5 1 0 0.000228206298494 0.000456412596988 0.0 1 1
2105.0 2143 2072 0.571428571429 1 0 0.000271111527671 0.000479616306954 0.0 6 1
2016.0 2016 2016 0.0 0 0 0.0 0.0 0.0 0 1
2137.0 2137 2137 0.0 0 0 0.0 0.0 0.0 0 1
2244.33333333 2265 2224 0.666666666667 1 0 0.000296914822932 0.000449438202247 0.0 2 1
2012.0 2029 1995 0.5 1 0 0.000246305418719 0.000492610837438 0.0 1 1
2150.0 2150 2150 0.0 0 0 0.0 0.0 0.0 0 1
1994.2 2039 1957 1.2 2 0 0.000603215739463 0.00102092904543 0.0 4 1
2017.6 2077 1945 0.6 1 0 0.000293778025696 0.000494804552202 0.0 4 1
2000.0 2000 2000 0.0 0 0 0.0 0.0 0.0 0 1
2149.0 2182 2108 0.8 2 0 0.000371274983577 0.000925925925926 0.0 4 1
2115.0 2125 2105 0.5 1 0 0.000235183443086 0.000470366886171 0.0 1 1
2045.33333333 2092 2009 0.333333333333 1 0 0.00016583747927 0.000497512437811 0.0 2 1
2273.0 2273 2273 0.0 0 0 0.0 0.0 0.0 0 1
2225.0 2225 2225 0.0 0 0 0.0 0.0 0.0 0 1
2083.75 2129 2030 0.25 1 0 0.000119904076739 0.000479616306954 0.0 3 1
2059.33333333 2147 1981 1.77777777778 5 0 0.000872934276454 0.00251762336354 0.0 8 1
2062.0 2073 2051 1.0 2 0 0.000487092060399 0.000974184120799 0.0 1 1
2049.0 2061 2037 0.5 1 0 0.000245338567223 0.000490677134446 0.0 1 1
2091.6 2152 2035 0.8 1 0 0.000379860177161 0.000488519785051 0.0 4 1
2043.2 2128 1960 0.7 2 0 0.00034675972335 0.00100857286939 0.0 9 1
1952.0 1975 1929 0.0 0 0 0.0 0.0 0.0 1 1
2131.66666667 2151 2098 0.333333333333 1 0 0.000155255395125 0.000465766185375 0.0 2 1
1993.0 2001 1985 0.0 0 0 0.0 0.0 0.0 1 1
2081.0 2081 2081 0.0 0 0 0.0 0.0 0.0 0 1
1998.875 2111 1864 0.8125 3 0 0.00040743594241 0.0015690376569 0.0 15 1
2010.0 2010 2010 0.0 0 0 0.0 0.0 0.0 0 1
2129.0 2129 2129 0.0 0 0 0.0 0.0 0.0 0 1
2034.57142857 2063 1986 1.14285714286 2 0 0.000559834983208 0.000973236009732 0.0 6 1
2100.0 2100 2100 0.0 0 0 0.0 0.0 0.0 0 1
1973.0 2065 1898 2.0 4 0 0.00101763056747 0.00210304942166 0.0 3 1
1971.0 1971 1971 0.0 0 0 0.0 0.0 0.0 0 1
2129.0 2129 2129 0.0 0 0 0.0 0.0 0.0 0 1
2105.0 2105 2105 0.0 0 0 0.0 0.0 0.0 0 1
2080.33333333 2120 2043 2.0 5 0 0.000944647219157 0.00235294117647 0.0 2 1
2017.5 2071 1951 2.25 4 0 0.0011015084126 0.00197238658777 0.0 3 1
2057.25 2128 2008 0.75 1 0 0.000368713696144 0.000497760079642 0.0 3 1
1906.55555556 2040 1814 1.22222222222 3 0 0.000635945379076 0.00157315154693 0.0 8 1
1905.5625 2030 1762 1.0625 3 0 0.000552190493685 0.00162425554954 0.0 15 1
1932.0 1949 1905 1.0 2 0 0.00051326112153 0.00102511532547 0.0 2 1
2041.0 2041 2041 0.0 0 0 0.0 0.0 0.0 0 1
1871.16666667 1934 1815 1.83333333333 3 0 0.000966838878225 0.0015932023367 0.0 5 1
2078.0 2078 2078 0.0 0 0 0.0 0.0 0.0 0 1
2056.0 2056 2056 0.0 0 0 0.0 0.0 0.0 0 1
1946.14285714 1979 1900 0.285714285714 1 0 0.000145447733955 0.000513083632632 0.0 6 1
2149.0 2149 2149 0.0 0 0 0.0 0.0 0.0 0 1
2169.0 2169 2169 0.0 0 0 0.0 0.0 0.0 0 1
2120.5 2148 2093 0.0 0 0 0.0 0.0 0.0 1 1
2121.0 2147 2079 0.0 0 0 0.0 0.0 0.0 3 1
1929.5 1951 1908 0.0 0 0 0.0 0.0 0.0 1 1
1977.63636364 2092 1912 0.545454545455 2 0 0.000274613985415 0.000997008973081 0.0 10 1
2044.0 2044 2044 0.0 0 0 0.0 0.0 0.0 0 1
2066.375 2150 1959 0.75 1 0 0.000359071395001 0.000501253132832 0.0 7 1
1978.0 1993 1952 0.333333333333 1 0 0.000170677590032 0.000512032770097 0.0 2 1
1960.0 1982 1938 0.0 0 0 0.0 0.0 0.0 1 1
2006.25 2062 1917 0.75 1 0 0.000368250221075 0.000499750124938 0.0 3 1
2034.0 2034 2034 0.0 0 0 0.0 0.0 0.0 0 1
2040.0 2040 2040 0.0 0 0 0.0 0.0 0.0 0 1
2032.25 2053 1998 1.25 3 0 0.000612217588584 0.00145914396887 0.0 3 1
2211.0 2211 2211 0.0 0 0 0.0 0.0 0.0 0 1
2002.42857143 2085 1915 0.571428571429 2 0 0.000280804697336 0.0009765625 0.0 6 1
2160.0 2160 2160 0.0 0 0 0.0 0.0 0.0 0 1
2027.5 2108 1947 0.0 0 0 0.0 0.0 0.0 1 1
2012.73076923 2152 1838 1.65384615385 5 0 0.000817311788239 0.00249625561658 0.0 25 1
2061.0 2061 2061 0.0 0 0 0.0 0.0 0.0 0 1
2090.0 2090 2090 0.0 0 0 0.0 0.0 0.0 0 1
2094.1 2197 1991 1.1 2 0 0.000524164220906 0.000954198473282 0.0 9 1
2017.5 2055 1980 0.0 0 0 0.0 0.0 0.0 1 1
2172.0 2191 2145 0.333333333333 1 0 0.000152835090937 0.000458505272811 0.0 2 1
2127.25 2281 2046 0.75 2 0 0.000344847141311 0.000941176470588 0.0 3 1
2114.73333333 2209 2004 1.93333333333 7 0 0.000905817000098 0.00330500472144 0.0 14 1
2179.0 2197 2157 1.0 2 0 0.000459574612479 0.00091533180778 0.0 2 1
2180.5 2206 2155 0.0 0 0 0.0 0.0 0.0 1 1
2073.0 2073 2073 0.0 0 0 0.0 0.0 0.0 0 1
2020.0 2020 2020 0.0 0 0 0.0 0.0 0.0 0 1
2025.66666667 2048 2005 0.666666666667 1 0 0.000328849144773 0.00049850448654 0.0 2 1
2032.0 2032 2032 0.0 0 0 0.0 0.0 0.0 0 1
1940.39285714 2092 1816 0.892857142857 3 0 0.000465519894809 0.00161377084454 0.0 27 1
1991.0 1999 1986 1.0 2 0 0.000502012072435 0.0010060362173 0.0 2 1
2125.33333333 2134 2118 1.0 2 0 0.00046897260777 0.000936329588015 0.0 2 1
2098.0 2098 2098 0.0 0 0 0.0 0.0 0.0 0 1
2007.83333333 2045 1966 0.0 0 0 0.0 0.0 0.0 5 1
2084.0 2155 2023 1.4 3 0 0.000679258567776 0.00145914396887 0.0 4 1
1995.0 1995 1995 0.0 0 0 0.0 0.0 0.0 0 1
1996.0 2045 1947 0.0 0 0 0.0 0.0 0.0 1 1
1996.5 2002 1991 0.0 0 0 0.0 0.0 0.0 1 1
1921.33333333 1931 1912 0.666666666667 2 0 0.000344887049491 0.00103466114847 0.0 2 1
2113.0 2113 2113 0.0 0 0 0.0 0.0 0.0 0 1
2052.66666667 2089 2029 0.0 0 0 0.0 0.0 0.0 2 1
2108.0 2134 2082 0.5 1 0 0.000234192037471 0.000468384074941 0.0 1 1
2189.66666667 2237 2114 0.333333333333 1 0 0.000148942508192 0.000446827524576 0.0 2 1
2025.36363636 2101 1959 0.909090909091 2 0 0.000449272311309 0.00100502512563 0.0 10 1
2137.0 2166 2106 0.25 1 0 0.000118652112008 0.00047460844803 0.0 3 1
2052.0 2052 2052 0.0 0 0 0.0 0.0 0.0 0 1
2080.5 2106 2055 0.5 1 0 0.000237304224015 0.00047460844803 0.0 1 1
2017.0 2017 2017 0.0 0 0 0.0 0.0 0.0 0 1
2065.25 2116 2023 0.75 2 0 0.000359589552378 0.000944287063267 0.0 3 1
2010.25 2062 1966 2.25 4 0 0.00111356363884 0.00193610842207 0.0 3 1
2098.0 2098 2098 0.0 0 0 0.0 0.0 0.0 0 1
2073.0 2073 2073 0.0 0 0 0.0 0.0 0.0 0 1
1922.3125 1979 1866 2.125 5 0 0.00110552924124 0.00266951414842 0.0 15 1
2022.0 2056 1988 0.0 0 0 0.0 0.0 0.0 1 1
2019.0 2034 2004 0.333333333333 1 0 0.0001638001638 0.0004914004914 0.0 2 1
2073.0 2073 2073 0.0 0 0 0.0 0.0 0.0 0 1
1937.5 1939 1936 0.5 1 0 0.000257731958763 0.000515463917526 0.0 1 1
2100.25 2128 2075 0.5 1 0 0.00023829282185 0.000481695568401 0.0 3 1
2120.0 2120 2120 0.0 0 0 0.0 0.0 0.0 0 1
2049.5 2050 2049 1.0 2 0 0.000487329434698 0.000974658869396 0.0 1 1
1969.28571429 2019 1905 0.285714285714 1 0 0.000143911600659 0.000508130081301 0.0 6 1
2196.0 2196 2196 0.0 0 0 0.0 0.0 0.0 0 1
2152.2 2245 2046 0.4 1 0 0.00019441575585 0.000488519785051 0.0 4 1
2136.0 2235 2061 0.666666666667 2 0 0.000311094544615 0.000944733112896 0.0 5 1
2243.0 2243 2243 0.0 0 0 0.0 0.0 0.0 0 1
2026.66666667 2083 1935 1.0 2 0 0.000487352126065 0.000959232613909 0.0 5 1
2140.25 2182 2107 0.75 2 0 0.00035160048541 0.00094831673779 0.0 3 1
2036.66666667 2086 1982 0.833333333333 1 0 0.000408648483099 0.000504286434695 0.0 5 1
1927.0 1927 1927 0.0 0 0 0.0 0.0 0.0 0 1
2147.5 2200 2113 0.75 2 0 0.000347448157972 0.000935453695042 0.0 3 1
2072.8 2106 1976 0.4 2 0 0.000190114068441 0.000950570342205 0.0 4 1
2010.66666667 2055 1964 0.0 0 0 0.0 0.0 0.0 5 1
2082.5 2098 2067 0.0 0 0 0.0 0.0 0.0 1 1
2119.0 2119 2119 0.0 0 0 0.0 0.0 0.0 0 1
1996.0 2011 1981 0.5 1 0 0.000248508946322 0.000497017892644 0.0 1 1
2114.0 2114 2114 0.0 0 0 0.0 0.0 0.0 0 1
2157.5 2212 2103 0.5 1 0 0.000225937641211 0.000451875282422 0.0 1 1
2043.33333333 2155 1924 1.5 3 0 0.000718078934463 0.00143129770992 0.0 5 1
1967.0 1967 1967 0.0 0 0 0.0 0.0 0.0 0 1
2219.75 2279 2175 0.5 2 0 0.00021920210434 0.000876808417361 0.0 3 1
2138.0 2138 2138 0.0 0 0 0.0 0.0 0.0 0 1
1983.0 1983 1983 0.0 0 0 0.0 0.0 0.0 0 1
2244.0 2244 2244 0.0 0 0 0.0 0.0 0.0 0 1
2094.0 2094 2094 0.0 0 0 0.0 0.0 0.0 0 1
1952.5 2018 1887 0.5 1 0 0.000264830508475 0.000529661016949 0.0 1 1
2126.0 2198 2039 0.75 1 0 0.000348071378498 0.00048007681229 0.0 3 1
2142.0 2155 2129 1.0 2 0 0.000469263256687 0.000938526513374 0.0 1 1
2013.0 2013 2013 0.0 0 0 0.0 0.0 0.0 0 1
2011.0 2037 1963 0.333333333333 1 0 0.000165020090201 0.000498007968127 0.0 8 1
2218.0 2263 2173 0.5 1 0 0.000229990800368 0.000459981600736 0.0 1 1
2306.0 2306 2306 0.0 0 0 0.0 0.0 0.0 0 1
1998.5 2003 1994 1.0 2 0 0.000501002004008 0.00100200400802 0.0 1 1
2077.375 2099 2038 1.625 3 0 0.000781105635993 0.00145278450363 0.0 7 1
1950.0 1956 1944 0.5 1 0 0.00025706940874 0.000514138817481 0.0 1 1
2005.0 2005 2005 0.0 0 0 0.0 0.0 0.0 0 1
1981.66666667 2000 1951 1.0 2 0 0.000500584710985 0.00100200400802 0.0 2 1
1991.0 2050 1950 1.0 2 0 0.000493539779818 0.000999500249875 0.0 3 1
2122.0 2129 2115 1.0 2 0 0.000469263256687 0.000938526513374 0.0 1 1
2005.25 2038 1939 0.75 1 0 0.000369768982869 0.000495785820526 0.0 3 1
1915.0 1915 1915 0.0 0 0 0.0 0.0 0.0 0 1
2126.0 2170 2083 1.25 3 0 0.000585265771676 0.00139599813867 0.0 7 1
2034.0 2034 2034 0.0 0 0 0.0 0.0 0.0 0 1
2017.94736842 2078 1925 2.57894736842 8 0 0.00127133254603 0.00384985563041 0.0 18 1
2040.0 2074 2006 0.5 1 0 0.000249128051819 0.000498256103637 0.0 1 1
2163.23076923 2245 2084 1.92307692308 5 0 0.000881173959975 0.00222419928826 0.0 12 1
1936.0 1936 1936 0.0 0 0 0.0 0.0 0.0 0 1
2004.5 2014 1995 0.5 1 0 0.000250501002004 0.000501002004008 0.0 1 1
2145.33333333 2192 2095 0.333333333333 1 0 0.00015199878401 0.000455996352029 0.0 2 1
2127.0 2127 2127 0.0 0 0 0.0 0.0 0.0 0 1
2136.0 2136 2136 0.0 0 0 0.0 0.0 0.0 0 1
2109.25 2130 2080 1.25 2 0 0.000592652955624 0.000960614793468 0.0 3 1
1958.16666667 2086 1818 0.666666666667 1 0 0.000329698361035 0.000514933058702 0.0 5 1
2054.5 2065 2044 0.5 1 0 0.000242013552759 0.000484027105518 0.0 1 1
2078.33333333 2105 2057 0.333333333333 1 0 0.000161969549725 0.000485908649174 0.0 2 1
2167.14285714 2235 2070 0.428571428571 1 0 0.000193055426646 0.000452693526483 0.0 6 1
2193.66666667 2236 2145 0.666666666667 1 0 0.000306774053817 0.000465983224604 0.0 2 1
1912.0 1912 1912 0.0 0 0 0.0 0.0 0.0 0 1
2237.5 2246 2229 0.0 0 0 0.0 0.0 0.0 1 1
1936.0 1936 1936 0.0 0 0 0.0 0.0 0.0 0 1
2185.0 2185 2185 0.0 0 0 0.0 0.0 0.0 0 1
1980.0 1980 1980 0.0 0 0 0.0 0.0 0.0 0 1
2026.33333333 2056 1984 0.0 0 0 0.0 0.0 0.0 2 1
2172.25 2199 2150 0.75 1 0 0.000343955972142 0.000463821892393 0.0 3 1
2144.36363636 2206 2068 0.727272727273 2 0 0.000338595762525 0.000945626477541 0.0 10 1
2237.5 2266 2209 0.5 1 0 0.000220555800618 0.000441111601235 0.0 1 1
2011.8 2132 1943 0.8 1 0 0.000394513509373 0.000512295081967 0.0 4 1
2165.0 2228 2087 0.857142857143 2 0 0.000392568713035 0.000911992704058 0.0 6 1
2115.0 2115 2115 0.0 0 0 0.0 0.0 0.0 0 1
2171.0 2171 2171 0.0 0 0 0.0 0.0 0.0 0 1
2165.0 2214 2140 0.333333333333 1 0 0.000150489089541 0.000451467268623 0.0 2 1
2081.0 2081 2081 0.0 0 0 0.0 0.0 0.0 0 1
2072.0 2072 2072 0.0 0 0 0.0 0.0 0.0 0 1
1978.0 1978 1978 0.0 0 0 0.0 0.0 0.0 0 1
1948.75 2060 1781 3.95 11 0 0.00200583389384 0.0055387713998 0.0 19 1
2140.66666667 2195 2071 1.16666666667 2 0 0.000546844267921 0.000964785335263 0.0 5 1
1936.5 1968 1896 0.5 2 0 0.000260010400416 0.00104004160166 0.0 3 1
2082.0 2173 1972 0.666666666667 2 0 0.000317635260117 0.000962000962001 0.0 8 1
2129.5 2132 2127 0.5 1 0 0.000234962406015 0.00046992481203 0.0 1 1
1955.0 1971 1939 0.5 1 0 0.000257731958763 0.000515463917526 0.0 1 1
2134.0 2161 2107 0.5 1 0 0.000231267345051 0.000462534690102 0.0 1 1
2260.0 2260 2260 0.0 0 0 0.0 0.0 0.0 0 1
2183.0 2183 2183 0.0 0 0 0.0 0.0 0.0 0 1
2043.16666667 2108 1982 0.5 1 0 0.000243947017937 0.000497265042268 0.0 5 1
2094.0 2094 2094 0.0 0 0 0.0 0.0 0.0 0 1
2181.0 2181 2181 0.0 0 0 0.0 0.0 0.0 0 1
2082.0 2138 2040 0.333333333333 1 0 0.000161108425971 0.000483325277912 0.0 2 1
2018.31578947 2147 1954 4.63157894737 12 0 0.00227592948494 0.00599101347978 0.0 18 1
1912.5 1921 1904 0.5 1 0 0.000260145681582 0.000520291363163 0.0 1 1
2050.0 2063 2037 0.5 1 0 0.000245338567223 0.000490677134446 0.0 1 1
1963.0 1963 1963 0.0 0 0 0.0 0.0 0.0 0 1
2069.5 2102 2037 0.5 1 0 0.000237755587256 0.000475511174513 0.0 1 1
1929.88888889 1989 1835 0.666666666667 1 0 0.000342309908354 0.000528262017961 0.0 8 1
1878.0 1878 1878 0.0 0 0 0.0 0.0 0.0 0 1
1873.0 1873 1873 0.0 0 0 0.0 0.0 0.0 0 1
2037.0 2037 2037 0.0 0 0 0.0 0.0 0.0 0 1
2098.0 2098 2098 0.0 0 0 0.0 0.0 0.0 0 1
2242.0 2242 2242 0.0 0 0 0.0 0.0 0.0 0 1
2117.0 2147 2087 0.0 0 0 0.0 0.0 0.0 1 1
2085.0 2085 2085 0.0 0 0 0.0 0.0 0.0 0 1
1937.7 2007 1879 1.6 4 0 0.000826268619793 0.00208877284595 0.0 9 1
2010.66666667 2039 1930 3.33333333333 8 0 0.00163853087004 0.00390815828041 0.0 5 1
2088.5 2117 2060 0.0 0 0 0.0 0.0 0.0 1 1
2047.7 2097 2006 0.7 1 0 0.000341698206804 0.000498256103637 0.0 9 1
2089.81818182 2132 2023 0.727272727273 2 0 0.000346043285909 0.000961076405574 0.0 10 1
1871.38888889 2065 1750 1.94444444444 4 0 0.00101931215763 0.00211976682565 0.0 17 1
1877.5 1897 1858 0.5 1 0 0.000263435194942 0.000526870389884 0.0 1 1
1919.6 1979 1822 0.6 2 0 0.000303338101416 0.0010095911156 0.0 4 1
2005.71428571 2080 1918 1.28571428571 3 0 0.000635256099452 0.00149700598802 0.0 6 1
2015.0 2052 1984 0.5 1 0 0.000245290801661 0.000494071146245 0.0 3 1
1875.0 1875 1875 0.0 0 0 0.0 0.0 0.0 0 1
2039.5 2058 2021 0.5 1 0 0.00024727992087 0.000494559841741 0.0 1 1
1948.8 1976 1917 2.6 5 0 0.00133096423906 0.002523977789 0.0 4 1
2151.0 2177 2125 0.0 0 0 0.0 0.0 0.0 1 1
1974.2 2040 1925 1.7 4 0 0.000863240203439 0.00207361327112 0.0 9 1
2050.0 2050 2050 0.0 0 0 0.0 0.0 0.0 0 1
1974.0 1974 1974 0.0 0 0 0.0 0.0 0.0 0 1
2158.5 2169 2148 0.5 1 0 0.000230414746544 0.000460829493088 0.0 1 1
2028.0 2028 2028 0.0 0 0 0.0 0.0 0.0 0 1
2053.0 2053 2053 0.0 0 0 0.0 0.0 0.0 0 1
2012.75 2056 1975 0.5 1 0 0.000248054436416 0.000506072874494 0.0 3 1
1966.84615385 2034 1890 0.846153846154 3 0 0.000430948634956 0.00153452685422 0.0 12 1
2004.0 2004 2004 0.0 0 0 0.0 0.0 0.0 0 1
2118.0 2118 2118 0.0 0 0 0.0 0.0 0.0 0 1
1995.5 2004 1987 0.0 0 0 0.0 0.0 0.0 1 1
2003.0 2003 2003 0.0 0 0 0.0 0.0 0.0 0 1
1876.0 1878 1874 0.5 1 0 0.000266098988824 0.000532197977648 0.0 1 1
2119.0 2119 2119 0.0 0 0 0.0 0.0 0.0 0 1
2077.16666667 2155 2030 1.16666666667 2 0 0.00055860824068 0.000957395883198 0.0 5 1
1933.0 1933 1933 0.0 0 0 0.0 0.0 0.0 0 1
2010.77777778 2076 1934 1.16666666667 4 0 0.000576158013313 0.00197238658777 0.0 17 1
2036.0 2140 1886 1.63636363636 3 0 0.00079544230451 0.0015 0.0 10 1
1950.2 1988 1898 0.0 0 0 0.0 0.0 0.0 4 1
1854.0 1854 1854 0.0 0 0 0.0 0.0 0.0 0 1
1988.42857143 2062 1917 0.571428571429 1 0 0.000282723265929 0.000516795865633 0.0 6 1
1945.0 1945 1945 0.0 0 0 0.0 0.0 0.0 0 1
2120.0 2120 2120 0.0 0 0 0.0 0.0 0.0 0 1
2112.66666667 2148 2048 0.666666666667 1 0 0.00031779188689 0.000488042947779 0.0 2 1
1940.0 1955 1925 0.5 1 0 0.000259605399792 0.000519210799585 0.0 1 1
2104.45454545 2191 2042 1.45454545455 4 0 0.000692501815633 0.00190930787589 0.0 10 1
2265.8 2359 2195 0.8 1 0 0.000353429838057 0.000455373406193 0.0 4 1
2063.0 2063 2063 0.0 0 0 0.0 0.0 0.0 0 1
1970.07692308 2127 1847 1.07692307692 2 0 0.000543391589198 0.00102406554019 0.0 12 1
2012.0 2014 2010 0.0 0 0 0.0 0.0 0.0 1 1
2140.0 2222 2016 0.4 1 0 0.000182191610307 0.000456412596988 0.0 4 1
2101.0 2101 2101 0.0 0 0 0.0 0.0 0.0 0 1
1889.33333333 1948 1845 0.666666666667 1 0 0.00035825361661 0.000541711809317 0.0 2 1
2088.5 2098 2079 0.5 1 0 0.000238208670796 0.000476417341591 0.0 1 1
1936.71428571 1981 1898 0.714285714286 2 0 0.000366104653057 0.00102406554019 0.0 6 1
2160.0 2160 2160 0.0 0 0 0.0 0.0 0.0 0 1
1997.5 2022 1973 1.0 2 0 0.000494071146245 0.00098814229249 0.0 1 1
2128.0 2128 2128 0.0 0 0 0.0 0.0 0.0 0 1
2042.5 2063 2022 0.5 1 0 0.000242248062016 0.000484496124031 0.0 1 1
2061.0 2061 2061 0.0 0 0 0.0 0.0 0.0 0 1
2110.0 2110 2110 0.0 0 0 0.0 0.0 0.0 0 1
2048.5 2073 2024 0.5 1 0 0.000246913580247 0.000493827160494 0.0 1 1
2158.0 2158 2158 0.0 0 0 0.0 0.0 0.0 0 1
1944.0 1975 1913 0.5 1 0 0.000261233019854 0.000522466039707 0.0 1 1
2001.33333333 2022 1983 0.833333333333 1 0 0.000415565758793 0.000504032258065 0.0 5 1
2027.0 2027 2027 0.0 0 0 0.0 0.0 0.0 0 1
2141.66666667 2155 2120 0.333333333333 1 0 0.000154966682163 0.00046490004649 0.0 2 1
2055.66666667 2078 2027 0.666666666667 1 0 0.000321910485103 0.000484730974309 0.0 2 1
2089.28571429 2224 2040 2.28571428571 4 0 0.00109459970363 0.00194741966894 0.0 6 1
2083.66666667 2106 2051 0.0 0 0 0.0 0.0 0.0 2 1
2080.0 2080 2080 0.0 0 0 0.0 0.0 0.0 0 1
2133.0 2133 2133 0.0 0 0 0.0 0.0 0.0 0 1
2000.0 2000 2000 0.0 0 0 0.0 0.0 0.0 0 1
2103.5 2119 2088 0.5 1 0 0.000235849056604 0.000471698113208 0.0 1 1
2109.42857143 2225 2060 1.28571428571 3 0 0.000608253502533 0.0014360938248 0.0 6 1
2026.5 2031 2022 0.0 0 0 0.0 0.0 0.0 1 1
2028.0 2126 1972 0.666666666667 1 0 0.000324472336131 0.000503271263211 0.0 2 1
2032.0 2041 2023 0.0 0 0 0.0 0.0 0.0 1 1
2063.0 2063 2063 0.0 0 0 0.0 0.0 0.0 0 1
2122.5 2136 2109 0.5 1 0 0.000233972859148 0.000467945718297 0.0 1 1
2248.33333333 2262 2234 0.666666666667 1 0 0.000295445246395 0.000444444444444 0.0 2 1
2056.33333333 2073 2044 0.666666666667 1 0 0.000323719210719 0.000488997555012 0.0 2 1
2171.0 2180 2162 0.0 0 0 0.0 0.0 0.0 1 1
1982.0 2053 1853 2.53846153846 5 0 0.00127048446391 0.00250878073256 0.0 12 1
2111.0 2128 2094 0.5 1 0 0.000234852043213 0.000469704086426 0.0 1 1
1982.0 1982 1982 0.0 0 0 0.0 0.0 0.0 0 1
2017.33333333 2022 2010 1.0 2 0 0.000495135778253 0.00098814229249 0.0 2 1
2008.0 2069 1927 1.25 3 0 0.000616489873338 0.00145701796989 0.0 11 1
2102.0 2102 2102 0.0 0 0 0.0 0.0 0.0 0 1
2212.0 2212 2212 0.0 0 0 0.0 0.0 0.0 0 1
2075.0 2075 2075 0.0 0 0 0.0 0.0 0.0 0 1
1964.0 1978 1950 0.5 1 0 0.000256278831369 0.000512557662737 0.0 1 1
2052.33333333 2137 2003 1.5 4 0 0.000720972181613 0.00191296030607 0.0 5 1
1975.0 2072 1868 1.0 3 0 0.000506129756601 0.00155925155925 0.0 7 1
2135.5 2141 2130 1.0 2 0 0.000466635557629 0.000933271115259 0.0 1 1
2051.0 2062 2040 0.5 1 0 0.000244977951984 0.000489955903969 0.0 1 1
2095.0 2095 2095 0.0 0 0 0.0 0.0 0.0 0 1
1861.625 1952 1795 1.0 2 0 0.000540961808583 0.00111296605454 0.0 7 1
2143.5 2176 2111 0.5 1 0 0.000229673863114 0.000459347726229 0.0 1 1
2094.5 2150 2016 0.25 1 0 0.000116225011623 0.00046490004649 0.0 3 1
2027.75 2119 1959 0.75 1 0 0.000365757844765 0.000497017892644 0.0 3 1
2238.2 2317 2131 0.4 1 0 0.00017827759711 0.000459981600736 0.0 4 1
2131.85714286 2200 2069 1.28571428571 2 0 0.000603237962829 0.000965717044906 0.0 6 1
2131.0 2131 2131 0.0 0 0 0.0 0.0 0.0 0 1
2090.0 2090 2090 0.0 0 0 0.0 0.0 0.0 0 1
2005.36363636 2084 1897 1.45454545455 4 0 0.000720531021626 0.001953125 0.0 10 1
2196.25 2288 2147 1.0 2 0 0.000454533675603 0.000924641701341 0.0 3 1
2083.0 2083 2083 0.0 0 0 0.0 0.0 0.0 0 1
2078.5 2083 2074 0.0 0 0 0.0 0.0 0.0 1 1
2087.0 2092 2082 0.5 1 0 0.000238891543239 0.000477783086479 0.0 1 1
2293.0 2293 2293 0.0 0 0 0.0 0.0 0.0 0 1
2105.0 2105 2105 0.0 0 0 0.0 0.0 0.0 0 1
2019.5 2030 2009 0.0 0 0 0.0 0.0 0.0 1 1
2207.0 2207 2207 0.0 0 0 0.0 0.0 0.0 0 1
2040.0 2085 1996 0.666666666667 1 0 0.000323194154619 0.000490196078431 0.0 2 1
2072.66666667 2117 2034 0.666666666667 1 0 0.00031856750861 0.000483558994197 0.0 2 1
1872.06666667 1966 1802 3.26666666667 8 0 0.00172707942818 0.00414937759336 0.0 14 1
2046.5 2056 2037 0.5 1 0 0.000245338567223 0.000490677134446 0.0 1 1
2040.0 2040 2040 0.0 0 0 0.0 0.0 0.0 0 1
2038.0 2110 1958 1.5 3 0 0.000728856775282 0.00147130946542 0.0 5 1
2024.0 2024 2024 0.0 0 0 0.0 0.0 0.0 0 1
2167.125 2220 2075 0.75 1 0 0.000344991931734 0.000471253534402 0.0 7 1
2024.0 2024 2024 0.0 0 0 0.0 0.0 0.0 0 1
2012.0 2012 2012 0.0 0 0 0.0 0.0 0.0 0 1
2012.5 2030 1995 1.0 2 0 0.00050075112669 0.00100150225338 0.0 1 1
1995.0 1995 1995 0.0 0 0 0.0 0.0 0.0 0 1
2069.0 2113 2025 0.5 1 0 0.000236518448439 0.000473036896878 0.0 1 1
2065.0 2065 2065 0.0 0 0 0.0 0.0 0.0 0 1
2208.0 2208 2208 0.0 0 0 0.0 0.0 0.0 0 1
2054.2 2173 1877 2.5 6 0 0.00119554275938 0.00278422273782 0.0 9 1
2052.0 2052 2052 0.0 0 0 0.0 0.0 0.0 0 1
2061.6875 2290 1814 1.9375 4 0 0.000953846511734 0.00208986415883 0.0 15 1
2087.0 2087 2087 0.0 0 0 0.0 0.0 0.0 0 1
2129.0 2129 2129 0.0 0 0 0.0 0.0 0.0 0 1
1816.0 1816 1816 0.0 0 0 0.0 0.0 0.0 0 1
2085.375 2136 2025 1.125 2 0 0.000539279029536 0.000986679822398 0.0 7 1
2075.14285714 2102 2050 1.14285714286 3 0 0.000547551198676 0.00144369586141 0.0 6 1
2039.5 2053 2026 0.0 0 0 0.0 0.0 0.0 1 1
2039.0 2039 2039 0.0 0 0 0.0 0.0 0.0 0 1
1994.21428571 2124 1876 2.78571428571 5 0 0.0013830036539 0.00264270613108 0.0 13 1
2180.0 2180 2180 0.0 0 0 0.0 0.0 0.0 0 1
2029.0 2029 2029 0.0 0 0 0.0 0.0 0.0 0 1
1959.5 1975 1944 0.0 0 0 0.0 0.0 0.0 1 1
1989.0 2021 1970 0.333333333333 1 0 0.000168605631428 0.000505816894284 0.0 2 1
1985.0 2052 1920 0.0 0 0 0.0 0.0 0.0 3 1
1930.85 2142 1785 1.35 4 0 0.000682036868333 0.00208550573514 0.0 19 1
2212.5 2235 2190 0.0 0 0 0.0 0.0 0.0 1 1
2137.0 2137 2137 0.0 0 0 0.0 0.0 0.0 0 1
2207.5 2224 2191 0.5 1 0 0.000224719101124 0.000449438202247 0.0 1 1
1965.85714286 2051 1873 0.857142857143 2 0 0.000431955612431 0.00102197240675 0.0 6 1
2120.0 2120 2120 0.0 0 0 0.0 0.0 0.0 0 1
2149.0 2161 2142 0.333333333333 1 0 0.0001554001554 0.0004662004662 0.0 2 1
2013.0 2098 1922 0.6 2 0 0.000298483132483 0.00100200400802 0.0 9 1
2041.66666667 2071 1989 0.666666666667 1 0 0.000328846556111 0.000502512562814 0.0 2 1
2186.0 2186 2186 0.0 0 0 0.0 0.0 0.0 0 1
2114.83333333 2171 2076 0.5 1 0 0.000236941442663 0.000478927203065 0.0 5 1
1994.0 1994 1994 0.0 0 0 0.0 0.0 0.0 0 1
2131.0 2131 2131 0.0 0 0 0.0 0.0 0.0 0 1
2048.0 2048 2048 0.0 0 0 0.0 0.0 0.0 0 1
1894.0 1924 1864 0.5 1 0 0.000268096514745 0.000536193029491 0.0 1 1
2023.0 2023 2023 0.0 0 0 0.0 0.0 0.0 0 1
1878.125 1948 1817 2.0 4 0 0.00105869308524 0.00213903743316 0.0 7 1
2103.0 2137 2069 0.0 0 0 0.0 0.0 0.0 1 1
2040.0 2040 2040 0.0 0 0 0.0 0.0 0.0 0 1
2154.5 2159 2150 0.0 0 0 0.0 0.0 0.0 1 1
2026.66666667 2069 1972 1.0 2 0 0.000485304374446 0.000965717044906 0.0 2 1
1943.0 1997 1902 0.333333333333 1 0 0.000175162024873 0.000525486074619 0.0 2 1
2093.0 2093 2093 0.0 0 0 0.0 0.0 0.0 0 1
2265.5 2283 2250 0.25 1 0 0.00010945709282 0.000437828371278 0.0 3 1
1976.85714286 2028 1946 0.428571428571 1 0 0.0002165926145 0.000513610683102 0.0 6 1
1914.2 2017 1821 1.2 2 0 0.00062070142433 0.00106326422116 0.0 4 1
2038.33333333 2089 1983 0.333333333333 1 0 0.000159489633174 0.000478468899522 0.0 2 1
2130.0 2130 2130 0.0 0 0 0.0 0.0 0.0 0 1
2023.5 2039 2008 0.5 1 0 0.000245098039216 0.000490196078431 0.0 1 1
2016.38297872 2194 1853 4.29787234043 9 0 0.002130837091 0.00425129900803 0.0 46 1
2042.0 2082 2006 2.29411764706 7 0 0.00112469657415 0.00344827586207 0.0 16 1
2107.0 2107 2107 0.0 0 0 0.0 0.0 0.0 0 1
2044.125 2162 1923 0.875 2 0 0.000430213585112 0.00103896103896 0.0 7 1
1986.63157895 2109 1860 0.578947368421 1 0 0.000295308146986 0.000534188034188 0.0 18 1
1918.16666667 1976 1874 0.333333333333 1 0 0.000172034534734 0.000523560209424 0.0 5 1
2176.0 2176 2176 0.0 0 0 0.0 0.0 0.0 0 1
2156.0 2157 2155 0.5 1 0 0.000231910946197 0.000463821892393 0.0 1 1
1945.0 1961 1919 0.75 1 0 0.000386487434016 0.000520833333333 0.0 3 1
2109.0 2109 2109 0.0 0 0 0.0 0.0 0.0 0 1
2091.26666667 2136 2035 1.4 5 0 0.000670111681571 0.002405002405 0.0 14 1
2256.0 2256 2256 0.0 0 0 0.0 0.0 0.0 0 1
2015.57142857 2087 1954 0.285714285714 1 0 0.000141582896786 0.000495540138751 0.0 6 1
2065.0 2065 2065 0.0 0 0 0.0 0.0 0.0 0 1
2152.0 2165 2139 0.0 0 0 0.0 0.0 0.0 1 1
1994.0 1994 1994 0.0 0 0 0.0 0.0 0.0 0 1
1988.0 2008 1968 0.5 1 0 0.000253936008126 0.000507872016252 0.0 1 1
2112.0 2112 2112 0.0 0 0 0.0 0.0 0.0 0 1
2045.125 2126 1990 0.875 3 0 0.000427952342955 0.00146914789422 0.0 15 1
2101.5 2103 2100 0.5 1 0 0.000237642585551 0.000475285171103 0.0 1 1
2103.6 2138 2067 0.8 2 0 0.000376815979578 0.000934579439252 0.0 4 1
1919.42857143 1996 1879 0.857142857143 1 0 0.000445390585913 0.000531914893617 0.0 6 1
1979.77777778 2068 1898 1.55555555556 4 0 0.000780954071556 0.00195694716243 0.0 8 1
2151.0 2151 2151 0.0 0 0 0.0 0.0 0.0 0 1
1881.0 1921 1851 0.666666666667 2 0 0.000346680533888 0.00104004160166 0.0 2 1
2047.0 2047 2047 0.0 0 0 0.0 0.0 0.0 0 1
2137.0 2137 2137 0.0 0 0 0.0 0.0 0.0 0 1
2019.66666667 2047 2002 1.33333333333 3 0 0.000654221919154 0.00146341463415 0.0 2 1
2001.0 2056 1971 0.333333333333 1 0 0.000162048290391 0.000486144871172 0.0 2 1
1976.9 2040 1892 1.9 7 0 0.000966641610446 0.00352822580645 0.0 19 1
2078.0 2078 2078 0.0 0 0 0.0 0.0 0.0 0 1
2145.0 2193 2095 1.0 2 0 0.000463712267638 0.000935453695042 0.0 3 1
2073.25 2122 2020 0.0 0 0 0.0 0.0 0.0 3 1
1994.0 2045 1956 1.0 3 0 0.000504032258065 0.00151209677419 0.0 2 1
2127.0 2188 2101 1.6 4 0 0.00075074611679 0.00188946622579 0.0 4 1
2079.0 2114 2044 1.0 2 0 0.00047258979206 0.000945179584121 0.0 1 1
1962.25 1983 1953 0.5 1 0 0.00025542799162 0.000511247443763 0.0 3 1
2079.5 2116 2043 0.5 1 0 0.000236183278224 0.000472366556448 0.0 1 1
2228.5 2263 2194 0.5 1 0 0.000220848056537 0.000441696113074 0.0 1 1
2101.0 2101 2101 0.0 0 0 0.0 0.0 0.0 0 1
2039.5 2054 2025 0.5 1 0 0.000246791707799 0.000493583415597 0.0 1 1
2084.0 2128 2044 1.25 2 0 0.000595989655831 0.000969932104753 0.0 3 1
2130.0 2130 2130 0.0 0 0 0.0 0.0 0.0 0 1
1991.0 1991 1991 0.0 0 0 0.0 0.0 0.0 0 1
2220.0 2220 2220 0.0 0 0 0.0 0.0 0.0 0 1
2025.33333333 2064 1959 0.333333333333 1 0 0.000164854288621 0.000495785820526 0.0 5 1
1972.0 1972 1972 0.0 0 0 0.0 0.0 0.0 0 1
2065.5 2123 2008 0.5 1 0 0.000235404896422 0.000470809792844 0.0 1 1
2075.0 2075 2075 0.0 0 0 0.0 0.0 0.0 0 1
2086.5 2088 2085 0.5 1 0 0.000239693192713 0.000479386385427 0.0 1 1
1927.25 1946 1899 0.25 1 0 0.00012853470437 0.000514138817481 0.0 3 1
1678.88888889 1960 1532 1.5 4 0 0.00087584921677 0.0021186440678 0.0 17 1
1982.66666667 2087 1839 1.33333333333 4 0 0.000656396066953 0.0019831432821 0.0 5 1
2200.0 2205 2195 0.0 0 0 0.0 0.0 0.0 1 1
2109.0 2159 2063 0.75 1 0 0.000353998441487 0.000483558994197 0.0 7 1
2117.0 2117 2117 0.0 0 0 0.0 0.0 0.0 0 1
2066.0 2066 2066 0.0 0 0 0.0 0.0 0.0 0 1
2024.0 2048 1990 1.33333333333 2 0 0.000662111445126 0.00100401606426 0.0 2 1
1982.5 2046 1900 0.5 1 0 0.000248826893864 0.000512557662737 0.0 5 1
1937.88888889 2015 1842 1.44444444444 3 0 0.000741727187967 0.00153452685422 0.0 8 1
2122.0 2122 2122 0.0 0 0 0.0 0.0 0.0 0 1
1988.0 1988 1988 0.0 0 0 0.0 0.0 0.0 0 1
1910.5 1916 1905 0.5 1 0 0.000260824204486 0.000521648408972 0.0 1 1
1992.25 2024 1955 0.75 1 0 0.000376143775939 0.000511247443763 0.0 3 1
1946.0 2011 1892 0.333333333333 1 0 0.00017608733932 0.000528262017961 0.0 2 1
1905.0 1905 1905 0.0 0 0 0.0 0.0 0.0 0 1
2145.16666667 2227 2076 0.666666666667 2 0 0.00031518280148 0.000944733112896 0.0 5 1
1949.0 1953 1945 0.5 1 0 0.000256937307297 0.000513874614594 0.0 1 1
2177.0 2177 2177 0.0 0 0 0.0 0.0 0.0 0 1
1861.33333333 2012 1777 1.33333333333 3 0 0.000718110793011 0.00164654226125 0.0 5 1
2082.0 2082 2082 0.0 0 0 0.0 0.0 0.0 0 1
2061.5 2077 2046 0.5 1 0 0.000240615976901 0.000481231953802 0.0 1 1
2133.5 2150 2117 0.0 0 0 0.0 0.0 0.0 1 1
1952.5 2058 1875 1.75 5 0 0.000896109813723 0.0025367833587 0.0 7 1
2096.0 2096 2096 0.0 0 0 0.0 0.0 0.0 0 1
2015.5 2029 2002 0.5 1 0 0.000246305418719 0.000492610837438 0.0 1 1
2068.0 2078 2058 0.5 1 0 0.0002405002405 0.000481000481 0.0 1 1
2096.5 2123 2070 0.0 0 0 0.0 0.0 0.0 1 1
1997.16666667 2036 1976 0.666666666667 1 0 0.000334853704457 0.000505816894284 0.0 5 1
1980.0 1998 1962 0.0 0 0 0.0 0.0 0.0 1 1
2026.0 2026 2026 0.0 0 0 0.0 0.0 0.0 0 1
2147.0 2147 2147 0.0 0 0 0.0 0.0 0.0 0 1
2046.0 2046 2046 0.0 0 0 0.0 0.0 0.0 0 1
1976.66666667 2080 1900 2.5 5 0 0.0012622272814 0.00258933195236 0.0 11 1
1963.57142857 2059 1879 0.857142857143 2 0 0.000435326748166 0.00104657247514 0.0 13 1
2011.5 2033 1986 0.25 1 0 0.000124254473161 0.000497017892644 0.0 3 1
1948.0 1948 1948 0.0 0 0 0.0 0.0 0.0 0 1
1932.5 1934 1931 0.0 0 0 0.0 0.0 0.0 1 1
2152.0 2152 2152 0.0 0 0 0.0 0.0 0.0 0 1
2081.25 2163 1973 1.25 3 0 0.000579796118778 0.00138504155125 0.0 3 1
1936.30769231 2009 1803 1.46153846154 4 0 0.000747233015146 0.00200904068307 0.0 12 1
1928.0 1947 1909 0.0 0 0 0.0 0.0 0.0 1 1
2012.0 2012 2012 0.0 0 0 0.0 0.0 0.0 0 1
1875.0 1875 1875 0.0 0 0 0.0 0.0 0.0 0 1
1911.16666667 1985 1825 1.0 2 0 0.000516448422187 0.00101061141991 0.0 5 1
2151.0 2151 2151 0.0 0 0 0.0 0.0 0.0 0 1
2114.33333333 2130 2097 0.333333333333 1 0 0.000156421085562 0.000469263256687 0.0 2 1
1809.66666667 1924 1742 2.0 6 0 0.0011035153427 0.00335758254057 0.0 11 1
1920.9047619 2068 1769 1.33333333333 3 0 0.000700998470511 0.00167785234899 0.0 20 1
2162.0 2213 2111 0.5 1 0 0.000225835591689 0.000451671183379 0.0 1 1
2138.0 2138 2138 0.0 0 0 0.0 0.0 0.0 0 1
2113.4 2162 2078 0.8 3 0 0.000381050909701 0.00143266475645 0.0 4 1
1993.81818182 2112 1870 1.18181818182 2 0 0.000588794999085 0.00100250626566 0.0 10 1
2014.38461538 2103 1920 1.23076923077 2 0 0.000609344322897 0.00104058272633 0.0 12 1
1986.66666667 2019 1953 1.0 3 0 0.000502260170768 0.00150678051231 0.0 2 1
2072.625 2118 1969 0.75 2 0 0.000358635826197 0.000946521533365 0.0 7 1
2273.0 2273 2273 0.0 0 0 0.0 0.0 0.0 0 1
1953.5 1996 1911 0.0 0 0 0.0 0.0 0.0 1 1
2040.0 2068 2012 0.5 1 0 0.000241662638956 0.000483325277912 0.0 1 1
1935.0 1935 1935 0.0 0 0 0.0 0.0 0.0 0 1
2069.5 2144 2016 0.75 1 0 0.000359310266458 0.000491883915396 0.0 3 1
2118.0 2118 2118 0.0 0 0 0.0 0.0 0.0 0 1
2020.0 2056 1984 0.0 0 0 0.0 0.0 0.0 1 1
2009.5 2046 1973 0.0 0 0 0.0 0.0 0.0 1 1
1869.6 1965 1795 0.7 2 0 0.000374400990567 0.00111296605454 0.0 9 1
2043.75 2063 2010 0.0 0 0 0.0 0.0 0.0 3 1
2074.0 2074 2074 0.0 0 0 0.0 0.0 0.0 0 1
1936.2 1996 1881 1.2 3 0 0.000618875633402 0.00151975683891 0.0 4 1
1980.0 1980 1980 0.0 0 0 0.0 0.0 0.0 0 1
2220.0 2220 2220 0.0 0 0 0.0 0.0 0.0 0 1
2059.66666667 2136 2006 0.0 0 0 0.0 0.0 0.0 2 1
1864.0 1864 1864 0.0 0 0 0.0 0.0 0.0 0 1
1957.66666667 2124 1821 2.46666666667 6 0 0.00126984123644 0.00307062436029 0.0 14 1
2180.75 2311 2135 0.5 1 0 0.000224790377297 0.000466635557629 0.0 3 1
2031.0 2031 2031 0.0 0 0 0.0 0.0 0.0 0 1
1984.75 2094 1925 1.1875 2 0 0.000596079359711 0.00102301790281 0.0 15 1
2131.0 2131 2131 0.0 0 0 0.0 0.0 0.0 0 1
1944.6 1994 1870 0.6 2 0 0.000304296905499 0.00100200400802 0.0 4 1
1944.0 1944 1944 0.0 0 0 0.0 0.0 0.0 0 1
2044.66666667 2066 2029 0.0 0 0 0.0 0.0 0.0 2 1
2043.58333333 2194 1896 1.66666666667 4 0 0.000805677261872 0.00192215281115 0.0 11 1
2178.0 2182 2174 0.5 1 0 0.000229885057471 0.000459770114943 0.0 1 1
2103.0 2103 2103 0.0 0 0 0.0 0.0 0.0 0 1
2172.0 2172 2172 0.0 0 0 0.0 0.0 0.0 0 1
1963.5 1984 1943 0.5 1 0 0.000251889168766 0.000503778337531 0.0 1 1
2120.0 2120 2120 0.0 0 0 0.0 0.0 0.0 0 1
2106.0 2106 2106 0.0 0 0 0.0 0.0 0.0 0 1
2084.0 2094 2074 0.5 1 0 0.000238663484487 0.000477326968974 0.0 1 1
2127.0 2127 2127 0.0 0 0 0.0 0.0 0.0 0 1
2050.5 2102 1999 0.5 1 0 0.000237755587256 0.000475511174513 0.0 1 1
2012.0 2063 1982 0.666666666667 1 0 0.00032883471872 0.000502008032129 0.0 2 1
1967.66666667 2028 1906 0.666666666667 1 0 0.000333489278557 0.000507614213198 0.0 2 1
2012.0 2012 2012 0.0 0 0 0.0 0.0 0.0 0 1
2090.0 2090 2090 0.0 0 0 0.0 0.0 0.0 0 1
2195.25 2213 2163 0.5 1 0 0.000226450947525 0.000454132606721 0.0 3 1
2036.2 2090 1958 0.4 1 0 0.000193208990913 0.000487804878049 0.0 4 1
2079.83333333 2105 2057 0.5 1 0 0.000239588978755 0.000482392667631 0.0 5 1
2142.42857143 2225 2019 0.857142857143 2 0 0.000403951729378 0.000989609104404 0.0 6 1
2259.0 2259 2259 0.0 0 0 0.0 0.0 0.0 0 1
1867.22222222 1989 1799 1.77777777778 3 0 0.000955158322287 0.00166481687014 0.0 8 1
2119.0 2119 2119 0.0 0 0 0.0 0.0 0.0 0 1
2073.0 2073 2073 0.0 0 0 0.0 0.0 0.0 0 1
2041.0 2041 2041 0.0 0 0 0.0 0.0 0.0 0 1
2079.0 2079 2079 0.0 0 0 0.0 0.0 0.0 0 1
1965.0 1979 1951 1.0 2 0 0.000512032770097 0.00102406554019 0.0 1 1
1860.8 1941 1769 0.2 1 0 0.00010460251046 0.000523012552301 0.0 4 1
1924.0 2012 1826 2.46666666667 7 0 0.00129483615773 0.00370762711864 0.0 14 1
2038.0 2038 2038 0.0 0 0 0.0 0.0 0.0 0 1
2113.33333333 2124 2097 0.333333333333 1 0 0.000156862745098 0.000470588235294 0.0 2 1
1939.66666667 2055 1749 0.333333333333 1 0 0.00016523156294 0.000513610683102 0.0 8 1
1964.0 1964 1964 0.0 0 0 0.0 0.0 0.0 0 1
2199.0 2199 2199 0.0 0 0 0.0 0.0 0.0 0 1
2008.25 2080 1935 0.75 1 0 0.000372438919226 0.00051652892562 0.0 7 1
1987.85714286 2043 1930 1.28571428571 3 0 0.000645196911346 0.00152983171851 0.0 6 1
1864.0 1864 1864 0.0 0 0 0.0 0.0 0.0 0 1
2262.0 2262 2262 0.0 0 0 0.0 0.0 0.0 0 1
2093.81818182 2186 2037 1.54545454545 3 0 0.000738817272785 0.0014450867052 0.0 10 1
1977.0 2005 1944 0.5 1 0 0.000251016414861 0.000505561172902 0.0 3 1
2161.5 2177 2146 0.5 1 0 0.000229568411387 0.000459136822773 0.0 1 1
2069.25 2105 2046 0.5 1 0 0.000242437934713 0.000488519785051 0.0 3 1
2122.0 2199 2077 0.0 0 0 0.0 0.0 0.0 2 1
2269.0 2269 2269 0.0 0 0 0.0 0.0 0.0 0 1
2110.0 2110 2110 0.0 0 0 0.0 0.0 0.0 0 1
2049.0 2049 2049 0.0 0 0 0.0 0.0 0.0 0 1
2082.0 2114 2050 0.0 0 0 0.0 0.0 0.0 1 1
1908.0 1921 1895 0.5 1 0 0.000260145681582 0.000520291363163 0.0 1 1
2099.0 2110 2080 0.666666666667 1 0 0.000318307168165 0.000480538202787 0.0 2 1
2035.0 2045 2025 0.0 0 0 0.0 0.0 0.0 1 1
2146.0 2146 2146 0.0 0 0 0.0 0.0 0.0 0 1
1995.25 2013 1978 0.25 1 0 0.000126326427489 0.000505305709955 0.0 3 1
2018.5 2052 1976 0.666666666667 2 0 0.000327336103655 0.000989119683482 0.0 5 1
2098.0 2098 2098 0.0 0 0 0.0 0.0 0.0 0 1
2042.25 2279 1858 3.0 13 0 0.001461037841 0.00633837152608 0.0 23 1
2119.0 2125 2113 0.5 1 0 0.000236518448439 0.000473036896878 0.0 1 1
2057.0 2057 2057 0.0 0 0 0.0 0.0 0.0 0 1
2039.0 2039 2039 0.0 0 0 0.0 0.0 0.0 0 1
2197.0 2233 2161 0.5 1 0 0.000223813786929 0.000447627573859 0.0 1 1
2003.8 2098 1957 0.6 2 0 0.000290726817043 0.000952380952381 0.0 4 1
1855.75 1899 1815 1.0 2 0 0.000533932413909 0.00106326422116 0.0 3 1
1989.5 2104 1942 0.75 1 0 0.000374259014673 0.000512032770097 0.0 3 1
2156.0 2156 2156 0.0 0 0 0.0 0.0 0.0 0 1
2032.5 2165 1935 1.2 3 0 0.000580220886175 0.00147928994083 0.0 9 1
2142.0 2170 2109 0.666666666667 1 0 0.000308722191772 0.000465549348231 0.0 2 1
2051.75 2221 1955 1.125 3 0 0.000542754508478 0.00144997583374 0.0 7 1
1955.94117647 2102 1848 1.47058823529 4 0 0.00075976977105 0.00207039337474 0.0 16 1
1956.27272727 2092 1826 1.72727272727 5 0 0.00089180211929 0.00262329485834 0.0 32 1
1981.08333333 2321 1785 2.33333333333 6 0 0.00116496415604 0.00298804780876 0.0 23 1
1827.75 1896 1728 1.25 2 0 0.000668177511449 0.00106951871658 0.0 3 1
2168.0 2168 2168 0.0 0 0 0.0 0.0 0.0 0 1
1838.0 1838 1838 0.0 0 0 0.0 0.0 0.0 0 1
2069.5 2116 2023 0.5 1 0 0.000247035573123 0.000494071146245 0.0 1 1
2108.5 2139 2078 0.5 1 0 0.0002405002405 0.000481000481 0.0 1 1
2142.25 2204 2051 1.0 2 0 0.000477081761167 0.000974184120799 0.0 3 1
1885.0 1885 1885 0.0 0 0 0.0 0.0 0.0 0 1
2074.0 2125 2030 0.666666666667 1 0 0.000317975293456 0.000483558994197 0.0 2 1
1979.0 1979 1979 0.0 0 0 0.0 0.0 0.0 0 1
1959.0 1959 1959 0.0 0 0 0.0 0.0 0.0 0 1
2101.66666667 2104 2100 1.0 2 0 0.000475511389447 0.000951474785918 0.0 2 1
2007.5 2033 1983 1.0 2 0 0.000495575308169 0.000999500249875 0.0 3 1
2150.2 2244 2065 1.7 4 0 0.000789733755592 0.00188857412653 0.0 9 1
2111.0 2111 2111 0.0 0 0 0.0 0.0 0.0 0 1
2203.0 2203 2203 0.0 0 0 0.0 0.0 0.0 0 1
2004.2 2070 1939 1.0 2 0 0.000493291391131 0.000973709834469 0.0 4 1
2278.5 2285 2272 0.5 1 0 0.000218722659668 0.000437445319335 0.0 1 1
