2038.5 2041 2036 0.0 0 0 0.0 0.0 0.0 1 1
2030.0 2030 2030 0.0 0 0 0.0 0.0 0.0 0 1
2011.125 2087 1916 0.75 2 0 0.000365025165523 0.000957395883198 0.0 7 1
344.796 2014 142 129.949 651 1 0.291693231004 0.566371681416 0.000513347022587 999 1
338.183 2065 123 123.454 622 0 0.296546723146 0.569089048106 0.0 999 1
1907.0 1907 1907 0.0 0 0 0.0 0.0 0.0 0 1
1926.625 1999 1806 1.0 2 0 0.000516497828717 0.00107009095773 0.0 7 1
2047.625 2115 1977 1.0 2 0 0.000482920856457 0.000973709834469 0.0 7 1
2157.0 2157 2157 0.0 0 0 0.0 0.0 0.0 0 1
356.375 2237 139 124.95 504 0 0.282019219735 0.477842003854 0.0 999 1
2121.0 2121 2121 0.0 0 0 0.0 0.0 0.0 0 1
2175.0 2201 2149 0.5 1 0 0.000232558139535 0.00046511627907 0.0 1 1
1971.0 1971 1971 0.0 0 0 0.0 0.0 0.0 0 1
2213.55555556 2289 2106 1.11111111111 2 0 0.000499226314015 0.000907029478458 0.0 8 1
325.626 2017 122 121.796 551 0 0.291557294412 0.549118387909 0.0 999 1
320.386 2166 124 123.165 580 2 0.311115085338 0.527544351074 0.000970402717128 999 1
2200.0 2200 2200 0.0 0 0 0.0 0.0 0.0 0 1
290.399 2062 100 101.473 621 0 0.290818515863 0.541961577351 0.0 999 1
2235.0 2257 2213 0.0 0 0 0.0 0.0 0.0 1 1
392.309 2242 196 133.782 588 1 0.277934224329 0.524590163934 0.000445831475702 999 1
2024.0 2024 2024 0.0 0 0 0.0 0.0 0.0 0 1
2118.0 2118 2118 0.0 0 0 0.0 0.0 0.0 0 1
303.38 1956 120 116.307 475 0 0.302301917068 0.550561797753 0.0 999 1
1996.0 1996 1996 0.0 0 0 0.0 0.0 0.0 0 1
2165.18181818 2324 2002 0.909090909091 2 0 0.000419020625661 0.000954653937947 0.0 10 1
2088.875 2127 1992 0.875 1 0 0.000419415389547 0.000501756146513 0.0 7 1
2085.5 2091 2080 0.5 1 0 0.000239005736138 0.000478011472275 0.0 1 1
2124.0 2134 2114 0.0 0 0 0.0 0.0 0.0 1 1
2327.0 2387 2267 0.5 1 0 0.000209380234506 0.000418760469012 0.0 1 1
2188.0 2208 2167 0.333333333333 1 0 0.000152207001522 0.000456621004566 0.0 2 1
361.918 2330 142 124.072 590 0 0.288238918631 0.604026845638 0.0 999 1
2111.5 2139 2084 0.5 1 0 0.000239808153477 0.000479616306954 0.0 1 1
1980.42857143 2025 1948 0.571428571429 2 0 0.000288799583716 0.00101884870097 0.0 6 1
318.094 2018 134 118.229 589 0 0.296654257849 0.570291777188 0.0 999 1
2023.25 2080 1965 0.25 1 0 0.000120134550697 0.000480538202787 0.0 3 1
2196.0 2259 2133 0.5 1 0 0.000221238938053 0.000442477876106 0.0 1 1
2122.85714286 2184 2045 1.28571428571 3 0 0.000601476674556 0.00137994480221 0.0 6 1
2046.5 2055 2038 1.5 3 0 0.000728862973761 0.00145772594752 0.0 1 1
2198.75 2223 2179 0.0 0 0 0.0 0.0 0.0 3 1
312.547 2276 104 110.49 562 2 0.285085451046 0.52 0.000877963125549 999 1
1946.0 1946 1946 0.0 0 0 0.0 0.0 0.0 0 1
1974.0 1974 1974 0.0 0 0 0.0 0.0 0.0 0 1
353.147 2019 165 129.916 552 0 0.292584184364 0.53616532721 0.0 999 1
328.989 2203 99 113.802 691 0 0.288208350477 0.556201550388 0.0 999 1
2175.0 2175 2175 0.0 0 0 0.0 0.0 0.0 0 1
2084.0 2084 2084 0.0 0 0 0.0 0.0 0.0 0 1
1985.0 1985 1985 0.0 0 0 0.0 0.0 0.0 0 1
2071.0 2071 2071 0.0 0 0 0.0 0.0 0.0 0 1
2040.0 2093 1954 1.25 3 0 0.000608263035724 0.00147058823529 0.0 3 1
2046.0 2079 2013 1.0 2 0 0.000480538202787 0.000961076405574 0.0 1 1
313.103 2175 128 109.899 534 0 0.285672363824 0.539325842697 0.0 999 1
2008.0 2008 2008 0.0 0 0 0.0 0.0 0.0 0 1
288.358 2123 100 102.579 521 1 0.282349195748 0.546856465006 0.000486618004866 999 1
1947.0 1947 1947 0.0 0 0 0.0 0.0 0.0 0 1
2050.66666667 2106 2012 0.666666666667 2 0 0.000319860087889 0.000948766603416 0.0 5 1
1886.0 1886 1886 0.0 0 0 0.0 0.0 0.0 0 1
2019.44444444 2140 1904 1.77777777778 4 0 0.000878803877449 0.00194931773879 0.0 17 1
297.813 2212 104 112.2 595 0 0.302730302632 0.518656716418 0.0 999 1
327.217 1998 116 124.379 551 2 0.297889569406 0.584699453552 0.001 999 1
2026.0 2026 2026 0.0 0 0 0.0 0.0 0.0 0 1
2068.0 2068 2068 0.0 0 0 0.0 0.0 0.0 0 1
2058.5 2079 2038 1.0 2 0 0.000480538202787 0.000961076405574 0.0 1 1
2012.91666667 2121 1949 1.41666666667 4 0 0.000704715054598 0.00196270853778 0.0 11 1
2204.0 2204 2204 0.0 0 0 0.0 0.0 0.0 0 1
2054.66666667 2063 2049 1.0 2 0 0.00048520502094 0.000968523002421 0.0 2 1
326.712 1932 123 123.228 570 1 0.293333942897 0.585858585859 0.000530785562633 999 1
2025.0 2061 1964 0.857142857143 3 0 0.000430736629177 0.00152516522623 0.0 6 1
1953.83333333 2004 1924 1.83333333333 4 0 0.000933442488828 0.00199203187251 0.0 5 1
2126.0 2160 2082 0.333333333333 1 0 0.000157532780554 0.00047460844803 0.0 5 1
2038.0 2038 2038 0.0 0 0 0.0 0.0 0.0 0 1
2035.0 2035 2035 0.0 0 0 0.0 0.0 0.0 0 1
2095.0 2095 2095 0.0 0 0 0.0 0.0 0.0 0 1
2134.0 2134 2134 0.0 0 0 0.0 0.0 0.0 0 1
2024.5 2052 1997 0.5 1 0 0.00025025025025 0.000500500500501 0.0 1 1
307.157 2057 84 116.368 638 0 0.295969336951 0.633333333333 0.0 999 1
2073.33333333 2164 2026 0.333333333333 1 0 0.000153964588145 0.000461893764434 0.0 2 1
2119.0 2147 2091 0.5 1 0 0.000239005736138 0.000478011472275 0.0 1 1
352.365 2116 137 133.046 594 1 0.29045900509 0.553846153846 0.000472366556448 999 1
2114.0 2114 2114 0.0 0 0 0.0 0.0 0.0 0 1
2130.5 2136 2125 0.0 0 0 0.0 0.0 0.0 1 1
2114.0 2115 2113 0.0 0 0 0.0 0.0 0.0 1 1
291.349 2235 99 110.551 621 2 0.293296289434 0.54128440367 0.000962927298989 999 1
350.716 2057 168 124.252 591 1 0.289635028942 0.494145199063 0.00048971596474 999 1
332.321 2227 90 128.187 631 1 0.301573304514 0.534965034965 0.000448833034111 999 1
334.493 2209 130 126.798 641 1 0.290598342093 0.535760728218 0.000452488687783 999 1
2210.0 2210 2210 0.0 0 0 0.0 0.0 0.0 0 1
2035.33333333 2053 2015 0.666666666667 1 0 0.000327628887755 0.000496031746032 0.0 2 1
2168.25 2183 2155 1.75 3 0 0.00080727108377 0.00137551581843 0.0 3 1
2164.0 2164 2164 0.0 0 0 0.0 0.0 0.0 0 1
2169.0 2169 2169 0.0 0 0 0.0 0.0 0.0 0 1
314.601 2107 107 115.338 663 2 0.285577636819 0.614371257485 0.0009765625 999 1
321.185 2045 110 127.645 622 1 0.298670429146 0.601637107776 0.00049115913556 999 1
2152.0 2152 2152 0.0 0 0 0.0 0.0 0.0 0 1
2036.0 2052 2020 1.0 2 0 0.000486854917235 0.000973709834469 0.0 1 1
283.663 2033 126 107.929 607 0 0.295293032762 0.542682926829 0.0 999 1
1969.0 1969 1969 0.0 0 0 0.0 0.0 0.0 0 1
1982.33333333 2023 1951 0.666666666667 1 0 0.000335455409404 0.000512295081967 0.0 2 1
2062.0 2062 2062 0.0 0 0 0.0 0.0 0.0 0 1
1956.5 1982 1931 1.0 2 0 0.000504032258065 0.00100806451613 0.0 1 1
2112.0 2146 2078 0.5 1 0 0.000232883092687 0.000465766185375 0.0 1 1
308.091 2049 92 110.922 546 1 0.284068279785 0.532374100719 0.000492368291482 999 1
1971.0 1971 1971 0.0 0 0 0.0 0.0 0.0 0 1
1990.0 1996 1984 1.0 2 0 0.000503524672709 0.00100704934542 0.0 1 1
2015.66666667 2068 1986 0.333333333333 1 0 0.000161108425971 0.000483325277912 0.0 2 1
2074.0 2103 2045 0.5 1 0 0.000237642585551 0.000475285171103 0.0 1 1
2101.0 2101 2101 0.0 0 0 0.0 0.0 0.0 0 1
336.318 2006 107 118.007 613 1 0.286223647212 0.545263157895 0.000498256103637 999 1
2043.0 2043 2043 0.0 0 0 0.0 0.0 0.0 0 1
2025.0 2025 2025 0.0 0 0 0.0 0.0 0.0 0 1
2046.0 2071 2021 0.5 1 0 0.00024727992087 0.000494559841741 0.0 1 1
2151.5 2161 2142 0.5 1 0 0.000231267345051 0.000462534690102 0.0 1 1
359.404 2101 105 119.076 443 0 0.280715812689 0.513888888889 0.0 999 1
2058.5 2071 2046 0.0 0 0 0.0 0.0 0.0 1 1
1967.0 2037 1909 0.666666666667 2 0 0.000326957658983 0.000980872976949 0.0 2 1
2211.0 2245 2157 0.666666666667 1 0 0.000302876001575 0.000463392029657 0.0 2 1
2049.0 2049 2049 0.0 0 0 0.0 0.0 0.0 0 1
2104.0 2168 2043 1.33333333333 2 0 0.000624227111733 0.000951022349025 0.0 2 1
1974.33333333 2049 1933 1.66666666667 3 0 0.000839447985826 0.00154320987654 0.0 2 1
2043.5 2074 2013 0.0 0 0 0.0 0.0 0.0 1 1
2098.25 2189 2037 0.75 2 0 0.000350004307745 0.000943396226415 0.0 3 1
2100.25 2172 2060 0.25 1 0 0.000121124031008 0.000484496124031 0.0 3 1
2176.0 2176 2176 0.0 0 0 0.0 0.0 0.0 0 1
1915.0 1920 1907 1.0 2 0 0.000521563913667 0.00104058272633 0.0 2 1
2083.25 2102 2064 0.25 1 0 0.000120134550697 0.000480538202787 0.0 3 1
1952.5 1964 1941 0.5 1 0 0.000257466529351 0.000514933058702 0.0 1 1
1993.0 1993 1993 0.0 0 0 0.0 0.0 0.0 0 1
2088.0 2088 2088 0.0 0 0 0.0 0.0 0.0 0 1
2120.66666667 2174 2057 1.0 2 0 0.00047265783836 0.000934142923867 0.0 5 1
2099.0 2099 2099 0.0 0 0 0.0 0.0 0.0 0 1
2052.0 2053 2051 0.5 1 0 0.000243427458617 0.000486854917235 0.0 1 1
1891.0 1963 1812 1.33333333333 3 0 0.000693151728929 0.00154320987654 0.0 5 1
2146.33333333 2184 2090 0.666666666667 1 0 0.000306448806991 0.000461680517082 0.0 2 1
2237.0 2237 2237 0.0 0 0 0.0 0.0 0.0 0 1
2127.0 2127 2127 0.0 0 0 0.0 0.0 0.0 0 1
2248.0 2248 2248 0.0 0 0 0.0 0.0 0.0 0 1
2032.0 2063 2010 0.666666666667 1 0 0.000326189090092 0.000494071146245 0.0 2 1
340.006 2171 154 127.212 633 1 0.286770078181 0.567870485679 0.00046468401487 999 1
2089.0 2113 2065 0.5 1 0 0.000236518448439 0.000473036896878 0.0 1 1
2101.0 2101 2101 0.0 0 0 0.0 0.0 0.0 0 1
1962.0 1962 1962 0.0 0 0 0.0 0.0 0.0 0 1
338.148 2099 141 127.339 719 1 0.288669413438 0.617044228695 0.00047619047619 999 1
2190.0 2190 2190 0.0 0 0 0.0 0.0 0.0 0 1
2046.75 2089 1962 0.5 1 0 0.000240041116981 0.000481695568401 0.0 3 1
2169.66666667 2223 2136 0.666666666667 1 0 0.000304846778087 0.00046490004649 0.0 2 1
2199.0 2199 2199 0.0 0 0 0.0 0.0 0.0 0 1
2169.0 2169 2169 0.0 0 0 0.0 0.0 0.0 0 1
2110.0 2110 2110 0.0 0 0 0.0 0.0 0.0 0 1
2138.0 2169 2107 0.5 1 0 0.000230414746544 0.000460829493088 0.0 1 1
2050.0 2077 2033 0.333333333333 1 0 0.000163880694854 0.000491642084562 0.0 2 1
1983.0 1983 1983 0.0 0 0 0.0 0.0 0.0 0 1
324.409 1924 108 123.052 784 0 0.285951401942 0.579207920792 0.0 999 1
298.708 1965 97 115.703 576 1 0.305407070576 0.585889570552 0.000519480519481 999 1
2202.0 2391 2067 2.33333333333 6 0 0.00105545816856 0.00269905533063 0.0 14 1
2124.25 2198 2074 0.0 0 0 0.0 0.0 0.0 3 1
1989.0 1989 1989 0.0 0 0 0.0 0.0 0.0 0 1
2132.0 2132 2132 0.0 0 0 0.0 0.0 0.0 0 1
2062.0 2181 1958 0.0 0 0 0.0 0.0 0.0 2 1
337.475 2213 140 118.749 691 0 0.283406006312 0.571028037383 0.0 999 1
2065.0 2065 2065 0.0 0 0 0.0 0.0 0.0 0 1
2034.0 2034 2034 0.0 0 0 0.0 0.0 0.0 0 1
2140.66666667 2186 2072 0.0 0 0 0.0 0.0 0.0 2 1
1965.0 1995 1928 1.8 3 0 0.000906834042803 0.00150300601202 0.0 4 1
2071.66666667 2142 1995 0.833333333333 2 0 0.000404595181751 0.000984251968504 0.0 5 1
359.671 2058 110 129.366 597 1 0.284204276671 0.547058823529 0.000503271263211 999 1
2035.0 2103 1964 1.0 2 0 0.000488812246521 0.000996512207275 0.0 5 1
2085.33333333 2100 2058 1.33333333333 3 0 0.000637854712292 0.00142789148025 0.0 2 1
1968.0 1968 1968 0.0 0 0 0.0 0.0 0.0 0 1
1965.5 1977 1954 0.0 0 0 0.0 0.0 0.0 1 1
1722.0 1722 1722 0.0 0 0 0.0 0.0 0.0 0 1
2073.0 2073 2073 0.0 0 0 0.0 0.0 0.0 0 1
2009.5 2032 1987 0.0 0 0 0.0 0.0 0.0 1 1
2051.0 2051 2051 0.0 0 0 0.0 0.0 0.0 0 1
305.284 1935 55 108.193 771 0 0.289804643744 0.594095940959 0.0 999 1
1908.66666667 1934 1861 1.0 2 0 0.000516885398308 0.00103305785124 0.0 2 1
2065.0 2065 2065 0.0 0 0 0.0 0.0 0.0 0 1
1906.85714286 2000 1846 0.714285714286 2 0 0.000367884889904 0.000999000999001 0.0 6 1
2025.33333333 2029 2020 0.666666666667 1 0 0.000329300399715 0.000494804552202 0.0 2 1
323.752 2066 92 114.778 529 2 0.284086626943 0.549019607843 0.000996512207275 999 1
2310.0 2342 2278 1.0 2 0 0.00042662116041 0.000853242320819 0.0 1 1
1891.25 1968 1831 0.0 0 0 0.0 0.0 0.0 3 1
2023.0 2023 2023 0.0 0 0 0.0 0.0 0.0 0 1
2055.0 2071 2032 0.333333333333 1 0 0.000160875160875 0.000482625482625 0.0 2 1
330.867 2130 98 121.489 556 2 0.288577865681 0.528325123153 0.000961538461538 999 1
2123.0 2123 2123 0.0 0 0 0.0 0.0 0.0 0 1
1982.0 2007 1957 0.5 1 0 0.000255362614913 0.000510725229826 0.0 1 1
2060.0 2060 2060 0.0 0 0 0.0 0.0 0.0 0 1
322.84 2025 105 116.803 641 2 0.294605455495 0.567816091954 0.000986679822398 999 1
349.94 2135 155 125.572 606 2 0.277409636537 0.57698541329 0.0019436345967 999 1
2262.0 2262 2262 0.0 0 0 0.0 0.0 0.0 0 1
2023.66666667 2048 1999 0.333333333333 1 0 0.000166666666667 0.0005 0.0 2 1
1895.0 1895 1895 0.0 0 0 0.0 0.0 0.0 0 1
342.758 2027 123 122.015 656 2 0.285955743542 0.56469165659 0.000985707244948 999 1
1974.0 1974 1974 0.0 0 0 0.0 0.0 0.0 0 1
2048.83333333 2112 1976 0.5 1 0 0.000243082957145 0.000494559841741 0.0 5 1
2197.0 2200 2194 1.0 2 0 0.000454132606721 0.000908265213442 0.0 1 1
2286.0 2315 2257 0.5 1 0 0.00022143489814 0.00044286979628 0.0 1 1
2272.0 2272 2272 0.0 0 0 0.0 0.0 0.0 0 1
2025.33333333 2086 1954 0.666666666667 1 0 0.000323358233642 0.000490918016691 0.0 2 1
2097.0 2210 1981 0.5 1 0 0.000234075645924 0.000478011472275 0.0 5 1
1970.52941176 2145 1868 1.94117647059 5 0 0.00100636595564 0.00266951414842 0.0 16 1
321.632 2047 88 122.851 623 3 0.294411488061 0.558109833972 0.00147710487445 999 1
2072.0 2083 2061 0.0 0 0 0.0 0.0 0.0 1 1
2104.5 2118 2091 1.0 2 0 0.000477783086479 0.000955566172957 0.0 1 1
2062.0 2062 2062 0.0 0 0 0.0 0.0 0.0 0 1
2088.0 2088 2088 0.0 0 0 0.0 0.0 0.0 0 1
2214.0 2214 2214 0.0 0 0 0.0 0.0 0.0 0 1
2000.5 2059 1955 1.0 2 0 0.000497311908509 0.000992063492063 0.0 5 1
2171.0 2211 2122 0.2 1 0 9.24641701341e-05 0.00046232085067 0.0 4 1
2082.66666667 2110 2069 1.0 2 0 0.00047668716147 0.00094696969697 0.0 2 1
2081.0 2081 2081 0.0 0 0 0.0 0.0 0.0 0 1
2064.5 2107 2022 0.0 0 0 0.0 0.0 0.0 1 1
2031.0 2031 2031 0.0 0 0 0.0 0.0 0.0 0 1
2175.5 2193 2158 0.0 0 0 0.0 0.0 0.0 1 1
2201.0 2201 2201 0.0 0 0 0.0 0.0 0.0 0 1
2030.16666667 2063 2004 1.16666666667 2 0 0.000571596139205 0.000977995110024 0.0 5 1
1992.8 2141 1839 1.86666666667 5 0 0.000920872499386 0.002408477842 0.0 14 1
2173.75 2218 2139 0.5 1 0 0.000227184662837 0.000458085203848 0.0 3 1
2208.0 2208 2208 0.0 0 0 0.0 0.0 0.0 0 1
1999.0 2011 1987 0.5 1 0 0.000248508946322 0.000497017892644 0.0 1 1
2035.0 2035 2035 0.0 0 0 0.0 0.0 0.0 0 1
1990.0 1990 1990 0.0 0 0 0.0 0.0 0.0 0 1
1951.4 2126 1857 0.9 1 0 0.000461405293877 0.0005382131324 0.0 9 1
305.987 2220 82 105.042 527 0 0.283596169338 0.525641025641 0.0 999 1
2162.4 2222 2099 0.8 2 0 0.000364963550372 0.000907029478458 0.0 4 1
2084.5 2112 2057 0.5 1 0 0.000242954324587 0.000485908649174 0.0 1 1
307.46 2102 120 114.665 652 0 0.292973929631 0.576309794989 0.0 999 1
1971.0 1975 1967 0.0 0 0 0.0 0.0 0.0 1 1
2130.0 2130 2130 0.0 0 0 0.0 0.0 0.0 0 1
283.764 2183 103 111.885 566 2 0.305777451538 0.532188841202 0.00091533180778 999 1
1926.0 1926 1926 0.0 0 0 0.0 0.0 0.0 0 1
2160.0 2191 2119 1.0 2 0 0.000459004897546 0.000920810313076 0.0 2 1
2141.0 2141 2141 0.0 0 0 0.0 0.0 0.0 0 1
2091.83333333 2136 2038 2.0 4 0 0.000947927251988 0.00189214758751 0.0 5 1
2072.0 2072 2072 0.0 0 0 0.0 0.0 0.0 0 1
2063.0 2063 2063 0.0 0 0 0.0 0.0 0.0 0 1
2036.0 2036 2036 0.0 0 0 0.0 0.0 0.0 0 1
1984.4 2054 1898 0.9 2 0 0.000454384581664 0.00104058272633 0.0 9 1
303.379 2044 81 111.004 645 2 0.297995072481 0.50784856879 0.00100452034154 999 1
2141.0 2141 2141 0.0 0 0 0.0 0.0 0.0 0 1
323.204 2220 92 113.438 656 0 0.288835702355 0.60701754386 0.0 999 1
2077.5 2099 2056 0.5 1 0 0.000238095238095 0.00047619047619 0.0 1 1
344.003 2037 178 136.935 750 1 0.302839185344 0.605351170569 0.000490677134446 999 1
2034.0 2085 1976 0.666666666667 1 0 0.000323034116722 0.00048971596474 0.0 2 1
2086.0 2095 2077 0.5 1 0 0.000238549618321 0.000477099236641 0.0 1 1
1961.0 1961 1961 0.0 0 0 0.0 0.0 0.0 0 1
2109.0 2167 2067 0.333333333333 1 0 0.000153751537515 0.000461254612546 0.0 2 1
2002.0 2002 2002 0.0 0 0 0.0 0.0 0.0 0 1
2003.5 2062 1896 0.0 0 0 0.0 0.0 0.0 3 1
2009.75 2030 1956 0.75 1 0 0.000369701572354 0.000493827160494 0.0 3 1
2084.0 2084 2084 0.0 0 0 0.0 0.0 0.0 0 1
2025.0 2025 2025 0.0 0 0 0.0 0.0 0.0 0 1
2126.0 2126 2126 0.0 0 0 0.0 0.0 0.0 0 1
1877.75 1916 1840 0.0 0 0 0.0 0.0 0.0 3 1
2262.0 2262 2262 0.0 0 0 0.0 0.0 0.0 0 1
1963.25 2022 1835 1.625 4 0 0.000823509699594 0.00204394481349 0.0 7 1
2040.0 2059 2021 0.0 0 0 0.0 0.0 0.0 1 1
2059.0 2059 2059 0.0 0 0 0.0 0.0 0.0 0 1
2039.0 2039 2039 0.0 0 0 0.0 0.0 0.0 0 1
2016.33333333 2061 1978 0.666666666667 1 0 0.000330090587444 0.000505305709955 0.0 2 1
347.97 2308 51 116.411 815 1 0.285846502526 0.673640167364 0.000433087916847 999 1
2143.0 2143 2143 0.0 0 0 0.0 0.0 0.0 0 1
1995.0 2043 1952 0.285714285714 2 0 0.000145698258906 0.00101988781234 0.0 6 1
2089.0 2089 2089 0.0 0 0 0.0 0.0 0.0 0 1
2034.0 2034 2034 0.0 0 0 0.0 0.0 0.0 0 1
2164.42857143 2232 2070 1.14285714286 2 0 0.000526757781927 0.000964785335263 0.0 6 1
2130.25 2151 2115 0.75 1 0 0.000353058405891 0.00047258979206 0.0 3 1
288.424 1988 104 108.261 521 1 0.295459328083 0.542087542088 0.000517866390471 999 1
2056.5 2083 2015 0.0 0 0 0.0 0.0 0.0 3 1
2041.0 2070 2012 0.5 1 0 0.000241429261226 0.000482858522453 0.0 1 1
2003.0 2003 2003 0.0 0 0 0.0 0.0 0.0 0 1
2046.0 2046 2046 0.0 0 0 0.0 0.0 0.0 0 1
2211.0 2211 2211 0.0 0 0 0.0 0.0 0.0 0 1
367.944 2092 171 132.776 559 1 0.284451337489 0.484913793103 0.000479386385427 999 1
2092.0 2092 2092 0.0 0 0 0.0 0.0 0.0 0 1
2009.0 2009 2009 0.0 0 0 0.0 0.0 0.0 0 1
318.281 2238 106 122.332 729 0 0.294963064971 0.586319218241 0.0 999 1
2148.16666667 2203 2114 0.5 1 0 0.000233577528944 0.000469263256687 0.0 5 1
2113.0 2113 2113 0.0 0 0 0.0 0.0 0.0 0 1
1990.0 2052 1950 1.2 3 0 0.000601588315191 0.00149625935162 0.0 4 1
1925.0 1929 1921 0.5 1 0 0.000260145681582 0.000520291363163 0.0 1 1
2054.0 2054 2054 0.0 0 0 0.0 0.0 0.0 0 1
1986.2 2076 1926 1.6 3 0 0.000804789912803 0.00153609831029 0.0 4 1
327.055 2196 114 114.8 540 1 0.283478269943 0.499267935578 0.00045516613564 999 1
315.201 2121 107 124.577 781 2 0.299263683466 0.605895196507 0.00095785440613 999 1
338.025 2029 124 121.367 504 1 0.28111237886 0.516166281755 0.000506585612969 999 1
2097.33333333 2108 2077 1.0 2 0 0.000474083533429 0.000947867298578 0.0 2 1
340.393 2272 158 129.013 618 1 0.293173285611 0.52523364486 0.000445434298441 999 1
2038.0 2038 2038 0.0 0 0 0.0 0.0 0.0 0 1
2075.25 2091 2034 0.5 1 0 0.000241282361727 0.0004914004914 0.0 7 1
2023.28571429 2070 1977 0.857142857143 2 0 0.000422541360014 0.000969932104753 0.0 6 1
1966.0 1966 1966 0.0 0 0 0.0 0.0 0.0 0 1
241.773 1985 67 95.5 658 1 0.312592722607 0.522388059701 0.000523834468308 999 1
2299.0 2339 2259 1.5 3 0 0.00064047822374 0.00128095644748 0.0 1 1
2017.0 2017 2017 0.0 0 0 0.0 0.0 0.0 0 1
2026.0 2026 2026 0.0 0 0 0.0 0.0 0.0 0 1
294.861 2139 74 100.221 496 1 0.288377109825 0.549222797927 0.000475737392959 999 1
2083.5 2097 2070 0.5 1 0 0.00023832221163 0.00047664442326 0.0 1 1
1921.66666667 1945 1895 0.333333333333 1 0 0.000171291538198 0.000513874614594 0.0 2 1
1938.0 1954 1920 0.666666666667 1 0 0.00034402371953 0.000520562207184 0.0 2 1
2148.66666667 2168 2138 0.333333333333 1 0 0.000155690487311 0.000467071461934 0.0 2 1
1871.38461538 1974 1777 0.769230769231 2 0 0.00040559892457 0.00104329681794 0.0 12 1
2087.66666667 2167 1989 1.16666666667 4 0 0.000547922858952 0.00186828584773 0.0 5 1
320.53 2026 117 124.262 584 2 0.298463952109 0.528384279476 0.000996512207275 999 1
1972.16666667 2039 1940 0.166666666667 1 0 8.58663918942e-05 0.000515198351365 0.0 5 1
1923.0 1923 1923 0.0 0 0 0.0 0.0 0.0 0 1
2057.0 2066 2048 0.0 0 0 0.0 0.0 0.0 1 1
1988.0 1994 1982 0.0 0 0 0.0 0.0 0.0 1 1
1936.90909091 2056 1851 0.454545454545 2 0 0.000233322313978 0.00103573278094 0.0 10 1
2210.0 2246 2174 0.0 0 0 0.0 0.0 0.0 1 1
1887.27272727 2104 1666 0.818181818182 2 0 0.000422179554079 0.0010395010395 0.0 10 1
2232.5 2288 2177 0.5 1 0 0.000218435998253 0.000436871996505 0.0 1 1
277.185 2066 83 102.386 658 1 0.283973924743 0.540856031128 0.000483792936623 999 1
2139.0 2139 2139 0.0 0 0 0.0 0.0 0.0 0 1
1953.0 1974 1932 0.5 1 0 0.000253164556962 0.000506329113924 0.0 1 1
317.663 2164 126 109.114 541 0 0.284895410905 0.521393034826 0.0 999 1
2056.66666667 2096 2012 0.666666666667 1 0 0.000320534231939 0.000484730974309 0.0 2 1
1983.0 1983 1983 0.0 0 0 0.0 0.0 0.0 0 1
2154.25 2216 2091 0.25 1 0 0.000118147448015 0.00047258979206 0.0 3 1
2072.5 2090 2055 0.0 0 0 0.0 0.0 0.0 1 1
350.156 2195 120 126.052 677 0 0.28752013144 0.551775147929 0.0 999 1
1933.0 1947 1919 0.5 1 0 0.000256673511294 0.000513347022587 0.0 1 1
1969.0 1969 1969 0.0 0 0 0.0 0.0 0.0 0 1
2052.0 2052 2052 0.0 0 0 0.0 0.0 0.0 0 1
2047.0 2047 2047 0.0 0 0 0.0 0.0 0.0 0 1
1867.33333333 1896 1848 0.666666666667 1 0 0.00035502391449 0.000537923614847 0.0 2 1
1778.6 1851 1711 0.2 1 0 0.000109589041096 0.000547945205479 0.0 4 1
1922.0 1922 1922 0.0 0 0 0.0 0.0 0.0 0 1
2009.25 2022 1983 0.0 0 0 0.0 0.0 0.0 3 1
257.279 2093 64 93.437 614 0 0.291966210801 0.58203125 0.0 999 1
2131.0 2131 2131 0.0 0 0 0.0 0.0 0.0 0 1
2046.0 2046 2046 0.0 0 0 0.0 0.0 0.0 0 1
2106.0 2106 2106 0.0 0 0 0.0 0.0 0.0 0 1
2116.0 2127 2106 0.0 0 0 0.0 0.0 0.0 3 1
2209.0 2209 2209 0.0 0 0 0.0 0.0 0.0 0 1
1956.5 1996 1917 0.5 1 0 0.000260688216893 0.000521376433785 0.0 1 1
2060.33333333 2109 2019 0.666666666667 2 0 0.000315806095058 0.000947418285173 0.0 2 1
2099.4 2129 2063 0.0 0 0 0.0 0.0 0.0 4 1
1920.33333333 1946 1897 1.33333333333 2 0 0.000689453570614 0.00104166666667 0.0 2 1
1902.36363636 2011 1845 0.454545454545 1 0 0.000240325045476 0.000541711809317 0.0 10 1
2115.5 2188 2075 0.25 1 0 0.00011420740064 0.000456829602558 0.0 3 1
2210.0 2210 2210 0.0 0 0 0.0 0.0 0.0 0 1
294.479 2125 134 116.708 672 1 0.301149411421 0.571148184495 0.000482858522453 999 1
2082.0 2088 2076 0.5 1 0 0.000239348970799 0.000478697941599 0.0 1 1
297.844 1966 97 110.183 624 0 0.295375678143 0.567010309278 0.0 999 1
306.667 2126 103 104.374 588 0 0.286587043852 0.578947368421 0.0 999 1
2043.0 2043 2043 0.0 0 0 0.0 0.0 0.0 0 1
2083.0 2083 2083 0.0 0 0 0.0 0.0 0.0 0 1
324.806 2022 110 126.029 611 1 0.30092127466 0.538895152198 0.000494315373208 999 1
334.098 2200 136 125.748 749 1 0.291915204714 0.571136131013 0.000455788514129 999 1
304.002 1955 122 120.046 621 1 0.299361643626 0.57360959651 0.00051652892562 999 1
1994.0 2013 1975 0.0 0 0 0.0 0.0 0.0 1 1
327.334 2145 114 120.376 546 6 0.29529843615 0.524344569288 0.00278940027894 999 1
1986.0 1996 1976 0.0 0 0 0.0 0.0 0.0 1 1
2048.0 2048 2048 0.0 0 0 0.0 0.0 0.0 0 1
2173.0 2175 2171 0.5 1 0 0.000229779411765 0.000459558823529 0.0 1 1
2093.0 2123 2063 0.0 0 0 0.0 0.0 0.0 1 1
309.285 2245 111 121.242 705 0 0.298721900396 0.531224655312 0.0 999 1
2073.0 2073 2073 0.0 0 0 0.0 0.0 0.0 0 1
2281.5 2331 2185 0.625 1 0 0.000270809970382 0.000437445319335 0.0 7 1
2280.0 2303 2257 0.0 0 0 0.0 0.0 0.0 1 1
2043.0 2059 2027 0.0 0 0 0.0 0.0 0.0 1 1
346.752 2015 142 132.158 507 2 0.287888967016 0.579185520362 0.000991571641051 999 1
2091.0 2127 2061 0.0 0 0 0.0 0.0 0.0 3 1
1921.0 1978 1870 0.8 2 0 0.00041981127518 0.00105097214924 0.0 4 1
2053.0 2053 2053 0.0 0 0 0.0 0.0 0.0 0 1
2146.14285714 2222 2039 0.428571428571 2 0 0.000193428812445 0.000904159132007 0.0 6 1
2035.0 2035 2035 0.0 0 0 0.0 0.0 0.0 0 1
1837.0 1837 1837 0.0 0 0 0.0 0.0 0.0 0 1
1918.0 1918 1918 0.0 0 0 0.0 0.0 0.0 0 1
1960.5 2049 1895 0.625 2 0 0.000323003484711 0.00103305785124 0.0 7 1
2086.0 2121 2051 0.0 0 0 0.0 0.0 0.0 1 1
2110.0 2172 2014 0.2 1 0 9.20386562356e-05 0.000460193281178 0.0 4 1
2086.0 2101 2059 0.666666666667 1 0 0.000320391428721 0.000485436893204 0.0 2 1
2235.0 2236 2234 0.5 1 0 0.000223713646532 0.000447427293065 0.0 1 1
1998.83333333 2089 1930 0.833333333333 2 0 0.000412835573513 0.000972289742343 0.0 5 1
2133.0 2133 2133 0.0 0 0 0.0 0.0 0.0 0 1
2157.33333333 2180 2141 0.666666666667 1 0 0.000308452893614 0.00046685340803 0.0 2 1
2035.66666667 2066 1991 0.833333333333 2 0 0.000412574587023 0.00100351229303 0.0 5 1
2008.0 2029 1983 0.2 1 0 0.000100806451613 0.000504032258065 0.0 4 1
2088.0 2142 2047 0.0 0 0 0.0 0.0 0.0 6 1
1992.0 1992 1992 0.0 0 0 0.0 0.0 0.0 0 1
1986.0 1986 1986 0.0 0 0 0.0 0.0 0.0 0 1
1922.0 1922 1922 0.0 0 0 0.0 0.0 0.0 0 1
1897.33333333 1921 1864 0.333333333333 1 0 0.000174703004892 0.000524109014675 0.0 2 1
2195.66666667 2242 2172 1.0 2 0 0.000455264892391 0.000919963201472 0.0 2 1
2027.5 2053 1995 0.75 1 0 0.000367780535478 0.000494071146245 0.0 3 1
2079.0 2079 2079 0.0 0 0 0.0 0.0 0.0 0 1
2082.0 2082 2082 0.0 0 0 0.0 0.0 0.0 0 1
370.404 2025 134 117.719 576 0 0.276463386059 0.494339622642 0.0 999 1
2149.0 2149 2149 0.0 0 0 0.0 0.0 0.0 0 1
2290.5 2315 2266 0.5 1 0 0.000215889464594 0.000431778929188 0.0 1 1
2107.0 2124 2090 0.0 0 0 0.0 0.0 0.0 1 1
1929.0 1929 1929 0.0 0 0 0.0 0.0 0.0 0 1
2060.375 2179 1972 0.375 1 0 0.000180372374378 0.000492610837438 0.0 7 1
2108.0 2108 2108 0.0 0 0 0.0 0.0 0.0 0 1
2106.25 2137 2081 0.0 0 0 0.0 0.0 0.0 3 1
1902.0 1902 1902 0.0 0 0 0.0 0.0 0.0 0 1
326.705 2087 69 123.729 558 0 0.29699073176 0.599156118143 0.0 999 1
2139.0 2139 2139 0.0 0 0 0.0 0.0 0.0 0 1
2146.0 2146 2146 0.0 0 0 0.0 0.0 0.0 0 1
2072.33333333 2106 2039 0.0 0 0 0.0 0.0 0.0 2 1
1999.14285714 2069 1930 0.857142857143 2 0 0.000430552074495 0.00102564102564 0.0 6 1
2119.5 2171 2071 1.66666666667 3 0 0.000785092020781 0.00137994480221 0.0 5 1
2330.5 2348 2313 0.5 1 0 0.000212856534696 0.000425713069391 0.0 1 1
2240.55555556 2363 2102 0.888888888889 2 0 0.000389732426924 0.000910746812386 0.0 8 1
1966.0 1992 1948 0.333333333333 1 0 0.000170154840905 0.000510464522716 0.0 2 1
1930.71428571 1983 1880 0.857142857143 2 0 0.000439425695382 0.00102040816327 0.0 6 1
2163.0 2163 2163 0.0 0 0 0.0 0.0 0.0 0 1
2198.0 2236 2160 0.0 0 0 0.0 0.0 0.0 1 1
1986.58823529 2107 1840 1.11764705882 3 0 0.000552890982435 0.00149700598802 0.0 16 1
379.147 2177 180 130.056 619 1 0.267999948802 0.572340425532 0.000468164794007 999 1
1929.0 1929 1929 0.0 0 0 0.0 0.0 0.0 0 1
1936.0 1947 1925 0.5 1 0 0.000259605399792 0.000519210799585 0.0 1 1
2048.0 2077 2008 0.666666666667 1 0 0.000322222949002 0.000485436893204 0.0 2 1
2124.33333333 2129 2119 0.666666666667 1 0 0.00031402166646 0.000471698113208 0.0 2 1
2081.0 2081 2081 0.0 0 0 0.0 0.0 0.0 0 1
2051.33333333 2106 1984 0.666666666667 2 0 0.000322684737012 0.000968054211036 0.0 2 1
325.391 2032 118 126.512 638 2 0.303485002969 0.553429027113 0.000983284169125 999 1
2068.8 2116 2020 0.2 1 0 9.61538461538e-05 0.000480769230769 0.0 4 1
317.473 2117 137 122.699 707 1 0.295240737506 0.572441742655 0.000487329434698 999 1
2075.66666667 2079 2072 1.33333333333 2 0 0.000642261353965 0.000964320154291 0.0 2 1
1880.0 1930 1846 0.5 1 0 0.000264821226746 0.000541418516513 0.0 3 1
2264.0 2291 2249 0.666666666667 1 0 0.000293581539655 0.000444444444444 0.0 2 1
2190.0 2190 2190 0.0 0 0 0.0 0.0 0.0 0 1
2128.33333333 2207 2057 1.83333333333 4 0 0.000871354512585 0.00194080543426 0.0 5 1
1991.0 1991 1991 0.0 0 0 0.0 0.0 0.0 0 1
2036.0 2036 2036 0.0 0 0 0.0 0.0 0.0 0 1
364.490384615 2054 84 102.951923077 571 0 0.27456389867 0.502127659574 0.0 623 1
2114.0 2114 2114 0.0 0 0 0.0 0.0 0.0 0 1
1887.5 1927 1848 0.5 1 0 0.000259336099585 0.00051867219917 0.0 1 1
1972.0 1972 1972 0.0 0 0 0.0 0.0 0.0 0 1
267.388 2167 84 107.118 663 1 0.308793854969 0.549152542373 0.000469483568075 999 1
2033.33333333 2053 2023 0.666666666667 2 0 0.000324412003244 0.000973236009732 0.0 2 1
2103.0 2103 2103 0.0 0 0 0.0 0.0 0.0 0 1
1943.09090909 2136 1772 1.18181818182 3 0 0.000591957468655 0.00140252454418 0.0 10 1
2057.5 2099 2037 0.5 1 0 0.000240939379165 0.000487567040468 0.0 3 1
2130.0 2130 2130 0.0 0 0 0.0 0.0 0.0 0 1
2283.0 2283 2283 0.0 0 0 0.0 0.0 0.0 0 1
2252.0 2301 2203 0.8 2 0 0.000354826788731 0.000904568068747 0.0 4 1
1989.14285714 2057 1893 1.0 2 0 0.000498891012582 0.001 0.0 6 1
2102.0 2106 2095 0.666666666667 1 0 0.000317235894891 0.000477099236641 0.0 2 1
2253.0 2257 2249 0.5 1 0 0.000222222222222 0.000444444444444 0.0 1 1
316.482 2186 118 116.392 632 2 0.29325203619 0.594142259414 0.00091407678245 999 1
2021.0 2021 2021 0.0 0 0 0.0 0.0 0.0 0 1
1958.0 1967 1950 0.333333333333 1 0 0.000169376693767 0.000508130081301 0.0 2 1
343.505 2154 141 128.082 535 1 0.288673441909 0.516290726817 0.00046403712297 999 1
1980.5 2030 1947 1.0 2 0 0.000509259413127 0.00102406554019 0.0 5 1
2003.33333333 2026 1958 0.333333333333 1 0 0.000164446637066 0.000493339911199 0.0 2 1
2102.83333333 2152 2029 0.833333333333 3 0 0.00039550743063 0.0014164305949 0.0 5 1
323.578 2110 117 120.225 525 3 0.297277034599 0.535294117647 0.00141978230005 999 1
2021.66666667 2051 1986 0.333333333333 1 0 0.000167757087737 0.000503271263211 0.0 2 1
1994.0 2010 1977 0.666666666667 2 0 0.00033383408446 0.00100150225338 0.0 2 1
2014.0 2014 2014 0.0 0 0 0.0 0.0 0.0 0 1
2091.75 2149 2003 0.25 1 0 0.000117096018735 0.000468384074941 0.0 3 1
1934.5 1941 1928 0.0 0 0 0.0 0.0 0.0 1 1
1988.33333333 2064 1887 0.666666666667 1 0 0.000326846472281 0.000496277915633 0.0 2 1
354.303 2140 121 119.71 589 0 0.29264013231 0.532934131737 0.0 999 1
1971.0 2021 1921 0.0 0 0 0.0 0.0 0.0 1 1
2211.0 2211 2211 0.0 0 0 0.0 0.0 0.0 0 1
1986.66666667 2041 1927 1.0 3 0 0.000518134715026 0.00155440414508 0.0 2 1
307.066 2046 138 120.741 702 1 0.299857603209 0.604193971166 0.00050994390617 999 1
356.513 2022 162 135.637 690 0 0.294929564079 0.532710280374 0.0 999 1
2113.16666667 2168 2045 1.16666666667 2 0 0.00054686142848 0.000940733772342 0.0 5 1
2115.0 2142 2088 0.5 1 0 0.000239348970799 0.000478697941599 0.0 1 1
290.726 2229 93 111.591 602 1 0.295764968744 0.546201232033 0.000461254612546 999 1
2215.0 2215 2215 0.0 0 0 0.0 0.0 0.0 0 1
2065.0 2143 2025 0.666666666667 2 0 0.0003108003108 0.000932400932401 0.0 2 1
329.438 2135 111 115.241 670 0 0.289061011677 0.594059405941 0.0 999 1
2047.0 2083 1992 0.0 0 0 0.0 0.0 0.0 3 1
2055.0 2083 2027 0.5 1 0 0.000239923224568 0.000479846449136 0.0 1 1
2076.0 2076 2076 0.0 0 0 0.0 0.0 0.0 0 1
2016.0 2016 2016 0.0 0 0 0.0 0.0 0.0 0 1
2073.33333333 2105 2014 0.333333333333 1 0 0.000158277936056 0.000474833808167 0.0 2 1
2088.0 2093 2083 0.0 0 0 0.0 0.0 0.0 1 1
2194.0 2194 2194 0.0 0 0 0.0 0.0 0.0 0 1
312.149 2058 116 112.972 562 0 0.285045610146 0.557142857143 0.0 999 1
2092.0 2092 2092 0.0 0 0 0.0 0.0 0.0 0 1
2045.0 2045 2045 0.0 0 0 0.0 0.0 0.0 0 1
1997.5 2028 1967 0.0 0 0 0.0 0.0 0.0 1 1
2088.0 2104 2072 0.0 0 0 0.0 0.0 0.0 1 1
313.386 2074 108 119.917 622 2 0.294543667252 0.56106870229 0.000990099009901 999 1
326.815 1956 115 110.459 584 0 0.288356172255 0.54114994363 0.0 999 1
2128.125 2158 2109 0.875 2 0 0.000410987090829 0.000946073793756 0.0 7 1
1991.0 1991 1991 0.0 0 0 0.0 0.0 0.0 0 1
2147.6 2224 2076 0.6 1 0 0.000275591223391 0.000465983224604 0.0 4 1
2176.0 2176 2176 0.0 0 0 0.0 0.0 0.0 0 1
2116.85714286 2242 2040 0.857142857143 2 0 0.000396552532071 0.000944287063267 0.0 6 1
2121.0 2121 2121 0.0 0 0 0.0 0.0 0.0 0 1
326.026 2289 125 117.422 553 1 0.294521462759 0.519900497512 0.000449236298293 999 1
2003.55555556 2136 1929 1.22222222222 3 0 0.000611786575853 0.0015368852459 0.0 8 1
2050.0 2050 2050 0.0 0 0 0.0 0.0 0.0 0 1
2122.66666667 2152 2104 1.0 2 0 0.000470180659228 0.000946073793756 0.0 2 1
2220.5 2263 2178 0.0 0 0 0.0 0.0 0.0 1 1
2195.66666667 2221 2175 0.666666666667 1 0 0.000302083128021 0.000456204379562 0.0 2 1
2047.66666667 2076 2012 0.333333333333 1 0 0.000162127107652 0.000486381322957 0.0 2 1
363.384 2179 142 126.596 642 2 0.27773258729 0.546848381601 0.000917010545621 999 1
345.071 2046 140 116.66 481 0 0.283307418502 0.562682215743 0.0 999 1
2073.5 2129 2018 0.0 0 0 0.0 0.0 0.0 1 1
1939.33333333 1990 1909 0.666666666667 1 0 0.000341031168034 0.000520833333333 0.0 2 1
1982.0 1982 1982 0.0 0 0 0.0 0.0 0.0 0 1
1936.65625 2094 1721 5.875 21 0 0.00300951836978 0.0105263157895 0.0 31 1
2122.0 2171 2073 0.0 0 0 0.0 0.0 0.0 1 1
2012.0 2061 1963 0.5 1 0 0.000242483026188 0.000484966052376 0.0 1 1
1986.5 2003 1970 0.5 1 0 0.000249500998004 0.000499001996008 0.0 1 1
359.875 2135 161 122.281 444 0 0.286881956585 0.501369863014 0.0 999 1
2137.0 2137 2137 0.0 0 0 0.0 0.0 0.0 0 1
2109.16666667 2154 2041 1.16666666667 2 0 0.000555213968923 0.000978952520803 0.0 5 1
1954.89473684 2167 1739 2.47368421053 5 0 0.00126023139583 0.0025974025974 0.0 18 1
2055.0 2061 2049 0.0 0 0 0.0 0.0 0.0 1 1
2096.0 2096 2096 0.0 0 0 0.0 0.0 0.0 0 1
2095.0 2095 2095 0.0 0 0 0.0 0.0 0.0 0 1
1911.0 1915 1907 0.5 1 0 0.000262054507338 0.000524109014675 0.0 1 1
2046.0 2046 2046 0.0 0 0 0.0 0.0 0.0 0 1
1890.0 1890 1890 0.0 0 0 0.0 0.0 0.0 0 1
2127.0 2127 2127 0.0 0 0 0.0 0.0 0.0 0 1
2192.0 2192 2192 0.0 0 0 0.0 0.0 0.0 0 1
2019.9 2133 1919 1.7 4 0 0.000831153994707 0.0019801980198 0.0 9 1
2104.4 2127 2059 0.8 2 0 0.000378215338782 0.000942951438001 0.0 4 1
1942.0 1942 1942 0.5 1 0 0.000257334019557 0.000514668039115 0.0 1 1
1976.33333333 2073 1913 0.666666666667 2 0 0.000337961958277 0.001 0.0 5 1
1998.0 1998 1998 0.0 0 0 0.0 0.0 0.0 0 1
1950.0 1950 1950 0.0 0 0 0.0 0.0 0.0 0 1
2061.66666667 2169 1957 0.888888888889 2 0 0.000423794525826 0.000936329588015 0.0 8 1
2080.8 2166 1946 1.2 3 0 0.00056296418219 0.0013986013986 0.0 9 1
2020.0 2020 2020 0.0 0 0 0.0 0.0 0.0 0 1
2032.0 2032 2032 0.0 0 0 0.0 0.0 0.0 0 1
2129.4 2156 2094 0.6 1 0 0.000283359008413 0.000477326968974 0.0 4 1
293.764 2158 89 106.823 622 0 0.296357534048 0.575589459085 0.0 999 1
1894.0 1936 1852 0.5 1 0 0.000258131130614 0.000516262261229 0.0 1 1
317.658 2038 76 112.333 685 0 0.285265145522 0.518867924528 0.0 999 1
1961.0 1961 1961 0.0 0 0 0.0 0.0 0.0 0 1
1938.0 1938 1938 0.0 0 0 0.0 0.0 0.0 0 1
321.666 2173 117 117.061 597 0 0.297535526062 0.585669781931 0.0 999 1
2087.0 2112 2073 0.333333333333 1 0 0.000157753588894 0.000473260766682 0.0 2 1
2116.0 2136 2087 0.666666666667 2 0 0.000313430496787 0.000940291490362 0.0 2 1
2105.75 2188 2064 1.0 2 0 0.000475998482155 0.000967585873246 0.0 7 1
323.582 2040 108 108.806 643 0 0.284810650881 0.588888888889 0.0 999 1
352.528 2193 103 116.698 581 0 0.27926768884 0.552147239264 0.0 999 1
2000.0 2001 1999 0.5 1 0 0.00025 0.0005 0.0 1 1
2224.0 2227 2221 0.0 0 0 0.0 0.0 0.0 1 1
343.361 2070 165 128.927 489 1 0.292467825698 0.514344262295 0.000482858522453 999 1
2036.66666667 2079 2005 0.666666666667 2 0 0.000328731097962 0.000986193293886 0.0 2 1
2093.0 2093 2093 0.0 0 0 0.0 0.0 0.0 0 1
2055.0 2055 2055 0.0 0 0 0.0 0.0 0.0 0 1
2067.0 2067 2067 0.0 0 0 0.0 0.0 0.0 0 1
2026.0 2026 2026 0.0 0 0 0.0 0.0 0.0 0 1
2117.0 2117 2117 0.0 0 0 0.0 0.0 0.0 0 1
1942.36363636 2063 1818 1.36363636364 4 0 0.000708541520079 0.00213447171825 0.0 10 1
1912.64705882 2080 1853 1.0 2 0 0.000524085972289 0.0010764262648 0.0 16 1
2127.0 2127 2127 0.0 0 0 0.0 0.0 0.0 0 1
321.891 2154 98 111.556 617 0 0.287262891281 0.532751091703 0.0 999 1
2126.16666667 2166 2096 1.5 5 0 0.000695947922401 0.00230308613542 0.0 5 1
1982.0 2006 1956 0.0 0 0 0.0 0.0 0.0 2 1
1981.625 2074 1891 1.25 2 0 0.000619294894093 0.001001001001 0.0 7 1
1866.66666667 1879 1857 0.666666666667 1 0 0.000356709342006 0.0005382131324 0.0 2 1
2026.28571429 2093 1942 1.42857142857 3 0 0.000696677071965 0.00144648023144 0.0 6 1
2035.5 2111 1960 0.5 1 0 0.000236742424242 0.000473484848485 0.0 1 1
2124.0 2124 2124 0.0 0 0 0.0 0.0 0.0 0 1
2077.66666667 2098 2054 0.666666666667 1 0 0.000318908246108 0.000480307396734 0.0 2 1
2004.0 2004 2004 0.0 0 0 0.0 0.0 0.0 0 1
2179.33333333 2203 2142 0.666666666667 2 0 0.000302343159486 0.000907029478458 0.0 2 1
2116.5 2117 2116 0.0 0 0 0.0 0.0 0.0 1 1
2123.0 2123 2123 0.0 0 0 0.0 0.0 0.0 0 1
344.562 2229 165 129.285 665 1 0.295302776828 0.55859030837 0.00046403712297 999 1
1982.6 2040 1922 0.0 0 0 0.0 0.0 0.0 4 1
328.67 1982 133 111.687 579 2 0.278495130025 0.560367454068 0.00102040816327 999 1
2284.0 2284 2284 0.0 0 0 0.0 0.0 0.0 0 1
2161.5 2200 2123 1.5 3 0 0.000705550329257 0.00141110065851 0.0 1 1
2256.0 2256 2256 0.0 0 0 0.0 0.0 0.0 0 1
2029.0 2029 2029 0.0 0 0 0.0 0.0 0.0 0 1
349.433 2228 91 131.567 759 1 0.298952297305 0.539656582175 0.00046511627907 999 1
2019.66666667 2043 1990 0.333333333333 1 0 0.000163078930202 0.000489236790607 0.0 2 1
2019.0 2027 2011 0.0 0 0 0.0 0.0 0.0 1 1
301.531 2042 132 113.626 649 1 0.304567454465 0.49 0.0004995004995 999 1
1802.28571429 1849 1760 0.857142857143 2 0 0.000475590326507 0.00110497237569 0.0 6 1
2076.0 2091 2062 0.333333333333 1 0 0.000160565189467 0.000481695568401 0.0 2 1
1991.0 1991 1991 0.0 0 0 0.0 0.0 0.0 0 1
2024.0 2056 1992 0.5 1 0 0.000250878073256 0.000501756146513 0.0 1 1
2013.66666667 2102 1937 0.666666666667 1 0 0.000324920765943 0.000499251123315 0.0 2 1
2032.5 2046 2019 0.0 0 0 0.0 0.0 0.0 1 1
2113.83333333 2141 2076 0.833333333333 2 0 0.000394982427 0.00094831673779 0.0 5 1
1924.09090909 2012 1837 1.0 4 0 0.000518896773307 0.00206718346253 0.0 21 1
302.785 2346 71 109.987 646 0 0.300750196731 0.572289156627 0.0 999 1
1868.0 1868 1868 0.0 0 0 0.0 0.0 0.0 0 1
2059.33333333 2164 1975 0.5 2 0 0.000231775125632 0.000923361034164 0.0 5 1
2002.0 2002 2002 0.0 0 0 0.0 0.0 0.0 0 1
2141.0 2141 2141 0.0 0 0 0.0 0.0 0.0 0 1
2128.0 2143 2110 0.333333333333 1 0 0.000157903047529 0.000473709142586 0.0 2 1
2082.0 2082 2082 0.0 0 0 0.0 0.0 0.0 0 1
2142.33333333 2146 2137 0.0 0 0 0.0 0.0 0.0 2 1
2185.0 2211 2159 0.5 1 0 0.000226039783002 0.000452079566004 0.0 1 1
2004.0 2004 2004 0.0 0 0 0.0 0.0 0.0 0 1
2077.0 2107 2047 0.0 0 0 0.0 0.0 0.0 1 1
354.235 2093 107 139.604 655 1 0.297601653345 0.538461538462 0.000477554918816 999 1
2196.66666667 2214 2184 1.0 2 0 0.000456969811762 0.000914913083257 0.0 2 1
2119.5 2157 2082 0.0 0 0 0.0 0.0 0.0 1 1
278.912 2021 106 114.074 702 1 0.307815353973 0.601694915254 0.000505305709955 999 1
2075.66666667 2155 2030 0.0 0 0 0.0 0.0 0.0 2 1
337.548 2157 157 123.657 645 1 0.28462311811 0.542553191489 0.000463392029657 999 1
2151.0 2203 2123 0.0 0 0 0.0 0.0 0.0 2 1
1972.0 1972 1972 0.0 0 0 0.0 0.0 0.0 0 1
2110.14285714 2174 2031 0.285714285714 1 0 0.000134054984996 0.000473484848485 0.0 6 1
1953.27272727 2112 1820 0.818181818182 3 0 0.000407837679661 0.00146555935515 0.0 10 1
1990.25 2050 1946 0.75 1 0 0.000373978481508 0.000506842372022 0.0 3 1
2151.0 2151 2151 0.0 0 0 0.0 0.0 0.0 0 1
2104.85714286 2167 2032 1.28571428571 2 0 0.000605964322054 0.000941619585687 0.0 6 1
1972.0 2040 1926 0.6 1 0 0.000300318145569 0.000506329113924 0.0 4 1
2181.0 2207 2155 0.5 1 0 0.000231910946197 0.000463821892393 0.0 1 1
1983.5 1993 1974 0.0 0 0 0.0 0.0 0.0 1 1
2218.0 2218 2218 0.0 0 0 0.0 0.0 0.0 0 1
264.918 2131 110 107.085 660 1 0.304703094919 0.558726673985 0.000469704086426 999 1
2022.0 2046 1998 0.5 1 0 0.000250125062531 0.000500250125063 0.0 1 1
2046.0 2046 2046 0.0 0 0 0.0 0.0 0.0 0 1
2172.0 2172 2172 0.0 0 0 0.0 0.0 0.0 0 1
1947.0 1947 1947 0.0 0 0 0.0 0.0 0.0 0 1
1955.0 1955 1955 0.0 0 0 0.0 0.0 0.0 0 1
1996.0 1996 1996 0.0 0 0 0.0 0.0 0.0 0 1
2096.0 2096 2096 0.0 0 0 0.0 0.0 0.0 0 1
2023.0 2034 2012 0.5 1 0 0.0002457002457 0.0004914004914 0.0 1 1
316.616 2137 123 122.862 615 1 0.297723347399 0.59 0.000467726847521 999 1
2174.5 2186 2163 0.5 1 0 0.000231053604436 0.000462107208872 0.0 1 1
327.368 2119 142 115.082 674 2 0.285814612675 0.528771384137 0.00094696969697 999 1
2205.0 2229 2181 0.5 1 0 0.000229147571036 0.000458295142071 0.0 1 1
2052.0 2052 2052 0.0 0 0 0.0 0.0 0.0 0 1
322.594 2108 78 128.005 533 1 0.30586843618 0.612903225806 0.000474158368895 999 1
1953.0 1971 1935 0.0 0 0 0.0 0.0 0.0 1 1
1943.66666667 1993 1896 0.0 0 0 0.0 0.0 0.0 2 1
2278.66666667 2414 2152 0.333333333333 1 0 0.000146778218112 0.000440334654337 0.0 2 1
2034.0 2034 2034 0.0 0 0 0.0 0.0 0.0 0 1
1968.71428571 2000 1937 0.142857142857 1 0 7.13928749911e-05 0.000499750124938 0.0 6 1
2169.0 2169 2169 0.0 0 0 0.0 0.0 0.0 0 1
351.45 2129 96 125.324 568 0 0.291532973132 0.590361445783 0.0 999 1
332.687 2115 138 123.891 532 1 0.297434809795 0.521367521368 0.00047258979206 999 1
2081.0 2081 2081 0.0 0 0 0.0 0.0 0.0 0 1
353.205 2257 153 127.518 623 1 0.282477611425 0.527272727273 0.00044286979628 999 1
2178.66666667 2194 2149 0.333333333333 1 0 0.000151860288535 0.000455580865604 0.0 2 1
2125.4 2151 2073 1.4 3 0 0.000655714153309 0.0014137606032 0.0 4 1
2011.0 2011 2011 0.0 0 0 0.0 0.0 0.0 0 1
2137.0 2137 2137 0.0 0 0 0.0 0.0 0.0 0 1
2046.5 2098 1989 1.25 3 0 0.000609541390191 0.00150602409639 0.0 7 1
2078.0 2078 2078 0.0 0 0 0.0 0.0 0.0 0 1
2197.0 2197 2197 0.0 0 0 0.0 0.0 0.0 0 1
1986.0 2057 1945 0.0 0 0 0.0 0.0 0.0 2 1
2004.0 2004 2004 0.0 0 0 0.0 0.0 0.0 0 1
2042.0 2042 2042 0.0 0 0 0.0 0.0 0.0 0 1
2003.0 2003 2003 0.0 0 0 0.0 0.0 0.0 0 1
2106.0 2106 2106 0.0 0 0 0.0 0.0 0.0 0 1
2197.85714286 2230 2165 0.857142857143 4 0 0.000387506301363 0.00180831826401 0.0 6 1
2099.0 2099 2099 0.0 0 0 0.0 0.0 0.0 0 1
2098.8 2139 2063 1.0 2 0 0.000474897390081 0.000947867298578 0.0 4 1
1905.16666667 1961 1865 1.0 3 0 0.000517657271109 0.00155118924509 0.0 5 1
284.065 1917 115 101.33 508 1 0.289157855543 0.540574282147 0.000533333333333 999 1
2024.0 2045 2003 0.0 0 0 0.0 0.0 0.0 1 1
2009.0 2042 1990 0.2 1 0 0.000100050025013 0.000500250125063 0.0 4 1
1894.46153846 1972 1827 1.69230769231 6 0 0.000887947303351 0.00310880829016 0.0 12 1
2098.0 2098 2098 0.0 0 0 0.0 0.0 0.0 0 1
2001.0 2001 2001 0.0 0 0 0.0 0.0 0.0 0 1
353.622 2086 122 133.478 524 2 0.291052936834 0.521649484536 0.00095785440613 999 1
2075.0 2075 2075 0.0 0 0 0.0 0.0 0.0 0 1
2175.66666667 2201 2157 0.0 0 0 0.0 0.0 0.0 2 1
2079.0 2169 2017 1.71428571429 4 0 0.00082081049386 0.00192771084337 0.0 6 1
2052.83333333 2124 1966 1.16666666667 2 0 0.000563245661803 0.000977517106549 0.0 5 1
2026.0 2026 2026 0.0 0 0 0.0 0.0 0.0 0 1
2106.2 2154 2008 0.2 1 0 9.95520159283e-05 0.000497760079642 0.0 4 1
2109.66666667 2152 2083 0.0 0 0 0.0 0.0 0.0 2 1
2059.0 2059 2059 0.0 0 0 0.0 0.0 0.0 0 1
1975.0 1975 1975 0.0 0 0 0.0 0.0 0.0 0 1
2083.5 2179 1991 0.166666666667 1 0 8.04375804376e-05 0.000482625482625 0.0 5 1
305.154 2139 95 118.416 728 2 0.301285076042 0.586363636364 0.000964785335263 999 1
327.279 2215 118 117.45 666 0 0.287703816013 0.51338766007 0.0 999 1
2025.66666667 2073 1954 0.5 2 0 0.000243199941208 0.000977039570103 0.0 5 1
2082.14285714 2114 2010 0.428571428571 1 0 0.000204326903988 0.00048309178744 0.0 6 1
1946.0 1988 1863 0.5 1 0 0.000255967843011 0.000522739153163 0.0 7 1
2038.0 2038 2038 0.0 0 0 0.0 0.0 0.0 0 1
1840.75 1904 1793 0.5 1 0 0.000272628216277 0.000545553737043 0.0 3 1
304.127 2306 122 116.382 668 2 0.299907821686 0.546654929577 0.000890868596882 999 1
1924.0 1982 1882 1.4 2 0 0.000726928974365 0.00106157112527 0.0 4 1
2149.0 2192 2106 1.0 2 0 0.000460457427712 0.000911577028259 0.0 3 1
2050.66666667 2057 2041 1.0 2 0 0.000488287056659 0.000978952520803 0.0 2 1
1920.0 1921 1919 0.0 0 0 0.0 0.0 0.0 1 1
1970.28571429 2037 1898 1.0 3 0 0.000501584746036 0.00147058823529 0.0 6 1
1984.0 2014 1954 0.5 1 0 0.000248138957816 0.000496277915633 0.0 1 1
298.848 2178 121 106.597 664 0 0.282236959412 0.582059123344 0.0 999 1
2040.22222222 2185 1940 0.888888888889 2 0 0.000435438251126 0.00102092904543 0.0 8 1
2026.66666667 2067 1958 0.333333333333 1 0 0.000170154840905 0.000510464522716 0.0 2 1
2182.0 2198 2166 0.5 1 0 0.000230733733272 0.000461467466544 0.0 1 1
2130.5 2152 2109 0.5 1 0 0.000232234091965 0.000464468183929 0.0 1 1
343.404 2111 125 126.2 728 0 0.294784992803 0.594620557157 0.0 999 1
1940.0 1940 1940 0.0 0 0 0.0 0.0 0.0 0 1
2052.0 2113 1981 0.2 1 0 9.46073793756e-05 0.000473036896878 0.0 4 1
2132.0 2150 2106 0.0 0 0 0.0 0.0 0.0 2 1
1990.0 1990 1990 0.0 0 0 0.0 0.0 0.0 0 1
2115.0 2115 2115 0.0 0 0 0.0 0.0 0.0 0 1
1803.33333333 1835 1761 0.166666666667 1 0 9.45894816496e-05 0.000567536889898 0.0 5 1
2200.0 2200 2200 0.0 0 0 0.0 0.0 0.0 0 1
289.252 2255 88 109.328 571 2 0.293204882989 0.575 0.000950570342205 999 1
2042.0 2042 2042 0.0 0 0 0.0 0.0 0.0 0 1
2134.5 2150 2119 0.5 1 0 0.000232450023245 0.00046490004649 0.0 1 1
2006.0 2081 1944 0.444444444444 2 0 0.000216937146219 0.000970873786408 0.0 8 1
2146.66666667 2172 2109 0.0 0 0 0.0 0.0 0.0 2 1
2094.0 2094 2094 0.0 0 0 0.0 0.0 0.0 0 1
297.099 2078 104 108.617 606 0 0.284328871867 0.53488372093 0.0 999 1
2044.0 2055 2033 0.0 0 0 0.0 0.0 0.0 1 1
1984.33333333 2019 1930 0.0 0 0 0.0 0.0 0.0 2 1
2171.0 2171 2171 0.0 0 0 0.0 0.0 0.0 0 1
2072.5 2099 2048 0.5 1 0 0.000241258581705 0.000484496124031 0.0 3 1
2061.4 2172 1976 1.6 4 0 0.000771274136971 0.00194457948469 0.0 4 1
2196.8 2263 2131 0.2 1 0 8.83392226148e-05 0.000441696113074 0.0 4 1
1889.66666667 1925 1846 0.833333333333 2 0 0.000434767616256 0.00104329681794 0.0 5 1
2163.0 2163 2163 0.0 0 0 0.0 0.0 0.0 0 1
2072.0 2112 2032 0.5 1 0 0.000236630383341 0.000473260766682 0.0 1 1
2060.5 2121 2004 0.833333333333 2 0 0.000400500752153 0.000975134080936 0.0 5 1
2147.0 2154 2136 0.666666666667 1 0 0.000310660947089 0.000467945718297 0.0 2 1
2075.33333333 2188 2000 0.666666666667 1 0 0.000318468820103 0.000499750124938 0.0 5 1
2048.2173913 2159 1878 1.17391304348 3 0 0.000588128625008 0.00157232704403 0.0 22 1
1861.0 1861 1861 0.0 0 0 0.0 0.0 0.0 0 1
2080.66666667 2199 1983 0.333333333333 1 0 0.000161189077937 0.000486381322957 0.0 8 1
2113.0 2113 2113 0.0 0 0 0.0 0.0 0.0 0 1
2177.33333333 2198 2161 1.66666666667 3 0 0.000762552837294 0.00136301681054 0.0 2 1
333.756 2190 155 132.256 600 1 0.30343865349 0.553530751708 0.00046533271289 999 1
2122.0 2125 2119 0.0 0 0 0.0 0.0 0.0 1 1
314.653 2148 116 114.514 506 1 0.287316195877 0.548295454545 0.00046533271289 999 1
2128.66666667 2165 2110 0.666666666667 1 0 0.000311721788522 0.000473484848485 0.0 2 1
2013.5 2051 1976 0.5 1 0 0.000252908447142 0.000505816894284 0.0 1 1
2031.0 2031 2031 0.0 0 0 0.0 0.0 0.0 0 1
321.873 2197 115 107.28 642 1 0.289181493934 0.585158150852 0.000454959053685 999 1
309.699 2248 123 116.809 627 0 0.306157610572 0.522900763359 0.0 999 1
308.443 2101 104 117.237 577 0 0.2966548338 0.646258503401 0.0 999 1
2098.55555556 2137 2051 0.333333333333 1 0 0.000159552323328 0.000484496124031 0.0 8 1
1972.81818182 2037 1900 1.81818181818 4 0 0.00091971203538 0.00206504904491 0.0 10 1
2119.0 2174 2064 0.0 0 0 0.0 0.0 0.0 1 1
2029.625 2132 1959 0.875 2 0 0.00043068374903 0.000997506234414 0.0 15 1
1977.75 2097 1877 1.875 5 0 0.000928421588474 0.0023786869648 0.0 7 1
2079.0 2079 2079 0.0 0 0 0.0 0.0 0.0 0 1
2102.5 2115 2090 0.0 0 0 0.0 0.0 0.0 1 1
2009.8 2141 1930 0.4 1 0 0.000191265933686 0.000489476260401 0.0 4 1
1972.0 1987 1957 0.0 0 0 0.0 0.0 0.0 1 1
2092.5 2126 2059 0.5 1 0 0.000242718446602 0.000485436893204 0.0 1 1
2110.2 2152 2071 0.8 2 0 0.000378262241691 0.000946073793756 0.0 4 1
356.365 2018 156 127.903 553 1 0.294964681693 0.509375 0.000502765208648 999 1
2059.0 2059 2059 0.0 0 0 0.0 0.0 0.0 0 1
2007.0 2087 1927 1.71428571429 3 0 0.000844027339238 0.00146484375 0.0 6 1
1961.66666667 1997 1931 0.0 0 0 0.0 0.0 0.0 2 1
2102.0 2129 2071 0.0 0 0 0.0 0.0 0.0 2 1
356.49 2140 113 115.342 617 1 0.285419419488 0.605351170569 0.000467071461934 999 1
336.14 2136 132 118.081 639 0 0.296223722657 0.533527696793 0.0 999 1
2086.0 2086 2086 0.0 0 0 0.0 0.0 0.0 0 1
2119.5 2171 2077 0.5 2 0 0.000233535730967 0.000934142923867 0.0 3 1
2169.66666667 2182 2161 0.333333333333 1 0 0.000154178230034 0.000462534690102 0.0 2 1
2047.0 2047 2047 0.0 0 0 0.0 0.0 0.0 0 1
2127.0 2165 2099 1.0 2 0 0.000471202723527 0.000951927653498 0.0 2 1
1879.0 1884 1874 0.0 0 0 0.0 0.0 0.0 1 1
2144.33333333 2173 2128 0.333333333333 1 0 0.000156568028809 0.000469704086426 0.0 2 1
1960.0 1979 1933 0.0 0 0 0.0 0.0 0.0 2 1
344.687 2337 111 123.632 564 1 0.289755092414 0.522727272727 0.000427715996578 999 1
1988.66666667 2006 1975 0.0 0 0 0.0 0.0 0.0 2 1
317.025 2137 134 113.477 577 0 0.289289673894 0.521806853583 0.0 999 1
2029.0 2029 2029 0.0 0 0 0.0 0.0 0.0 0 1
2051.33333333 2232 1945 0.777777777778 2 0 0.00038191819439 0.00100654252642 0.0 8 1
2107.0 2107 2107 0.0 0 0 0.0 0.0 0.0 0 1
1872.3 2003 1750 1.8 3 0 0.000958667612524 0.00159574468085 0.0 9 1
342.467 2160 160 133.604 539 1 0.301873478271 0.478260869565 0.000478011472275 999 1
2010.0 2010 2010 0.0 0 0 0.0 0.0 0.0 0 1
1926.75 2003 1859 0.625 2 0 0.000321717878653 0.00103359173127 0.0 7 1
2056.6 2136 1973 0.8 2 0 0.000391707154901 0.00100150225338 0.0 4 1
2028.0 2029 2027 0.5 1 0 0.000246548323471 0.000493096646943 0.0 1 1
2132.5 2137 2128 0.0 0 0 0.0 0.0 0.0 1 1
365.582 2065 169 125.623 600 1 0.275442473859 0.52695269527 0.000485908649174 999 1
2279.0 2279 2279 0.0 0 0 0.0 0.0 0.0 0 1
2086.0 2086 2086 0.0 0 0 0.0 0.0 0.0 0 1
2310.0 2336 2291 0.333333333333 1 0 0.000145433391507 0.00043630017452 0.0 2 1
2018.0 2018 2018 0.0 0 0 0.0 0.0 0.0 0 1
2143.0 2143 2143 0.0 0 0 0.0 0.0 0.0 0 1
2051.66666667 2101 1960 1.33333333333 2 0 0.000641254019903 0.000974658869396 0.0 5 1
2153.0 2153 2153 0.0 0 0 0.0 0.0 0.0 0 1
2018.4 2117 1972 0.8 2 0 0.000392690833647 0.000996015936255 0.0 4 1
2057.0 2057 2057 0.0 0 0 0.0 0.0 0.0 0 1
2157.2 2219 2084 0.6 1 0 0.000281567252211 0.000479616306954 0.0 4 1
1989.75 2013 1957 0.25 1 0 0.000124875124875 0.0004995004995 0.0 3 1
1943.0 1943 1943 0.0 0 0 0.0 0.0 0.0 0 1
1952.0 1953 1951 0.5 1 0 0.000256147540984 0.000512295081967 0.0 1 1
2110.0 2154 2066 0.0 0 0 0.0 0.0 0.0 1 1
2231.0 2244 2218 0.5 1 0 0.00022271714922 0.000445434298441 0.0 1 1
2101.0 2101 2101 0.0 0 0 0.0 0.0 0.0 0 1
2099.33333333 2130 2075 0.0 0 0 0.0 0.0 0.0 2 1
2112.5 2146 2079 0.5 1 0 0.000240384615385 0.000480769230769 0.0 1 1
317.879 2059 133 124.336 578 2 0.29578421345 0.51364764268 0.000971345313259 999 1
1987.6 2058 1904 1.0 2 0 0.000511177389201 0.00104931794334 0.0 4 1
2039.33333333 2066 2020 0.666666666667 1 0 0.000328896155866 0.000494804552202 0.0 2 1
335.508 2017 101 116.066 672 0 0.28251894433 0.561643835616 0.0 999 1
2058.0 2073 2043 0.0 0 0 0.0 0.0 0.0 1 1
2088.33333333 2129 2013 0.333333333333 1 0 0.000165508109897 0.000496524329692 0.0 2 1
2156.0 2180 2132 0.5 1 0 0.000229252636405 0.000458505272811 0.0 1 1
2005.0 2005 2005 0.0 0 0 0.0 0.0 0.0 0 1
2104.0 2104 2104 0.0 0 0 0.0 0.0 0.0 0 1
309.482 1867 91 114.862 514 0 0.288999054614 0.529147982063 0.0 999 1
2139.0 2139 2139 0.0 0 0 0.0 0.0 0.0 0 1
352.52 2189 117 126.788 549 1 0.282216831967 0.521084337349 0.000456621004566 999 1
1995.75 2035 1959 0.25 1 0 0.00012278978389 0.00049115913556 0.0 3 1
2274.0 2274 2274 0.0 0 0 0.0 0.0 0.0 0 1
2160.16666667 2248 2064 0.666666666667 2 0 0.000301795698511 0.000888888888889 0.0 5 1
2071.0 2071 2071 0.0 0 0 0.0 0.0 0.0 0 1
2027.66666667 2060 1993 0.0 0 0 0.0 0.0 0.0 2 1
2109.0 2109 2109 0.0 0 0 0.0 0.0 0.0 0 1
2074.5 2117 2032 0.0 0 0 0.0 0.0 0.0 1 1
1967.0 1967 1967 0.0 0 0 0.0 0.0 0.0 0 1
1940.5 1976 1908 0.75 1 0 0.000384190565139 0.000517598343685 0.0 3 1
2038.0 2092 1984 0.0 0 0 0.0 0.0 0.0 1 1
2248.0 2248 2248 0.0 0 0 0.0 0.0 0.0 0 1
2108.66666667 2140 2065 0.666666666667 1 0 0.000312774998778 0.000471253534402 0.0 2 1
2109.0 2152 2066 0.0 0 0 0.0 0.0 0.0 1 1
2017.0 2017 2017 0.0 0 0 0.0 0.0 0.0 0 1
2164.0 2164 2164 0.0 0 0 0.0 0.0 0.0 0 1
1964.0 1964 1964 0.0 0 0 0.0 0.0 0.0 0 1
2014.0 2036 1989 0.333333333333 1 0 0.00016518004625 0.000495540138751 0.0 2 1
1967.0 1967 1967 0.0 0 0 0.0 0.0 0.0 0 1
2197.0 2197 2197 0.0 0 0 0.0 0.0 0.0 0 1
1971.5 1982 1961 0.0 0 0 0.0 0.0 0.0 1 1
2154.0 2228 2103 0.5 2 0 0.000236003157241 0.000940733772342 0.0 5 1
2120.0 2120 2120 0.0 0 0 0.0 0.0 0.0 0 1
2010.5 2015 2006 0.0 0 0 0.0 0.0 0.0 1 1
2047.0 2047 2047 0.0 0 0 0.0 0.0 0.0 0 1
384.537 2040 135 125.344 642 0 0.277801301079 0.529750479846 0.0 999 1
298.396 2063 112 111.62 573 2 0.291221868601 0.510903426791 0.000968523002421 999 1
316.427 2046 101 111.645 561 0 0.28643264182 0.577200577201 0.0 999 1
1938.0 1978 1898 0.5 1 0 0.000252652854977 0.000505305709955 0.0 1 1
330.123 2078 123 123.396 690 0 0.293830098848 0.573576799141 0.0 999 1
1990.83333333 2056 1897 0.5 1 0 0.000244348425674 0.000492853622474 0.0 5 1
2094.0 2113 2084 1.33333333333 2 0 0.000634646615338 0.000958313368471 0.0 2 1
2263.0 2263 2263 0.0 0 0 0.0 0.0 0.0 0 1
2012.4 2088 1956 0.6 1 0 0.000294136925194 0.000510986203373 0.0 4 1
2035.0 2057 2020 1.0 2 0 0.000490376774684 0.000985221674877 0.0 2 1
2113.1 2176 2046 1.1 2 0 0.000517673383683 0.000954198473282 0.0 9 1
1913.0 1996 1819 0.166666666667 1 0 8.3458521115e-05 0.00050075112669 0.0 5 1
353.636 2103 121 124.423 542 0 0.287468144579 0.523510971787 0.0 999 1
2045.4 2136 1927 0.8 1 0 0.000388330386863 0.000501504513541 0.0 9 1
2165.0 2174 2156 1.0 2 0 0.000459558823529 0.000919117647059 0.0 1 1
1912.0 1912 1912 0.0 0 0 0.0 0.0 0.0 0 1
1850.28571429 1884 1805 0.571428571429 1 0 0.000307989444451 0.000550357732526 0.0 6 1
1986.0 1986 1986 0.0 0 0 0.0 0.0 0.0 0 1
2103.0 2153 2051 0.75 1 0 0.000356716789797 0.000487329434698 0.0 3 1
1858.33333333 1881 1846 0.333333333333 1 0 0.000177116542685 0.000531349628055 0.0 2 1
293.551 2021 95 113.167 597 1 0.293549922681 0.580071174377 0.000494559841741 999 1
1966.2 1989 1909 0.8 1 0 0.000407341018818 0.000523560209424 0.0 4 1
2119.5 2132 2107 0.0 0 0 0.0 0.0 0.0 1 1
2192.0 2219 2165 0.0 0 0 0.0 0.0 0.0 1 1
2190.33333333 2249 2127 0.666666666667 2 0 0.000296164667555 0.000888494002665 0.0 2 1
2122.0 2122 2122 0.0 0 0 0.0 0.0 0.0 0 1
2156.5 2182 2131 0.0 0 0 0.0 0.0 0.0 1 1
344.225 2054 172 131.096 711 4 0.285584948686 0.622891566265 0.0019436345967 999 1
354.92 2106 120 126.782 647 1 0.285003945907 0.570731707317 0.00047460844803 999 1
2177.0 2193 2161 0.0 0 0 0.0 0.0 0.0 1 1
1899.0 1899 1899 0.0 0 0 0.0 0.0 0.0 0 1
2058.83333333 2140 1973 0.166666666667 1 0 8.15394651011e-05 0.000489236790607 0.0 5 1
1874.0 1880 1868 0.5 1 0 0.000267522739433 0.000535045478866 0.0 1 1
2137.0 2137 2137 0.0 0 0 0.0 0.0 0.0 0 1
1957.0 1957 1957 0.0 0 0 0.0 0.0 0.0 0 1
2079.0 2079 2079 0.0 0 0 0.0 0.0 0.0 0 1
2132.0 2197 2092 0.333333333333 1 0 0.000151653017895 0.000454959053685 0.0 2 1
2013.0 2013 2013 0.0 0 0 0.0 0.0 0.0 0 1
2172.0 2172 2172 0.0 0 0 0.0 0.0 0.0 0 1
1968.33333333 2002 1947 1.0 2 0 0.000503783671534 0.000998003992016 0.0 2 1
2064.0 2064 2064 0.0 0 0 0.0 0.0 0.0 0 1
2064.0 2078 2050 0.0 0 0 0.0 0.0 0.0 1 1
340.396 2012 99 120.418 607 1 0.28715731612 0.585774058577 0.000510725229826 999 1
2063.0 2063 2063 0.0 0 0 0.0 0.0 0.0 0 1
2126.33333333 2181 2060 0.333333333333 1 0 0.000155836060464 0.000467508181393 0.0 2 1
1898.0 1898 1898 0.0 0 0 0.0 0.0 0.0 0 1
2095.5 2111 2080 0.0 0 0 0.0 0.0 0.0 1 1
284.307 1993 86 108.936 606 1 0.302112364723 0.58203125 0.000501504513541 999 1
2165.71428571 2214 2107 1.14285714286 3 0 0.000528952999452 0.00137931034483 0.0 6 1
325.682 2189 111 118.708 681 1 0.287112909071 0.579464285714 0.000456621004566 999 1
2137.0 2201 2073 0.0 0 0 0.0 0.0 0.0 1 1
2022.0 2031 2013 0.5 1 0 0.000248262164846 0.000496524329692 0.0 1 1
2058.0 2058 2058 0.0 0 0 0.0 0.0 0.0 0 1
2103.5 2133 2074 0.5 1 0 0.000234301780694 0.000468603561387 0.0 1 1
2054.0 2054 2054 0.0 0 0 0.0 0.0 0.0 0 1
2047.0 2066 2028 0.0 0 0 0.0 0.0 0.0 1 1
314.75 2127 133 118.75 646 1 0.297778354445 0.529411764706 0.00046992481203 999 1
1831.0 1842 1815 0.666666666667 1 0 0.000362319803741 0.000544365813827 0.0 2 1
2178.66666667 2207 2152 0.0 0 0 0.0 0.0 0.0 2 1
2079.33333333 2092 2060 0.666666666667 1 0 0.000320994815014 0.000485201358564 0.0 2 1
2129.36363636 2318 1949 1.18181818182 3 0 0.000557219360546 0.00144439094848 0.0 10 1
2086.15384615 2189 1994 1.38461538462 3 0 0.000660012313707 0.00142112742776 0.0 12 1
2039.0 2039 2039 0.0 0 0 0.0 0.0 0.0 0 1
318.622 2215 111 113.14 531 1 0.289931784047 0.54272517321 0.000453103760761 999 1
1891.16666667 1963 1804 0.666666666667 2 0 0.000346513079719 0.00105097214924 0.0 5 1
2061.66666667 2168 1955 0.8 2 0 0.000382936920884 0.000951927653498 0.0 14 1
2135.66666667 2175 2110 0.333333333333 1 0 0.00015318627451 0.000459558823529 0.0 2 1
2107.5 2125 2090 0.0 0 0 0.0 0.0 0.0 1 1
2105.0 2105 2105 0.0 0 0 0.0 0.0 0.0 0 1
2304.0 2304 2304 0.0 0 0 0.0 0.0 0.0 0 1
2137.0 2137 2137 0.0 0 0 0.0 0.0 0.0 0 1
1948.0 1948 1948 0.0 0 0 0.0 0.0 0.0 0 1
2033.0 2033 2033 0.0 0 0 0.0 0.0 0.0 0 1
2003.0 2003 2003 0.0 0 0 0.0 0.0 0.0 0 1
1959.5 1972 1947 0.5 1 0 0.000253421186011 0.000506842372022 0.0 1 1
2035.0 2035 2035 0.0 0 0 0.0 0.0 0.0 0 1
1877.5 1907 1848 0.5 1 0 0.00027041644132 0.000540832882639 0.0 1 1
354.288 2139 146 133.34 653 1 0.292638993638 0.572639225182 0.000469704086426 999 1
2060.75 2113 2007 0.25 1 0 0.000121124031008 0.000484496124031 0.0 3 1
1855.88888889 1901 1796 1.88888888889 4 0 0.00102252488883 0.00220385674931 0.0 8 1
1897.0 1943 1851 0.5 1 0 0.000269978401728 0.000539956803456 0.0 1 1
357.458 1998 129 118.464 574 0 0.288480356608 0.501683501684 0.0 999 1
1992.66666667 2037 1957 0.0 0 0 0.0 0.0 0.0 2 1
2046.0 2046 2046 0.0 0 0 0.0 0.0 0.0 0 1
308.298 1904 112 110.557 487 2 0.282572513812 0.508650519031 0.00104931794334 999 1
1942.5 2107 1826 1.0 2 0 0.000505094080617 0.0010060362173 0.0 3 1
2138.33333333 2166 2103 0.666666666667 1 0 0.000312250879215 0.000475285171103 0.0 2 1
2078.71428571 2128 1994 0.714285714286 2 0 0.000341439090552 0.000944733112896 0.0 6 1
340.567 2112 182 130.708 640 1 0.291583684742 0.529151943463 0.000473260766682 999 1
2034.5 2060 2009 0.0 0 0 0.0 0.0 0.0 1 1
1956.0 2021 1907 0.0 0 0 0.0 0.0 0.0 3 1
2296.0 2324 2281 1.16666666667 2 0 0.000507080852588 0.00087374399301 0.0 5 1
349.764 2135 137 127.943 500 2 0.283706175849 0.548209366391 0.000935891436593 999 1
344.267 2149 145 118.179 616 0 0.282128734791 0.56768558952 0.0 999 1
317.829 2156 133 127.464 527 2 0.300878846527 0.535545023697 0.000926784059314 999 1
1853.0 1853 1853 0.0 0 0 0.0 0.0 0.0 0 1
2041.33333333 2052 2026 0.666666666667 1 0 0.000325203948484 0.000488519785051 0.0 2 1
2091.25 2125 2046 1.0 2 0 0.000479213497591 0.0009765625 0.0 3 1
356.369 2201 155 128.584 602 0 0.281574335734 0.51138952164 0.0 999 1
2030.0 2030 2030 0.0 0 0 0.0 0.0 0.0 0 1
2005.0 2005 2005 0.0 0 0 0.0 0.0 0.0 0 1
2152.33333333 2209 2091 0.0 0 0 0.0 0.0 0.0 2 1
2042.0 2042 2042 0.0 0 0 0.0 0.0 0.0 0 1
2083.33333333 2105 2065 0.666666666667 2 0 0.00031640563202 0.000949216896061 0.0 2 1
2184.0 2184 2184 0.0 0 0 0.0 0.0 0.0 0 1
334.172 2260 94 123.606 599 1 0.296454888247 0.52868852459 0.000443066016837 999 1
2033.0 2108 1994 0.333333333333 1 0 0.000166833500167 0.000500500500501 0.0 2 1
329.466 2041 125 122.667 624 1 0.301733099415 0.547408343869 0.000510204081633 999 1
2019.0 2019 2019 0.0 0 0 0.0 0.0 0.0 0 1
2029.0 2029 2029 0.0 0 0 0.0 0.0 0.0 0 1
2085.18181818 2236 1904 0.727272727273 2 0 0.000342139633558 0.000961538461538 0.0 10 1
2183.0 2226 2165 1.0 2 0 0.000455150250327 0.000922934933087 0.0 3 1
2032.66666667 2067 1995 0.833333333333 2 0 0.000410116515769 0.00100150225338 0.0 5 1
2061.0 2061 2061 0.0 0 0 0.0 0.0 0.0 0 1
2134.0 2134 2134 0.0 0 0 0.0 0.0 0.0 0 1
1987.0 1987 1987 0.0 0 0 0.0 0.0 0.0 0 1
1912.33333333 1934 1890 0.666666666667 1 0 0.000348538865135 0.000528820729773 0.0 2 1
2073.0 2073 2073 0.0 0 0 0.0 0.0 0.0 0 1
330.36 1940 111 120.481 552 1 0.290607736082 0.582753824757 0.000515198351365 999 1
2117.0 2117 2117 0.0 0 0 0.0 0.0 0.0 0 1
1956.0 2014 1894 0.333333333333 1 0 0.000165425971878 0.000496277915633 0.0 2 1
2157.0 2157 2157 0.0 0 0 0.0 0.0 0.0 0 1
350.117 2220 98 115.363 462 0 0.283507743305 0.557894736842 0.0 999 1
2143.66666667 2173 2098 1.33333333333 2 0 0.00061486987003 0.000925069380204 0.0 2 1
1934.0 1934 1934 0.0 0 0 0.0 0.0 0.0 0 1
305.956 2044 92 118.267 568 1 0.300639135971 0.5859375 0.000512557662737 999 1
2055.0 2055 2055 0.0 0 0 0.0 0.0 0.0 0 1
2106.83333333 2220 2040 1.25 3 0 0.000584635520331 0.00137111517367 0.0 11 1
2022.85714286 2046 1996 0.857142857143 2 0 0.000424819985378 0.001001001001 0.0 6 1
1954.0 1954 1954 0.0 0 0 0.0 0.0 0.0 0 1
1919.0 1919 1919 0.0 0 0 0.0 0.0 0.0 0 1
2141.2 2188 2103 1.2 2 0 0.000556734577622 0.00092807424594 0.0 4 1
2169.0 2169 2169 0.0 0 0 0.0 0.0 0.0 0 1
2088.0 2088 2088 0.0 0 0 0.0 0.0 0.0 0 1
2028.13333333 2105 1946 0.866666666667 3 0 0.000427818663988 0.00147710487445 0.0 14 1
310.966 2089 102 115.129 600 1 0.302439457953 0.533742331288 0.000478468899522 999 1
2100.33333333 2141 2028 0.666666666667 1 0 0.000311892220554 0.000468823253633 0.0 2 1
1887.5 1904 1859 0.5 2 0 0.000264970853206 0.00105988341282 0.0 3 1
2033.5 2057 2010 0.0 0 0 0.0 0.0 0.0 1 1
2028.5 2075 1982 0.5 1 0 0.0002408477842 0.000481695568401 0.0 1 1
1933.0 1933 1933 0.0 0 0 0.0 0.0 0.0 0 1
2078.0 2078 2078 0.0 0 0 0.0 0.0 0.0 0 1
2059.0 2078 2044 0.666666666667 2 0 0.000325839035516 0.000977517106549 0.0 2 1
2022.85714286 2142 1961 1.14285714286 2 0 0.000559248116574 0.000967585873246 0.0 6 1
2001.0 2001 2001 0.0 0 0 0.0 0.0 0.0 0 1
346.147 2143 113 123.512 643 1 0.294194487445 0.52135678392 0.000478697941599 999 1
2021.0 2076 1969 0.333333333333 1 0 0.000166462224793 0.000507614213198 0.0 5 1
315.787 2102 127 117.964 558 0 0.291949434216 0.520215633423 0.0 999 1
1976.5 1978 1975 0.0 0 0 0.0 0.0 0.0 1 1
353.399 2108 120 125.932 605 0 0.291139005828 0.493887530562 0.0 999 1
1953.0 1982 1924 0.5 1 0 0.000252143217347 0.000504286434695 0.0 1 1
350.677 2170 132 139.664 755 1 0.300858603012 0.547368421053 0.000473036896878 999 1
2108.0 2202 2047 1.0 2 0 0.000463045528245 0.000907441016334 0.0 2 1
1915.0 1915 1915 0.0 0 0 0.0 0.0 0.0 0 1
2075.66666667 2093 2058 0.333333333333 1 0 0.000160487883165 0.000481463649494 0.0 2 1
1963.0 1963 1963 0.0 0 0 0.0 0.0 0.0 0 1
304.653 2259 117 107.252 692 1 0.289663645637 0.545126353791 0.000442477876106 999 1
1832.0 1833 1831 0.0 0 0 0.0 0.0 0.0 1 1
2064.0 2064 2064 0.0 0 0 0.0 0.0 0.0 0 1
2057.75 2072 2028 0.0 0 0 0.0 0.0 0.0 3 1
2035.0 2035 2035 0.0 0 0 0.0 0.0 0.0 0 1
348.929 2227 151 133.417 659 1 0.295890979583 0.564500484966 0.000448833034111 999 1
2123.25 2263 2008 1.0 3 0 0.000460185488324 0.00134649910233 0.0 11 1
1984.0 1984 1984 0.0 0 0 0.0 0.0 0.0 0 1
367.515 2159 116 130.819 665 0 0.287455235871 0.592672413793 0.0 999 1
2003.8 2059 1903 0.9 2 0 0.000446413949671 0.000984736582964 0.0 9 1
2090.125 2156 2009 0.25 1 0 0.000119427605479 0.000482160077146 0.0 7 1
1836.33333333 1964 1711 1.33333333333 4 0 0.000702185974341 0.0020325203252 0.0 8 1
335.797 2153 157 129.385 620 1 0.291598728751 0.553418803419 0.000464252553389 999 1
2126.9 2239 1996 1.2 2 0 0.000564439149384 0.000965717044906 0.0 9 1
1942.5 1965 1920 0.5 1 0 0.000254323499491 0.000508646998983 0.0 1 1
2114.0 2114 2114 0.0 0 0 0.0 0.0 0.0 0 1
1999.5 2002 1997 0.5 1 0 0.00025025025025 0.000500500500501 0.0 1 1
2073.0 2073 2073 0.0 0 0 0.0 0.0 0.0 0 1
2124.0 2164 2084 0.0 0 0 0.0 0.0 0.0 1 1
1998.5 2026 1941 0.25 1 0 0.000123639960435 0.000494559841741 0.0 3 1
1932.66666667 1970 1890 0.333333333333 1 0 0.00016911889058 0.00050735667174 0.0 2 1
317.187 2271 100 107.609 628 1 0.27354524955 0.564276048714 0.00044014084507 999 1
