2017.0 2017 2017 0.0 0 0 0.0 0.0 0.0 0 1
2026.5 2032 2021 0.0 0 0 0.0 0.0 0.0 1 1
2087.0 2091 2083 0.0 0 0 0.0 0.0 0.0 1 1
2081.0 2081 2081 0.0 0 0 0.0 0.0 0.0 0 1
1988.66666667 2015 1972 0.666666666667 1 0 0.000337297625691 0.000506842372022 0.0 2 1
1970.66666667 2042 1911 0.333333333333 1 0 0.000170068027211 0.000510204081633 0.0 2 1
2090.33333333 2119 2044 1.0 2 0 0.000472369935632 0.000942951438001 0.0 2 1
1953.0 1953 1953 0.0 0 0 0.0 0.0 0.0 0 1
1844.0 1844 1844 0.0 0 0 0.0 0.0 0.0 0 1
2112.0 2112 2112 0.0 0 0 0.0 0.0 0.0 0 1
1831.22222222 2073 1569 11.3703703704 44 0 0.00635292243174 0.0256111757858 0.0 53 1
2033.0 2033 2033 0.0 0 0 0.0 0.0 0.0 0 1
2025.0 2025 2025 0.0 0 0 0.0 0.0 0.0 0 1
1959.0 1959 1959 0.0 0 0 0.0 0.0 0.0 0 1
2101.0 2101 2101 0.0 0 0 0.0 0.0 0.0 0 1
1177.98391421 2089 820 48.9061662198 254 0 0.039120158397 0.18856718634 0.0 372 1
2098.0 2154 2033 0.875 2 0 0.000419234562437 0.000980392156863 0.0 7 1
1989.0 1989 1989 0.0 0 0 0.0 0.0 0.0 0 1
1914.0 1914 1914 0.0 0 0 0.0 0.0 0.0 0 1
1168.98387097 2231 861 61.1397849462 240 0 0.0478820613587 0.145366444579 0.0 185 1
1986.77777778 2049 1920 1.33333333333 3 0 0.000664968220016 0.00146555935515 0.0 8 1
2055.6 2081 2024 1.8 3 0 0.000873913381605 0.00145278450363 0.0 4 1
2085.5 2086 2085 0.5 1 0 0.000239578342118 0.000479156684236 0.0 1 1
1977.33333333 2018 1952 0.666666666667 1 0 0.000335775823481 0.000512032770097 0.0 2 1
2152.0 2152 2152 0.0 0 0 0.0 0.0 0.0 0 1
2126.0 2126 2126 0.0 0 0 0.0 0.0 0.0 0 1
1845.25 1896 1808 1.5 6 0 0.000812808909733 0.00326086956522 0.0 7 1
1985.0 1985 1985 0.0 0 0 0.0 0.0 0.0 0 1
2138.0 2138 2138 0.0 0 0 0.0 0.0 0.0 0 1
1981.4 2036 1945 0.8 2 0 0.000395971303104 0.00099850224663 0.0 4 1
2151.0 2151 2151 0.0 0 0 0.0 0.0 0.0 0 1
2135.0 2148 2122 0.0 0 0 0.0 0.0 0.0 1 1
2092.0 2092 2092 0.0 0 0 0.0 0.0 0.0 0 1
2335.0 2335 2335 0.0 0 0 0.0 0.0 0.0 0 1
2015.0 2066 1985 1.0 2 0 0.000501842893575 0.00100200400802 0.0 2 1
1828.0 1828 1828 0.0 0 0 0.0 0.0 0.0 0 1
2017.0 2052 1982 0.0 0 0 0.0 0.0 0.0 1 1
1176.78823529 1982 847 94.7411764706 319 0 0.068227908199 0.219545767378 0.0 84 1
2184.0 2184 2184 0.0 0 0 0.0 0.0 0.0 0 1
2022.66666667 2055 1971 0.666666666667 1 0 0.000332191883961 0.000507099391481 0.0 2 1
1921.5 1991 1856 6.125 16 0 0.00316318399673 0.00824317362184 0.0 23 1
1136.97315436 2067 825 54.9261744966 187 0 0.0426902647271 0.150753768844 0.0 148 1
1982.0 1982 1982 0.0 0 0 0.0 0.0 0.0 0 1
2230.0 2243 2217 0.5 1 0 0.000225428313796 0.000450856627592 0.0 1 1
2092.0 2092 2092 0.0 0 0 0.0 0.0 0.0 0 1
1904.12121212 2192 1712 14.5757575758 35 0 0.00759770408121 0.0171652770966 0.0 32 1
2299.0 2299 2299 0.0 0 0 0.0 0.0 0.0 0 1
2088.0 2088 2088 0.0 0 0 0.0 0.0 0.0 0 1
2121.0 2121 2121 0.0 0 0 0.0 0.0 0.0 0 1
1224.448 2021 752 60.888 168 0 0.0484226459514 0.150697674419 0.0 124 1
2042.0 2064 2028 0.666666666667 1 0 0.000325705041228 0.000492853622474 0.0 2 1
2087.0 2087 2087 0.0 0 0 0.0 0.0 0.0 0 1
1914.0 1914 1914 0.0 0 0 0.0 0.0 0.0 0 1
1794.71052632 2073 1621 39.6315789474 138 0 0.0209650586033 0.070914696814 0.0 37 1
1174.32608696 2124 883 82.3695652174 330 0 0.0584463461634 0.222972972973 0.0 91 1
1880.0 1937 1843 1.33333333333 2 0 0.000705326664802 0.00108283703303 0.0 5 1
2034.0 2034 2034 0.0 0 0 0.0 0.0 0.0 0 1
2079.0 2079 2079 0.0 0 0 0.0 0.0 0.0 0 1
1948.0 1948 1948 0.0 0 0 0.0 0.0 0.0 0 1
2026.0 2026 2026 0.0 0 0 0.0 0.0 0.0 0 1
2263.0 2263 2263 0.0 0 0 0.0 0.0 0.0 0 1
1900.0 1925 1863 0.4 1 0 0.000210916030619 0.000528541226216 0.0 4 1
2055.0 2055 2055 0.0 0 0 0.0 0.0 0.0 0 1
1852.28571429 2102 1677 16.4523809524 42 0 0.00869015321104 0.0217729393468 0.0 41 1
1994.0 2030 1958 0.5 1 0 0.000246184145741 0.000492368291482 0.0 1 1
1867.65853659 2060 1670 15.0243902439 34 0 0.00783995167826 0.0176282051282 0.0 40 1
1959.0 1959 1959 0.0 0 0 0.0 0.0 0.0 0 1
2111.0 2111 2111 0.0 0 0 0.0 0.0 0.0 0 1
2056.5 2063 2050 0.0 0 0 0.0 0.0 0.0 1 1
1952.0 1952 1952 0.0 0 0 0.0 0.0 0.0 0 1
2001.0 2001 2001 0.0 0 0 0.0 0.0 0.0 0 1
2054.57142857 2150 1957 2.28571428571 5 0 0.00110134314291 0.00245821042281 0.0 6 1
1993.0 1993 1993 0.0 0 0 0.0 0.0 0.0 0 1
1887.0 1887 1887 0.0 0 0 0.0 0.0 0.0 0 1
2077.0 2096 2058 0.5 1 0 0.000238435860753 0.000476871721507 0.0 1 1
1973.0 1973 1973 0.0 0 0 0.0 0.0 0.0 0 1
1976.0 1976 1976 0.0 0 0 0.0 0.0 0.0 0 1
1905.0 1905 1905 0.0 0 0 0.0 0.0 0.0 0 1
2099.66666667 2131 2038 1.33333333333 2 0 0.000625244270402 0.00093808630394 0.0 2 1
2141.0 2141 2141 0.0 0 0 0.0 0.0 0.0 0 1
1887.97222222 2080 1713 34.6944444444 69 0 0.0179801737385 0.0353664787289 0.0 35 1
2018.0 2018 2018 0.0 0 0 0.0 0.0 0.0 0 1
2180.5 2222 2139 0.0 0 0 0.0 0.0 0.0 1 1
1892.07575758 2128 1615 8.95454545455 26 0 0.00457108158006 0.0126091173618 0.0 65 1
1602.1686747 2027 1349 48.5662650602 160 0 0.029679626583 0.0877674163467 0.0 82 1
1972.0 1987 1947 0.333333333333 1 0 0.000167672702884 0.000503018108652 0.0 2 1
2092.0 2092 2092 0.0 0 0 0.0 0.0 0.0 0 1
2058.66666667 2097 1987 0.0 0 0 0.0 0.0 0.0 2 1
1171.72195122 2231 769 63.6634146341 215 0 0.0540677400695 0.178707224335 0.0 204 1
2058.0 2079 2037 0.5 1 0 0.000245338567223 0.000490677134446 0.0 1 1
1923.0 1957 1889 0.5 1 0 0.000255362614913 0.000510725229826 0.0 1 1
2122.0 2122 2122 0.0 0 0 0.0 0.0 0.0 0 1
1593.73611111 2044 1358 48.2083333333 150 0 0.028398677942 0.0824175824176 0.0 71 1
2008.42857143 2128 1944 1.14285714286 2 0 0.000561896840233 0.000999000999001 0.0 6 1
2141.0 2174 2104 0.75 1 0 0.000348167922804 0.000470366886171 0.0 3 1
2026.33333333 2037 2007 0.333333333333 1 0 0.000163559044815 0.000490677134446 0.0 2 1
2084.5 2115 2005 1.125 2 0 0.000535776007099 0.000964785335263 0.0 7 1
1824.62790698 2124 1589 18.1395348837 40 0 0.0097936363627 0.0218579234973 0.0 42 1
1339.66666667 2201 774 70.746031746 229 0 0.0548599015251 0.192676547515 0.0 125 1
2041.33333333 2064 2015 0.333333333333 1 0 0.000161420500404 0.000484261501211 0.0 2 1
1315.06741573 2099 921 94.8988764045 256 0 0.0674145463279 0.198603568658 0.0 88 1
1998.0 2010 1989 0.666666666667 1 0 0.000332755682092 0.000501002004008 0.0 2 1
2193.0 2193 2193 0.0 0 0 0.0 0.0 0.0 0 1
2075.0 2075 2075 0.0 0 0 0.0 0.0 0.0 0 1
2117.0 2117 2117 0.0 0 0 0.0 0.0 0.0 0 1
2072.0 2072 2072 0.0 0 0 0.0 0.0 0.0 0 1
2151.0 2151 2151 0.0 0 0 0.0 0.0 0.0 0 1
2169.0 2169 2169 0.0 0 0 0.0 0.0 0.0 0 1
2208.0 2208 2208 0.0 0 0 0.0 0.0 0.0 0 1
1545.59433962 2252 1205 33.679245283 107 0 0.020514094756 0.0678503487635 0.0 105 1
1968.0 2034 1862 1.33333333333 3 0 0.000672771819191 0.0014985014985 0.0 5 1
2163.0 2163 2163 0.0 0 0 0.0 0.0 0.0 0 1
1800.9245283 1988 1682 28.1698113208 105 0 0.0153023709212 0.0550891920252 0.0 52 1
2183.8 2331 2099 2.73333333333 6 0 0.00124287157197 0.00273099681384 0.0 14 1
1852.0 1852 1852 0.0 0 0 0.0 0.0 0.0 0 1
2138.0 2138 2138 0.0 0 0 0.0 0.0 0.0 0 1
2092.0 2092 2092 0.0 0 0 0.0 0.0 0.0 0 1
1643.72131148 2114 1367 49.4262295082 121 0 0.0289891126604 0.071470761961 0.0 60 1
1965.0 1987 1943 0.0 0 0 0.0 0.0 0.0 1 1
2111.0 2111 2111 0.0 0 0 0.0 0.0 0.0 0 1
1830.33333333 1842 1824 0.666666666667 1 0 0.000365196777146 0.000547945205479 0.0 2 1
2121.66666667 2147 2095 0.333333333333 1 0 0.000155183116077 0.000465549348231 0.0 2 1
1953.0 1953 1953 0.0 0 0 0.0 0.0 0.0 0 1
2190.0 2190 2190 0.0 0 0 0.0 0.0 0.0 0 1
1935.0 1935 1935 0.0 0 0 0.0 0.0 0.0 0 1
1880.0 1907 1853 0.5 1 0 0.000262054507338 0.000524109014675 0.0 1 1
1045.08080808 2030 792 61.0067340067 202 0 0.0542079711103 0.145631067961 0.0 296 1
1708.23636364 2184 1417 48.7090909091 135 0 0.0270613875372 0.0763968072976 0.0 54 1
1938.0 1938 1938 0.0 0 0 0.0 0.0 0.0 0 1
1951.66666667 2012 1899 0.333333333333 1 0 0.000165590329525 0.000496770988574 0.0 2 1
2071.0 2091 2051 0.0 0 0 0.0 0.0 0.0 1 1
2128.0 2186 2049 0.7 2 0 0.000328886214817 0.000974658869396 0.0 9 1
2023.0 2023 2023 0.0 0 0 0.0 0.0 0.0 0 1
2147.0 2147 2147 0.0 0 0 0.0 0.0 0.0 0 1
2110.75 2121 2102 0.25 1 0 0.000118315191671 0.000473260766682 0.0 3 1
2236.66666667 2264 2186 0.0 0 0 0.0 0.0 0.0 2 1
2107.0 2107 2107 0.0 0 0 0.0 0.0 0.0 0 1
1669.82432432 1919 1473 13.8108108108 41 0 0.00842257121853 0.0270805812417 0.0 73 1
1350.36538462 2211 916 84.3653846154 189 0 0.0611657896188 0.139954853273 0.0 103 1
2088.5 2102 2075 0.0 0 0 0.0 0.0 0.0 1 1
2018.0 2018 2018 0.0 0 0 0.0 0.0 0.0 0 1
2276.0 2288 2264 0.0 0 0 0.0 0.0 0.0 1 1
2047.33333333 2175 1975 0.666666666667 1 0 0.000326304055502 0.000506072874494 0.0 5 1
1523.75776398 2071 1251 23.2950310559 103 0 0.0145680313316 0.0669265756985 0.0 321 1
2011.0 2011 2011 0.0 0 0 0.0 0.0 0.0 0 1
1845.46153846 2242 1538 4.82051282051 13 0 0.00253155990269 0.00634765625 0.0 38 1
1944.77777778 2029 1835 1.44444444444 3 0 0.000732576330577 0.00152284263959 0.0 8 1
1965.0 1965 1965 0.0 0 0 0.0 0.0 0.0 0 1
2008.66666667 2067 1967 0.0 0 0 0.0 0.0 0.0 2 1
2042.33333333 2084 1999 0.0 0 0 0.0 0.0 0.0 2 1
2069.0 2101 2037 0.0 0 0 0.0 0.0 0.0 1 1
1763.76271186 2096 1562 25.3050847458 85 0 0.014215346093 0.0450211864407 0.0 58 1
1282.24096386 2184 930 64.5843373494 158 0 0.0485664244903 0.127133105802 0.0 165 1
2069.5 2071 2068 0.0 0 0 0.0 0.0 0.0 1 1
2134.4 2181 2067 0.2 1 0 9.18695452458e-05 0.000459347726229 0.0 4 1
2160.5 2176 2145 0.0 0 0 0.0 0.0 0.0 1 1
1285.40740741 1892 916 74.1851851852 217 0 0.0531870726051 0.138392857143 0.0 107 1
1345.29473684 2261 882 90.2631578947 248 0 0.0631483101576 0.18001525553 0.0 94 1
1991.5 1995 1988 0.5 1 0 0.000251382604324 0.000502765208648 0.0 1 1
1801.09090909 1861 1758 1.54545454545 3 0 0.000856147058992 0.00170357751278 0.0 10 1
1595.62962963 2190 1343 42.6790123457 118 0 0.0260292968753 0.0706624605678 0.0 80 1
2194.0 2200 2189 0.666666666667 1 0 0.000303653313804 0.000456621004566 0.0 2 1
2187.0 2197 2170 0.0 0 0 0.0 0.0 0.0 2 1
2057.25 2091 2019 0.75 2 0 0.000366459364358 0.000989609104404 0.0 7 1
2105.0 2121 2089 0.5 1 0 0.000239234449761 0.000478468899522 0.0 1 1
1277.62222222 2097 792 87.1222222222 217 0 0.0641783930412 0.172222222222 0.0 89 1
2137.0 2153 2121 0.5 1 0 0.000232126276695 0.000464252553389 0.0 1 1
2059.0 2059 2059 0.0 0 0 0.0 0.0 0.0 0 1
1211.82727273 2121 781 93.4363636364 310 0 0.0678334552355 0.220640569395 0.0 109 1
2181.25 2238 2141 0.5 1 0 0.000228370341735 0.00046685340803 0.0 3 1
2041.57894737 2201 1923 1.31578947368 5 0 0.000651999084915 0.00251635631605 0.0 18 1
2100.0 2121 2079 0.5 1 0 0.000235626767201 0.000471253534402 0.0 1 1
2224.5 2260 2189 0.0 0 0 0.0 0.0 0.0 1 1
1953.5 1978 1929 0.0 0 0 0.0 0.0 0.0 1 1
1991.0 1991 1991 0.0 0 0 0.0 0.0 0.0 0 1
2068.33333333 2127 2032 0.333333333333 1 0 0.000162886801433 0.000491883915396 0.0 5 1
2123.8 2178 2091 0.8 2 0 0.000378136552409 0.000955566172957 0.0 4 1
1334.28378378 2042 918 83.7837837838 274 0 0.0572012921386 0.18291862811 0.0 73 1
1947.66666667 1956 1934 0.0 0 0 0.0 0.0 0.0 2 1
1911.66666667 1944 1877 0.333333333333 1 0 0.000175392452726 0.000526315789474 0.0 5 1
2011.0 2011 2011 0.0 0 0 0.0 0.0 0.0 0 1
2134.33333333 2150 2118 0.333333333333 1 0 0.000154966682163 0.00046490004649 0.0 2 1
1958.0 1958 1958 0.0 0 0 0.0 0.0 0.0 0 1
1751.35714286 2139 1590 29.375 103 0 0.0165952078512 0.056376573618 0.0 55 1
1270.59813084 2212 852 77.1214953271 252 0 0.0568581095716 0.158788774003 0.0 106 1
2078.0 2078 2078 0.0 0 0 0.0 0.0 0.0 0 1
2087.66666667 2153 2048 0.666666666667 1 0 0.000316327842566 0.000484730974309 0.0 2 1
2081.0 2081 2081 0.0 0 0 0.0 0.0 0.0 0 1
2190.0 2206 2174 0.5 1 0 0.000229885057471 0.000459770114943 0.0 1 1
2186.0 2186 2186 0.0 0 0 0.0 0.0 0.0 0 1
2041.0 2041 2041 0.0 0 0 0.0 0.0 0.0 0 1
2026.0 2026 2026 0.0 0 0 0.0 0.0 0.0 0 1
2046.33333333 2116 1946 0.666666666667 2 0 0.00032941157439 0.000968054211036 0.0 5 1
1899.375 1970 1855 1.125 3 0 0.0005943839339 0.0016077170418 0.0 7 1
1261.13592233 2248 834 88.9029126214 283 0 0.0597927374782 0.166037735849 0.0 102 1
2120.0 2188 2037 0.666666666667 1 0 0.000308331465522 0.000468164794007 0.0 2 1
1987.5 2091 1856 0.0 0 0 0.0 0.0 0.0 3 1
2197.0 2197 2197 0.0 0 0 0.0 0.0 0.0 0 1
2159.0 2159 2159 0.0 0 0 0.0 0.0 0.0 0 1
1968.0 1973 1963 0.5 1 0 0.000253292806484 0.000506585612969 0.0 1 1
2271.0 2271 2271 0.0 0 0 0.0 0.0 0.0 0 1
2006.6 2038 1948 1.0 2 0 0.000491405160238 0.00098231827112 0.0 4 1
2030.0 2037 2023 0.0 0 0 0.0 0.0 0.0 1 1
2064.66666667 2108 2028 0.333333333333 1 0 0.000161890885543 0.000485672656629 0.0 2 1
2040.66666667 2092 1991 0.0 0 0 0.0 0.0 0.0 2 1
1940.0 1940 1940 0.0 0 0 0.0 0.0 0.0 0 1
1678.875 2329 1352 51.234375 156 0 0.0305720559976 0.100130039012 0.0 63 1
2196.5 2201 2192 0.5 1 0 0.000227066303361 0.000454132606721 0.0 1 1
1853.5 1872 1835 0.5 1 0 0.000272331154684 0.000544662309368 0.0 1 1
2173.0 2173 2173 0.0 0 0 0.0 0.0 0.0 0 1
1940.0 1981 1887 0.714285714286 1 0 0.000369507545356 0.000529661016949 0.0 6 1
2057.0 2089 2025 0.0 0 0 0.0 0.0 0.0 1 1
1864.42857143 1908 1798 0.285714285714 1 0 0.00015201922293 0.00053447354356 0.0 6 1
1868.0 1868 1868 0.0 0 0 0.0 0.0 0.0 2 1
2114.8 2175 2081 0.4 1 0 0.000189546431242 0.000478468899522 0.0 4 1
1723.20588235 2056 1465 13.5441176471 66 0 0.00739561309557 0.0344108446298 0.0 67 1
1850.0 1877 1827 0.5 1 0 0.000268182469367 0.000540248514317 0.0 3 1
2016.0 2059 1973 0.0 0 0 0.0 0.0 0.0 1 1
2024.45 2118 1908 1.35 5 0 0.000662837710014 0.00239693192713 0.0 19 1
1125.05389222 2173 868 57.5419161677 296 0 0.0459932717242 0.18329015544 0.0 333 1
1963.5 1978 1949 0.5 1 0 0.000252652854977 0.000505305709955 0.0 1 1
2060.25 2079 2048 1.0 2 0 0.000486856993065 0.000975609756098 0.0 3 1
2058.0 2058 2058 0.0 0 0 0.0 0.0 0.0 0 1
2184.8 2228 2078 0.4 1 0 0.000181385363094 0.000458295142071 0.0 4 1
2002.0 2002 2002 0.0 0 0 0.0 0.0 0.0 0 1
2008.33333333 2078 1956 0.666666666667 2 0 0.000340483486551 0.00102145045965 0.0 2 1
1979.5 2018 1941 0.0 0 0 0.0 0.0 0.0 1 1
2032.0 2032 2032 0.0 0 0 0.0 0.0 0.0 0 1
2051.0 2051 2051 0.0 0 0 0.0 0.0 0.0 0 1
2124.5 2129 2120 0.0 0 0 0.0 0.0 0.0 1 1
1917.0 1970 1864 0.5 1 0 0.00025367833587 0.00050735667174 0.0 1 1
1227.65217391 2182 814 103.086956522 301 0 0.0735529329855 0.216374269006 0.0 91 1
2162.25 2222 2113 1.5 3 0 0.000683172391623 0.00134831460674 0.0 3 1
2320.0 2360 2277 0.75 2 0 0.000325821449466 0.000864304235091 0.0 3 1
2174.5 2185 2164 0.5 1 0 0.000228728270814 0.000457456541629 0.0 1 1
2206.0 2206 2206 0.0 0 0 0.0 0.0 0.0 0 1
1938.0 1938 1938 0.0 0 0 0.0 0.0 0.0 0 1
2088.0 2088 2088 0.0 0 0 0.0 0.0 0.0 0 1
1998.0 2014 1989 0.333333333333 1 0 0.00016733601071 0.000502008032129 0.0 2 1
2040.33333333 2087 1991 1.33333333333 3 0 0.000655840780768 0.00148957298908 0.0 8 1
2019.5 2052 1987 0.0 0 0 0.0 0.0 0.0 1 1
2104.875 2175 2007 1.75 6 0 0.000824120641807 0.00279850746269 0.0 7 1
2035.0 2035 2035 0.0 0 0 0.0 0.0 0.0 0 1
1992.0 1992 1992 0.0 0 0 0.0 0.0 0.0 0 1
2074.0 2074 2074 0.0 0 0 0.0 0.0 0.0 0 1
1882.0 1882 1882 0.0 0 0 0.0 0.0 0.0 0 1
2109.0 2130 2088 0.5 1 0 0.000234631628344 0.000469263256687 0.0 1 1
1298.4516129 2091 927 80.8924731183 278 0 0.0530393418827 0.148266666667 0.0 92 1
2062.0 2084 2029 0.666666666667 1 0 0.000324923638195 0.000492610837438 0.0 2 1
2112.0 2112 2112 0.0 0 0 0.0 0.0 0.0 0 1
1244.18181818 2012 870 67.9805194805 242 0 0.0498252259892 0.191455696203 0.0 153 1
2112.5 2153 2072 0.5 1 0 0.000232126276695 0.000464252553389 0.0 1 1
1138.79912664 2134 737 76.6419213974 222 0 0.0628090762259 0.196460176991 0.0 228 1
2019.0 2019 2019 0.0 0 0 0.0 0.0 0.0 0 1
2123.0 2123 2123 0.0 0 0 0.0 0.0 0.0 0 1
1986.0 1994 1978 0.5 1 0 0.000250626566416 0.000501253132832 0.0 1 1
1944.63636364 2141 1750 1.54545454545 4 0 0.00081795261489 0.00228050171038 0.0 21 1
1330.14893617 2181 929 74.6170212766 196 0 0.0532654291151 0.145484949833 0.0 93 1
1872.0 2063 1752 0.4 1 0 0.000214176084034 0.00054704595186 0.0 4 1
2001.16666667 2098 1927 1.41666666667 3 0 0.00070780683501 0.00155440414508 0.0 11 1
1560.27173913 2101 1378 33.0326086957 93 0 0.0198535401322 0.0533256880734 0.0 91 1
1646.92783505 2021 1466 34.8969072165 80 0 0.0208050217083 0.0517464424321 0.0 96 1
2211.66666667 2277 2145 0.666666666667 1 0 0.000304770248529 0.000465983224604 0.0 5 1
2030.0 2060 1991 0.5 1 0 0.000247811205684 0.000502008032129 0.0 3 1
1733.88405797 2239 1450 45.4057971014 140 0 0.0255284367349 0.0866873065015 0.0 68 1
2035.0 2035 2035 0.0 0 0 0.0 0.0 0.0 0 1
1787.5 1848 1751 0.833333333333 2 0 0.000461057963929 0.00109589041096 0.0 5 1
1968.0 1999 1937 0.0 0 0 0.0 0.0 0.0 1 1
1846.0 1846 1846 0.0 0 0 0.0 0.0 0.0 0 1
2053.0 2053 2053 0.0 0 0 0.0 0.0 0.0 0 1
2039.0 2039 2039 0.0 0 0 0.0 0.0 0.0 0 1
2043.66666667 2096 1989 0.666666666667 1 0 0.000321797168853 0.000488519785051 0.0 2 1
1946.6 1998 1870 1.0 3 0 0.000507652534565 0.00153374233129 0.0 4 1
2167.0 2220 2134 0.875 2 0 0.000403736435833 0.000914494741655 0.0 7 1
1889.0 1889 1889 0.0 0 0 0.0 0.0 0.0 0 1
1941.0 1941 1941 0.0 0 0 0.0 0.0 0.0 0 1
1971.0 1971 1971 0.0 0 0 0.0 0.0 0.0 0 1
1763.19607843 2149 1454 25.3725490196 73 0 0.0137212683641 0.0403537866224 0.0 50 1
1998.0 1998 1998 0.0 0 0 0.0 0.0 0.0 0 1
2157.33333333 2221 2112 0.333333333333 1 0 0.000154008051537 0.00046533271289 0.0 5 1
2037.0 2037 2037 0.0 0 0 0.0 0.0 0.0 0 1
2136.0 2161 2111 0.5 1 0 0.000231267345051 0.000462534690102 0.0 1 1
1933.0 1933 1933 0.0 0 0 0.0 0.0 0.0 0 1
2174.0 2174 2174 0.0 0 0 0.0 0.0 0.0 0 1
1575.94736842 1980 1394 31.8157894737 107 0 0.0199200715402 0.0612128146453 0.0 113 1
2202.0 2202 2202 0.0 0 0 0.0 0.0 0.0 0 1
2063.5 2072 2055 0.0 0 0 0.0 0.0 0.0 1 1
2112.0 2153 2080 0.4 1 0 0.000188958151235 0.000480538202787 0.0 4 1
1982.0 1982 1982 0.0 0 0 0.0 0.0 0.0 0 1
1241.69178082 2092 931 83.0410958904 310 0 0.0598738206116 0.19018404908 0.0 145 1
1671.43434343 2085 1454 31.7272727273 130 0 0.0188049546527 0.0771971496437 0.0 98 1
1962.0 1962 1962 0.0 0 0 0.0 0.0 0.0 0 1
1927.5 1968 1867 0.166666666667 1 0 8.61771802827e-05 0.000517063081696 0.0 5 1
2029.0 2029 2029 0.0 0 0 0.0 0.0 0.0 0 1
2041.75 2061 2026 0.25 1 0 0.000121241513094 0.000484966052376 0.0 3 1
2168.5 2224 2113 0.5 1 0 0.000236518448439 0.000473036896878 0.0 1 1
1826.11764706 2127 1626 20.4411764706 43 0 0.0109911529125 0.0220512820513 0.0 33 1
2075.66666667 2135 2051 1.33333333333 4 0 0.000643807688184 0.00192492781521 0.0 11 1
2228.8 2245 2203 0.0 0 0 0.0 0.0 0.0 4 1
1934.5 1942 1927 0.5 1 0 0.000257334019557 0.000514668039115 0.0 1 1
2015.0 2077 1953 0.5 1 0 0.000255885363357 0.000511770726714 0.0 1 1
2043.6 2209 1878 6.88 14 0 0.00334071877442 0.00715015321757 0.0 24 1
1898.0 1927 1869 0.5 1 0 0.000259336099585 0.00051867219917 0.0 1 1
1111.94252874 2014 752 67.1379310345 290 0 0.054982907431 0.164960182025 0.0 173 1
1914.91666667 1983 1869 0.75 2 0 0.000392908504462 0.00106894708712 0.0 11 1
1902.25 2028 1759 0.875 3 0 0.000442096957488 0.00151285930408 0.0 7 1
2018.0 2029 2007 0.0 0 0 0.0 0.0 0.0 1 1
2052.66666667 2087 1993 0.666666666667 1 0 0.000319975894689 0.000481000481 0.0 2 1
2161.0 2161 2161 0.0 0 0 0.0 0.0 0.0 0 1
2077.0 2077 2077 0.0 0 0 0.0 0.0 0.0 0 1
1983.25 2121 1866 1.125 4 0 0.000562629568872 0.00202634245187 0.0 7 1
2037.0 2037 2037 0.0 0 0 0.0 0.0 0.0 0 1
2120.0 2120 2120 0.0 0 0 0.0 0.0 0.0 0 1
2165.33333333 2190 2123 0.0 0 0 0.0 0.0 0.0 2 1
2071.0 2126 2014 0.333333333333 1 0 0.000165425971878 0.000496277915633 0.0 2 1
1992.0 2013 1971 0.0 0 0 0.0 0.0 0.0 1 1
2058.0 2058 2058 0.0 0 0 0.0 0.0 0.0 0 1
2068.0 2068 2068 0.0 0 0 0.0 0.0 0.0 0 1
1985.0 1985 1985 0.0 0 0 0.0 0.0 0.0 0 1
2199.0 2199 2199 0.0 0 0 0.0 0.0 0.0 0 1
2110.0 2110 2110 0.0 0 0 0.0 0.0 0.0 0 1
1957.0 1957 1957 0.0 0 0 0.0 0.0 0.0 0 1
2035.0 2051 2019 0.5 1 0 0.000243664717349 0.000487329434698 0.0 1 1
1996.66666667 2031 1940 0.0 0 0 0.0 0.0 0.0 2 1
2204.0 2204 2204 0.0 0 0 0.0 0.0 0.0 0 1
2208.0 2320 2043 1.57142857143 3 0 0.0006970222587 0.00133689839572 0.0 6 1
1566.44736842 2078 1313 33.8684210526 95 0 0.0203707492182 0.056080283353 0.0 113 1
2155.0 2155 2155 0.0 0 0 0.0 0.0 0.0 0 1
1627.25663717 2312 1410 29.4513274336 113 0 0.0170891361261 0.0651296829971 0.0 112 1
1598.10526316 2064 1357 43.2763157895 133 0 0.0254281874037 0.0690928270042 0.0 75 1
2122.0 2122 2122 0.0 0 0 0.0 0.0 0.0 0 1
2035.0 2067 1987 1.0 2 0 0.000491041399164 0.00100351229303 0.0 5 1
2185.0 2185 2185 0.0 0 0 0.0 0.0 0.0 0 1
2124.0 2124 2124 0.0 0 0 0.0 0.0 0.0 0 1
1247.08196721 2309 877 77.0081967213 255 0 0.0563686388021 0.150707743547 0.0 121 1
2003.60714286 2268 1739 4.96428571429 13 0 0.00248929258636 0.00679560899111 0.0 27 1
1890.26315789 2029 1833 1.89473684211 5 0 0.00100421584569 0.00271444082519 0.0 18 1
2123.33333333 2163 2094 1.0 2 0 0.000465608141915 0.000923787528868 0.0 2 1
1870.0 1870 1870 0.0 0 0 0.0 0.0 0.0 0 1
2279.4 2318 2222 0.8 1 0 0.000348685335964 0.000446030330062 0.0 4 1
2019.0 2053 1985 0.5 1 0 0.000243427458617 0.000486854917235 0.0 1 1
1997.0 1997 1997 0.0 0 0 0.0 0.0 0.0 0 1
1371.10526316 2214 816 127.118421053 260 0 0.0869043178597 0.211723534558 0.0 75 1
1962.0 1962 1962 0.0 0 0 0.0 0.0 0.0 0 1
2027.0 2027 2027 0.0 0 0 0.0 0.0 0.0 0 1
2109.0 2109 2109 0.0 0 0 0.0 0.0 0.0 0 1
2037.0 2037 2037 0.0 0 0 0.0 0.0 0.0 0 1
2119.0 2119 2119 0.0 0 0 0.0 0.0 0.0 0 1
1878.33333333 1905 1831 0.666666666667 1 0 0.000350324920381 0.000526315789474 0.0 2 1
2045.625 2091 2017 0.75 2 0 0.000367340245906 0.000990589400693 0.0 7 1
2006.6 2067 1882 0.0 0 0 0.0 0.0 0.0 4 1
2070.0 2090 2050 0.5 1 0 0.000243783520234 0.000487567040468 0.0 1 1
2067.4 2120 2041 1.4 3 0 0.000678095569544 0.0014612761812 0.0 4 1
2053.0 2053 2053 0.0 0 0 0.0 0.0 0.0 0 1
2109.0 2109 2109 0.0 0 0 0.0 0.0 0.0 0 1
1603.93617021 2220 1339 29.5106382979 110 0 0.0175819888867 0.0546129374337 0.0 93 1
1967.0 1967 1967 0.0 0 0 0.0 0.0 0.0 0 1
1293.44047619 2158 939 93.619047619 348 0 0.0648626002669 0.217018469657 0.0 83 1
2169.0 2169 2169 0.0 0 0 0.0 0.0 0.0 0 1
2152.5 2211 2092 0.0 0 0 0.0 0.0 0.0 3 1
2148.0 2148 2148 0.0 0 0 0.0 0.0 0.0 0 1
2182.0 2182 2182 0.0 0 0 0.0 0.0 0.0 0 1
2078.5 2112 2045 0.5 1 0 0.000244379276637 0.000488758553275 0.0 1 1
1858.0 1858 1858 0.0 0 0 0.0 0.0 0.0 0 1
2155.0 2178 2125 0.333333333333 1 0 0.000154106950223 0.00046232085067 0.0 2 1
2062.0 2062 2062 0.0 0 0 0.0 0.0 0.0 0 1
2214.42857143 2319 2165 0.285714285714 1 0 0.000130851577995 0.000458295142071 0.0 6 1
2047.0 2047 2047 0.0 0 0 0.0 0.0 0.0 0 1
1835.5 1914 1762 1.33333333333 3 0 0.000715684828384 0.00156494522692 0.0 5 1
1254.98969072 2130 935 76.4742268041 283 0 0.0549122487808 0.20765832106 0.0 96 1
1106.99137931 2153 726 74.9827586207 327 0 0.0586663545004 0.238686131387 0.0 115 1
2297.14285714 2348 2210 1.42857142857 4 0 0.000616399724662 0.00172711571675 0.0 6 1
1951.07692308 2102 1821 2.0 6 0 0.00103875891051 0.00315789473684 0.0 12 1
2102.5 2137 2068 0.5 1 0 0.000241662638956 0.000483325277912 0.0 1 1
2231.0 2231 2231 0.0 0 0 0.0 0.0 0.0 0 1
2173.0 2197 2149 0.5 1 0 0.000232558139535 0.00046511627907 0.0 1 1
1736.19565217 1968 1608 27.8695652174 66 0 0.0159608903385 0.0381903642773 0.0 45 1
1923.5 1981 1866 0.5 1 0 0.000252270433905 0.00050454086781 0.0 1 1
1221.2755102 2101 901 98.9489795918 224 0 0.0706631153959 0.1550126369 0.0 97 1
1185.6350365 2096 880 68.9051094891 293 0 0.0502533639531 0.20197044335 0.0 136 1
2086.5 2113 2060 0.5 1 0 0.000236518448439 0.000473036896878 0.0 1 1
1907.0 1924 1890 0.5 1 0 0.00025974025974 0.000519480519481 0.0 1 1
2007.0 2007 2007 0.0 0 0 0.0 0.0 0.0 0 1
1961.75 2061 1906 0.5 1 0 0.000259169732736 0.000524383848977 0.0 3 1
2041.8 2171 1962 0.0 0 0 0.0 0.0 0.0 4 1
2012.66666667 2031 1999 0.0 0 0 0.0 0.0 0.0 2 1
2141.0 2141 2141 0.0 0 0 0.0 0.0 0.0 0 1
1620.67532468 2279 1274 22.4415584416 101 0 0.0133201156287 0.0502988047809 0.0 153 1
2126.2 2222 2027 0.4 1 0 0.000189076498466 0.000479616306954 0.0 4 1
2149.0 2149 2149 0.0 0 0 0.0 0.0 0.0 0 1
2102.0 2102 2102 0.0 0 0 0.0 0.0 0.0 0 1
1189.41481481 2066 830 67.7259259259 264 0 0.0520882873093 0.200787401575 0.0 134 1
2210.5 2214 2207 0.0 0 0 0.0 0.0 0.0 1 1
2123.0 2155 2091 0.5 1 0 0.000231910946197 0.000463821892393 0.0 1 1
2208.66666667 2249 2182 0.333333333333 1 0 0.000148148148148 0.000444444444444 0.0 2 1
2037.0 2037 2037 0.0 0 0 0.0 0.0 0.0 0 1
2148.0 2148 2148 0.0 0 0 0.0 0.0 0.0 0 1
1780.73076923 2218 1487 11.9871794872 36 0 0.00673150482197 0.0194279546681 0.0 77 1
2061.0 2106 2004 0.2 1 0 9.49216896061e-05 0.00047460844803 0.0 4 1
2055.0 2057 2053 0.0 0 0 0.0 0.0 0.0 1 1
2092.0 2133 2036 0.0 0 0 0.0 0.0 0.0 3 1
2007.0 2015 1999 0.5 1 0 0.000248015873016 0.000496031746032 0.0 1 1
1222.60416667 2190 892 62.5069444444 242 0 0.0456665918234 0.157040882544 0.0 143 1
2156.0 2194 2128 0.333333333333 1 0 0.000156568028809 0.000469704086426 0.0 2 1
2222.0 2222 2222 0.0 0 0 0.0 0.0 0.0 0 1
1977.83333333 2059 1932 1.83333333333 3 0 0.000927736819697 0.0015392508979 0.0 5 1
2116.0 2116 2116 0.0 0 0 0.0 0.0 0.0 0 1
2061.0 2061 2061 0.0 0 0 0.0 0.0 0.0 0 1
1231.43529412 2136 778 84.7294117647 240 0 0.0614079707308 0.193081255028 0.0 84 1
2086.0 2262 1964 0.5 2 0 0.000244785647471 0.00101729399797 0.0 7 1
1252.84827586 1933 932 76.5103448276 225 0 0.0569355042672 0.133333333333 0.0 144 1
2111.0 2111 2111 0.0 0 0 0.0 0.0 0.0 0 1
1994.0 2009 1971 1.0 2 0 0.000498505476609 0.000998003992016 0.0 2 1
1563.74418605 1988 1315 33.2441860465 76 0 0.0205123546638 0.0471756672874 0.0 85 1
2074.0 2074 2074 0.0 0 0 0.0 0.0 0.0 0 1
2061.5 2087 2036 1.5 3 0 0.000735654732712 0.00147130946542 0.0 1 1
2173.0 2173 2173 0.0 0 0 0.0 0.0 0.0 0 1
2167.0 2167 2167 0.0 0 0 0.0 0.0 0.0 0 1
1847.22222222 2068 1631 22.0 57 0 0.0116425184227 0.0284715284715 0.0 44 1
2083.70588235 2214 1978 2.88235294118 8 0 0.00138974653774 0.00389105058366 0.0 16 1
1214.18677043 1971 840 63.1439688716 477 0 0.0466842960401 0.288915808601 0.0 256 1
1718.02173913 2012 1469 31.9565217391 89 0 0.0175568836781 0.047619047619 0.0 45 1
2103.33333333 2123 2077 0.333333333333 1 0 0.000160410651267 0.000481231953802 0.0 2 1
2057.0 2057 2057 0.0 0 0 0.0 0.0 0.0 0 1
1628.56140351 2097 1445 31.5438596491 88 0 0.0186522574385 0.0501424501425 0.0 56 1
1933.5 1959 1908 1.0 2 0 0.00050994390617 0.00101988781234 0.0 1 1
2182.0 2182 2182 0.0 0 0 0.0 0.0 0.0 0 1
2033.33333333 2062 2004 0.0 0 0 0.0 0.0 0.0 2 1
1933.2 1986 1887 0.6 1 0 0.000311387099471 0.000529661016949 0.0 4 1
1979.83333333 2033 1940 0.666666666667 1 0 0.00033457012636 0.000511508951407 0.0 5 1
2229.0 2229 2229 0.0 0 0 0.0 0.0 0.0 0 1
1966.0 1966 1966 0.0 0 0 0.0 0.0 0.0 0 1
2058.0 2058 2058 0.0 0 0 0.0 0.0 0.0 0 1
2020.0 2020 2020 0.0 0 0 0.0 0.0 0.0 0 1
2007.5 2065 1926 0.5 1 0 0.000243615898498 0.000490436488475 0.0 3 1
2151.33333333 2211 2109 0.333333333333 1 0 0.000150693188668 0.000452079566004 0.0 2 1
2017.25 2050 1982 0.25 1 0 0.000125376128385 0.000501504513541 0.0 3 1
2112.375 2260 2016 0.5 1 0 0.000232634802395 0.00048309178744 0.0 7 1
2308.0 2308 2308 0.0 0 0 0.0 0.0 0.0 0 1
2085.5 2107 2064 0.0 0 0 0.0 0.0 0.0 1 1
1950.0 1950 1950 0.0 0 0 0.0 0.0 0.0 0 1
1748.83333333 1787 1693 0.166666666667 1 0 9.54562810233e-05 0.00057273768614 0.0 5 1
2018.0 2080 1956 0.0 0 0 0.0 0.0 0.0 1 1
1867.2 1929 1802 1.0 2 0 0.000529694554763 0.0010498687664 0.0 4 1
2389.66666667 2415 2374 0.333333333333 1 0 0.000137969094923 0.000413907284768 0.0 2 1
2130.0 2130 2130 0.0 0 0 0.0 0.0 0.0 0 1
1826.0 1826 1826 0.0 0 0 0.0 0.0 0.0 0 1
1993.0 1993 1993 0.0 0 0 0.0 0.0 0.0 0 1
1195.79874214 1962 871 58.3459119497 238 0 0.0419066677853 0.172588832487 0.0 158 1
2071.66666667 2079 2062 0.0 0 0 0.0 0.0 0.0 2 1
1672.3258427 1985 1376 21.9550561798 68 0 0.0133177457221 0.0426065162907 0.0 88 1
2171.0 2171 2171 0.0 0 0 0.0 0.0 0.0 0 1
2263.0 2263 2263 0.0 0 0 0.0 0.0 0.0 0 1
2005.0 2005 2005 0.0 0 0 0.0 0.0 0.0 0 1
2011.8 2046 1985 0.4 1 0 0.000201308556272 0.000503524672709 0.0 4 1
1858.13513514 2034 1655 3.45945945946 9 0 0.00190067870874 0.00504201680672 0.0 36 1
2035.88888889 2138 1975 0.888888888889 2 0 0.000432548226381 0.000989609104404 0.0 8 1
2054.0 2054 2054 0.0 0 0 0.0 0.0 0.0 0 1
1317.73 2056 939 71.78 218 0 0.0490696020947 0.140885984023 0.0 99 1
2106.0 2106 2106 0.0 0 0 0.0 0.0 0.0 0 1
2083.25 2179 2014 0.25 1 0 0.000119789171059 0.000479156684236 0.0 3 1
2012.0 2012 2012 0.0 0 0 0.0 0.0 0.0 0 1
2194.75 2213 2148 0.25 1 0 0.000116333178222 0.00046533271289 0.0 3 1
2032.5 2039 2026 1.0 2 0 0.000493096646943 0.000986193293886 0.0 1 1
2031.5 2054 2009 0.5 1 0 0.000243309002433 0.000486618004866 0.0 1 1
1924.0 1924 1924 0.0 0 0 0.0 0.0 0.0 0 1
1686.33333333 2174 1373 55.380952381 165 0 0.0311996203611 0.0912106135987 0.0 62 1
1984.66666667 2021 1924 1.0 2 0 0.000495381061409 0.000988630746416 0.0 2 1
2169.0 2169 2169 0.0 0 0 0.0 0.0 0.0 0 1
2055.0 2055 2055 0.0 0 0 0.0 0.0 0.0 0 1
2118.0 2118 2118 0.0 0 0 0.0 0.0 0.0 0 1
2050.0 2050 2050 0.0 0 0 0.0 0.0 0.0 0 1
1830.325 2051 1665 14.775 54 0 0.0078691081788 0.0295728368018 0.0 39 1
2134.75 2186 2092 0.5 2 0 0.000230414746544 0.000921658986175 0.0 3 1
2106.0 2144 2068 0.0 0 0 0.0 0.0 0.0 1 1
1815.38028169 2248 1525 23.7746478873 85 0 0.0121297078603 0.0403034613561 0.0 70 1
2125.0 2248 2060 1.16666666667 2 0 0.000547149862708 0.00094696969697 0.0 5 1
2097.0 2097 2097 0.0 0 0 0.0 0.0 0.0 0 1
2153.0 2153 2153 0.0 0 0 0.0 0.0 0.0 0 1
2159.5 2182 2137 0.5 1 0 0.000229042601924 0.000458085203848 0.0 1 1
2099.0 2099 2099 0.0 0 0 0.0 0.0 0.0 0 1
2107.5 2129 2086 0.5 1 0 0.000239578342118 0.000479156684236 0.0 1 1
2218.5 2234 2203 0.5 1 0 0.000223713646532 0.000447427293065 0.0 1 1
1211.41772152 2110 879 99.6329113924 404 0 0.0679800729601 0.243520192887 0.0 78 1
2029.0 2029 2029 0.0 0 0 0.0 0.0 0.0 0 1
2094.0 2094 2094 0.0 0 0 0.0 0.0 0.0 0 1
2048.5 2072 2025 0.5 1 0 0.000246791707799 0.000493583415597 0.0 1 1
2182.66666667 2219 2154 0.666666666667 1 0 0.00030333642466 0.000459558823529 0.0 2 1
1241.312 2285 956 70.432 251 0 0.0489651556523 0.13981042654 0.0 124 1
2077.0 2114 2040 0.0 0 0 0.0 0.0 0.0 1 1
2118.0 2144 2092 0.5 1 0 0.0002331002331 0.0004662004662 0.0 1 1
1868.5 1895 1842 0.5 1 0 0.000263713080169 0.000527426160338 0.0 1 1
1158.93406593 2008 734 94.3956043956 326 0 0.0729506621632 0.229985443959 0.0 90 1
2040.0 2040 2040 0.0 0 0 0.0 0.0 0.0 0 1
1865.4 1934 1798 0.6 2 0 0.000311874728143 0.00103305785124 0.0 4 1
1848.63333333 1952 1764 10.6 27 0 0.00568911352538 0.0144230769231 0.0 29 1
1949.0 1949 1949 0.0 0 0 0.0 0.0 0.0 0 1
1311.63529412 1977 1013 85.7411764706 199 0 0.0604337427712 0.155226209048 0.0 84 1
2106.5 2115 2098 0.5 1 0 0.00023629489603 0.00047258979206 0.0 1 1
2142.0 2142 2142 0.0 0 0 0.0 0.0 0.0 0 1
1384.21686747 2104 918 86.4457831325 234 0 0.0607573608486 0.178899082569 0.0 82 1
1930.0 1930 1930 0.0 0 0 0.0 0.0 0.0 0 1
2118.5 2158 2079 1.0 2 0 0.000480538202787 0.000961076405574 0.0 1 1
1209.12087912 2161 793 97.0 218 0 0.0736740787678 0.131644004944 0.0 90 1
2259.0 2259 2259 0.0 0 0 0.0 0.0 0.0 0 1
1624.47916667 2113 1420 32.71875 158 0 0.0191111283526 0.09 0.0 95 1
2110.6 2190 2068 1.0 2 0 0.000470969027798 0.00093896713615 0.0 4 1
1947.3255814 2116 1813 3.20930232558 10 0 0.00166149020196 0.0053050397878 0.0 42 1
2134.0 2134 2134 0.0 0 0 0.0 0.0 0.0 0 1
2012.0 2031 1993 0.5 1 0 0.000246062992126 0.000492125984252 0.0 1 1
1202.21290323 1918 999 61.3741935484 236 0 0.0462881048289 0.150031786395 0.0 154 1
2127.0 2127 2127 0.0 0 0 0.0 0.0 0.0 0 1
2040.5 2059 2022 0.0 0 0 0.0 0.0 0.0 1 1
2035.66666667 2070 2015 0.333333333333 1 0 0.000160952840818 0.000482858522453 0.0 2 1
1970.0 1970 1970 0.0 0 0 0.0 0.0 0.0 0 1
1193.16326531 2215 812 101.734693878 282 0 0.0771462072268 0.226506024096 0.0 97 1
2073.0 2073 2073 0.0 0 0 0.0 0.0 0.0 0 1
1973.5 2076 1894 1.0 3 0 0.000486000861752 0.001443001443 0.0 3 1
1987.0 1994 1980 0.5 1 0 0.000250626566416 0.000501253132832 0.0 1 1
1880.75 1945 1849 0.75 1 0 0.000396493793272 0.000536768652711 0.0 3 1
2084.0 2084 2084 0.0 0 0 0.0 0.0 0.0 0 1
2242.0 2242 2242 0.0 0 0 0.0 0.0 0.0 0 1
1907.0 1907 1907 0.0 0 0 0.0 0.0 0.0 0 1
1259.35555556 2023 871 86.8444444444 308 0 0.0601940650011 0.201772324472 0.0 89 1
1892.0 1925 1840 0.333333333333 1 0 0.000173070266528 0.000519210799585 0.0 2 1
1199.79047619 2077 840 80.6571428571 379 0 0.0583422105242 0.229207596595 0.0 104 1
1684.37606838 2133 1422 32.8461538462 124 0 0.0188801405948 0.0730270906949 0.0 116 1
1809.08064516 2056 1621 8.48387096774 54 0 0.00462932171415 0.0281396560709 0.0 61 1
2043.0 2043 2043 0.0 0 0 0.0 0.0 0.0 0 1
2171.25 2217 2139 0.5 2 0 0.000225326723749 0.000901306894998 0.0 3 1
2089.0 2162 2033 1.66666666667 3 0 0.000793107022412 0.00143540669856 0.0 5 1
1743.6 2064 1501 22.6363636364 71 0 0.0125647404258 0.0396869759642 0.0 54 1
1143.69268293 1996 821 59.0243902439 264 0 0.0460488833604 0.144312393888 0.0 204 1
2003.47058824 2095 1891 1.88235294118 5 0 0.000936774479474 0.00244379276637 0.0 16 1
2020.0 2020 2020 0.0 0 0 0.0 0.0 0.0 0 1
1974.0 1974 1974 0.0 0 0 0.0 0.0 0.0 0 1
2060.0 2060 2060 0.0 0 0 0.0 0.0 0.0 0 1
1921.0 1921 1921 0.0 0 0 0.0 0.0 0.0 0 1
2084.0 2084 2084 0.0 0 0 0.0 0.0 0.0 0 1
2136.0 2136 2136 0.0 0 0 0.0 0.0 0.0 0 1
1971.0 1971 1971 0.0 0 0 0.0 0.0 0.0 0 1
2153.25 2186 2108 0.5 1 0 0.00022893816091 0.000458505272811 0.0 3 1
2037.66666667 2084 1990 0.666666666667 1 0 0.000323270795129 0.000490196078431 0.0 2 1
2038.6 2111 1963 0.8 1 0 0.000388843694584 0.000504032258065 0.0 4 1
2054.0 2083 2025 0.5 1 0 0.000239923224568 0.000479846449136 0.0 1 1
2039.0 2092 1986 0.0 0 0 0.0 0.0 0.0 1 1
2057.0 2068 2046 0.5 1 0 0.000241662638956 0.000483325277912 0.0 1 1
2138.2 2232 1996 1.2 3 0 0.000548806755269 0.00134228187919 0.0 9 1
2012.08333333 2162 1927 4.83333333333 12 0 0.0023785058467 0.00593765462642 0.0 11 1
2019.0 2019 2019 0.0 0 0 0.0 0.0 0.0 0 1
2030.8 2065 1948 0.4 1 0 0.000195037248216 0.00049115913556 0.0 4 1
2329.0 2329 2329 0.0 0 0 0.0 0.0 0.0 0 1
2120.0 2120 2120 0.0 0 0 0.0 0.0 0.0 0 1
2151.0 2151 2151 0.0 0 0 0.0 0.0 0.0 0 1
2084.0 2097 2071 0.0 0 0 0.0 0.0 0.0 1 1
2264.0 2284 2244 1.0 2 0 0.000445235975067 0.000890471950134 0.0 1 1
2086.0 2086 2086 0.0 0 0 0.0 0.0 0.0 0 1
2217.0 2217 2217 0.0 0 0 0.0 0.0 0.0 0 1
2118.0 2129 2107 0.0 0 0 0.0 0.0 0.0 1 1
1957.5 2023 1888 0.25 1 0 0.000124626121635 0.00049850448654 0.0 3 1
1933.0 1961 1905 0.5 1 0 0.000254841997961 0.000509683995923 0.0 1 1
2070.5 2084 2057 0.5 1 0 0.000242954324587 0.000485908649174 0.0 1 1
1902.0 1929 1863 0.0 0 0 0.0 0.0 0.0 2 1
1135.94029851 1916 843 67.6940298507 211 0 0.0538582688296 0.169477911647 0.0 133 1
1268.49681529 2119 923 71.4522292994 215 0 0.0514657058317 0.174418604651 0.0 156 1
2047.0 2076 2007 0.25 1 0 0.000121832358674 0.000487329434698 0.0 3 1
2157.8 2229 2080 1.2 2 0 0.000549400630282 0.00093896713615 0.0 4 1
2065.625 2186 1864 1.75 6 0 0.000842884268457 0.00288878189697 0.0 23 1
1840.8 2082 1671 16.7714285714 61 0 0.00900673260783 0.0325506937033 0.0 34 1
2083.0 2083 2083 0.0 0 0 0.0 0.0 0.0 0 1
1960.0 1960 1960 0.0 0 0 0.0 0.0 0.0 0 1
1837.20454545 2090 1638 27.2727272727 87 0 0.0141059203297 0.0434782608696 0.0 43 1
2042.0 2042 2042 0.0 0 0 0.0 0.0 0.0 0 1
2006.0 2006 2006 0.0 0 0 0.0 0.0 0.0 0 1
2059.0 2059 2059 0.0 0 0 0.0 0.0 0.0 0 1
1933.6 1984 1866 0.4 1 0 0.00021288787386 0.000535618639529 0.0 4 1
2122.0 2122 2122 0.0 0 0 0.0 0.0 0.0 0 1
1975.0 2016 1934 0.0 0 0 0.0 0.0 0.0 1 1
1900.0 1900 1900 0.0 0 0 0.0 0.0 0.0 0 1
1823.54761905 2073 1588 14.8571428571 47 0 0.00782946662985 0.0250800426894 0.0 41 1
2113.0 2113 2113 0.0 0 0 0.0 0.0 0.0 0 1
1986.0 2006 1966 0.5 1 0 0.000249128051819 0.000498256103637 0.0 1 1
2106.28571429 2188 2032 0.714285714286 1 0 0.000339272505918 0.000491883915396 0.0 6 1
2110.0 2110 2110 0.0 0 0 0.0 0.0 0.0 0 1
2185.6 2238 2136 1.2 2 0 0.00054421674811 0.000896458987001 0.0 4 1
2184.5 2245 2152 2.0 4 0 0.000919753489791 0.00185528756957 0.0 5 1
2091.0 2122 2060 0.0 0 0 0.0 0.0 0.0 1 1
1866.45454545 2042 1646 2.04545454545 6 0 0.00107961819905 0.00309437854564 0.0 21 1
2081.25 2131 2041 1.5 3 0 0.000713536393939 0.00143129770992 0.0 3 1
2034.5 2042 2027 0.0 0 0 0.0 0.0 0.0 1 1
1914.0 1914 1914 0.0 0 0 0.0 0.0 0.0 0 1
2110.0 2171 2057 1.33333333333 3 0 0.000638905278716 0.00145631067961 0.0 2 1
2055.0 2055 2055 0.0 0 0 0.0 0.0 0.0 0 1
2281.0 2324 2238 0.0 0 0 0.0 0.0 0.0 1 1
2136.0 2136 2136 0.0 0 0 0.0 0.0 0.0 0 1
2176.0 2176 2176 0.0 0 0 0.0 0.0 0.0 0 1
2015.66666667 2100 1949 0.333333333333 1 0 0.000166750041688 0.000500250125063 0.0 2 1
2160.66666667 2186 2137 1.0 2 0 0.000460914941903 0.000925497454882 0.0 2 1
1667.81818182 2129 1380 33.7532467532 79 0 0.0202147334778 0.052179656539 0.0 76 1
2060.0 2060 2060 0.0 0 0 0.0 0.0 0.0 0 1
1773.36734694 1994 1589 26.0204081633 86 0 0.0140372567656 0.0442842430484 0.0 48 1
2107.0 2107 2107 0.0 0 0 0.0 0.0 0.0 0 1
2153.0 2153 2153 0.0 0 0 0.0 0.0 0.0 0 1
2135.0 2135 2135 0.0 0 0 0.0 0.0 0.0 0 1
2127.66666667 2185 2066 0.0 0 0 0.0 0.0 0.0 2 1
2079.0 2130 2028 0.5 1 0 0.000234631628344 0.000469263256687 0.0 1 1
2155.0 2155 2155 0.0 0 0 0.0 0.0 0.0 0 1
2124.5 2136 2113 0.5 1 0 0.000236518448439 0.000473036896878 0.0 1 1
1576.67857143 1891 1255 41.7619047619 119 0 0.0254657653228 0.0705445544554 0.0 83 1
1937.9 1966 1896 0.7 1 0 0.000359105057312 0.000520020800832 0.0 9 1
1883.5 1921 1824 1.0 2 0 0.000536662265161 0.00109529025192 0.0 3 1
2060.77777778 2105 1991 0.555555555556 1 0 0.000268948452881 0.000502008032129 0.0 8 1
1564.15254237 2180 1287 36.9661016949 88 0 0.0232087882578 0.0533783783784 0.0 58 1
2091.66666667 2125 2073 0.666666666667 1 0 0.000321130676982 0.000482160077146 0.0 2 1
2217.0 2217 2217 0.0 0 0 0.0 0.0 0.0 0 1
2055.66666667 2114 2011 0.666666666667 1 0 0.000320763166391 0.000489476260401 0.0 2 1
2049.0 2134 1971 0.0 0 0 0.0 0.0 0.0 4 1
2009.0 2009 2009 0.0 0 0 0.0 0.0 0.0 0 1
1927.33333333 2181 1773 11.3 26 0 0.00583951072671 0.0135983263598 0.0 29 1
2062.0 2129 2024 0.0 0 0 0.0 0.0 0.0 2 1
1936.0 1936 1936 0.0 0 0 0.0 0.0 0.0 0 1
2023.0 2114 1937 0.25 1 0 0.000118203309693 0.000472813238771 0.0 3 1
1153.82857143 2151 767 59.4642857143 196 0 0.0455910348482 0.148239148239 0.0 139 1
1375.15463918 2157 784 86.8659793814 195 0 0.0636004976086 0.129363449692 0.0 96 1
2045.0 2045 2045 0.0 0 0 0.0 0.0 0.0 0 1
2059.5 2092 2027 0.0 0 0 0.0 0.0 0.0 1 1
1941.33333333 1954 1927 0.666666666667 2 0 0.000345602211854 0.00103680663556 0.0 2 1
2001.5 2032 1971 0.5 1 0 0.000245941957698 0.000491883915396 0.0 1 1
2096.83333333 2129 2071 1.33333333333 4 0 0.000635762569276 0.00192771084337 0.0 5 1
2059.0 2059 2059 0.0 0 0 0.0 0.0 0.0 0 1
1607.36363636 2104 1350 58.4909090909 139 0 0.0340976915495 0.0733662145499 0.0 54 1
1955.0 1973 1937 0.5 1 0 0.000253292806484 0.000506585612969 0.0 1 1
2168.5 2177 2160 0.5 1 0 0.000229568411387 0.000459136822773 0.0 1 1
1679.05681818 2279 1376 34.9431818182 108 0 0.019804783937 0.0505617977528 0.0 87 1
2130.0 2157 2103 0.5 1 0 0.000231696014829 0.000463392029657 0.0 1 1
2011.0 2011 2011 0.0 0 0 0.0 0.0 0.0 0 1
1810.0 1810 1810 0.0 0 0 0.0 0.0 0.0 0 1
2093.0 2130 2058 1.0 2 0 0.000477824609498 0.000962463907603 0.0 4 1
2199.25 2243 2141 0.0 0 0 0.0 0.0 0.0 3 1
2000.0 2000 2000 0.0 0 0 0.0 0.0 0.0 0 1
2088.0 2200 1991 1.16666666667 2 0 0.000555106921431 0.000985221674877 0.0 5 1
2021.0 2021 2021 0.0 0 0 0.0 0.0 0.0 0 1
2077.0 2096 2033 0.5 1 0 0.000242527746021 0.000491642084562 0.0 3 1
1995.75 2078 1959 0.5 1 0 0.000246704343821 0.000505816894284 0.0 3 1
1278.09815951 2079 832 58.9079754601 189 0 0.0442530061465 0.136640557006 0.0 162 1
1900.4 1947 1855 0.8 1 0 0.00042011362045 0.000538793103448 0.0 4 1
2239.5 2241 2238 0.5 1 0 0.000223313979455 0.00044662795891 0.0 1 1
2371.0 2371 2371 0.0 0 0 0.0 0.0 0.0 0 1
2197.0 2197 2197 0.0 0 0 0.0 0.0 0.0 0 1
2144.0 2144 2144 0.0 0 0 0.0 0.0 0.0 0 1
2058.0 2058 2058 0.0 0 0 0.0 0.0 0.0 0 1
1929.6 1944 1918 1.2 4 0 0.000621876955093 0.00207576543851 0.0 4 1
2125.0 2125 2125 0.0 0 0 0.0 0.0 0.0 0 1
2234.875 2282 2166 1.0 2 0 0.000445816337942 0.000898876404494 0.0 7 1
2123.33333333 2145 2110 0.333333333333 1 0 0.000157903047529 0.000473709142586 0.0 2 1
2266.0 2328 2204 0.5 1 0 0.000214684413912 0.000429368827823 0.0 1 1
1252.0617284 1980 862 95.9012345679 242 0 0.0699994438035 0.167822468793 0.0 80 1
1227.35810811 2062 890 61.2905405405 282 0 0.0451889556436 0.198172874209 0.0 147 1
1271.9516129 2201 901 64.0967741935 207 0 0.048079120394 0.138121546961 0.0 185 1
2104.0 2104 2104 0.0 0 0 0.0 0.0 0.0 0 1
2224.5 2240 2209 0.5 1 0 0.000226244343891 0.000452488687783 0.0 1 1
2076.0 2076 2076 0.0 0 0 0.0 0.0 0.0 0 1
1634.36904762 2214 1374 47.8928571429 145 0 0.0283337440755 0.0841067285383 0.0 83 1
2056.0 2056 2056 0.0 0 0 0.0 0.0 0.0 0 1
1996.0 2018 1974 0.0 0 0 0.0 0.0 0.0 1 1
2047.5 2052 2043 0.5 1 0 0.0002435460302 0.000487092060399 0.0 1 1
2159.0 2175 2143 0.5 1 0 0.000233208955224 0.000466417910448 0.0 1 1
1122.21146953 2008 853 59.311827957 323 0 0.0484473842165 0.239393939394 0.0 278 1
2127.6 2163 2098 0.2 1 0 9.52834683182e-05 0.000476417341591 0.0 4 1
2086.4 2110 2062 1.2 3 0 0.000571761497914 0.0014367816092 0.0 4 1
2093.25 2150 2029 0.5 1 0 0.000239377720982 0.000492610837438 0.0 3 1
2100.0 2100 2100 0.0 0 0 0.0 0.0 0.0 0 1
2022.0 2022 2022 0.0 0 0 0.0 0.0 0.0 0 1
1970.0 1970 1970 0.0 0 0 0.0 0.0 0.0 0 1
1581.98130841 2108 1336 32.1962616822 100 0 0.0199882372207 0.0670690811536 0.0 106 1
2240.0 2240 2240 0.0 0 0 0.0 0.0 0.0 0 1
2275.0 2283 2267 0.5 1 0 0.000218914185639 0.000437828371278 0.0 1 1
1564.13095238 2200 1336 39.0833333333 107 0 0.0234548536169 0.0558766859345 0.0 83 1
2120.33333333 2156 2085 0.333333333333 1 0 0.000157158573 0.000471475719 0.0 2 1
2008.0 2008 2008 0.0 0 0 0.0 0.0 0.0 0 1
2015.0 2038 1980 1.0 3 0 0.000491691875922 0.00147710487445 0.0 4 1
2100.5 2154 2077 0.25 1 0 0.000116009280742 0.00046403712297 0.0 3 1
2223.0 2237 2209 0.5 1 0 0.000226244343891 0.000452488687783 0.0 1 1
2199.0 2199 2199 0.0 0 0 0.0 0.0 0.0 0 1
1999.5 2007 1992 0.5 1 0 0.000249003984064 0.000498007968127 0.0 1 1
1836.7 1928 1794 0.9 2 0 0.000489845718574 0.0011135857461 0.0 9 1
1908.8 2010 1821 1.0 2 0 0.000513842567691 0.000994035785288 0.0 4 1
1645.7875 2063 1356 38.0 116 0 0.0222879886994 0.0612377850163 0.0 79 1
1236.60227273 1942 846 77.1363636364 217 0 0.0595187319121 0.160208643815 0.0 87 1
1997.0 1997 1997 0.0 0 0 0.0 0.0 0.0 0 1
2017.0 2017 2017 0.0 0 0 0.0 0.0 0.0 0 1
1734.50943396 2008 1499 24.6037735849 68 0 0.013635432019 0.0353246753247 0.0 52 1
2125.5 2158 2081 0.25 1 0 0.000115794349236 0.000463177396943 0.0 3 1
1996.0 1996 1996 0.0 0 0 0.0 0.0 0.0 0 1
2016.0 2016 2016 0.5 1 0 0.000247892910263 0.000495785820526 0.0 1 1
2185.0 2185 2185 0.0 0 0 0.0 0.0 0.0 0 1
1176.45962733 2318 817 61.9068322981 181 0 0.0487932916972 0.141613924051 0.0 160 1
2176.0 2176 2176 0.0 0 0 0.0 0.0 0.0 0 1
1998.0 1998 1998 0.0 0 0 0.0 0.0 0.0 0 1
2161.0 2161 2161 0.0 0 0 0.0 0.0 0.0 0 1
1934.88461538 2047 1815 2.26923076923 8 0 0.00117016153259 0.00416233090531 0.0 25 1
1762.74193548 2105 1536 23.7580645161 93 0 0.0124294606642 0.0448625180897 0.0 61 1
2092.0 2092 2092 0.0 0 0 0.0 0.0 0.0 0 1
1988.5 2023 1954 0.5 1 0 0.000247035573123 0.000494071146245 0.0 1 1
2000.66666667 2013 1976 0.666666666667 1 0 0.000334113741325 0.000505816894284 0.0 2 1
2088.75 2105 2066 0.5 1 0 0.00023781278744 0.000476417341591 0.0 3 1
1290.63846154 2218 1031 54.9923076923 182 0 0.0400129963319 0.12380952381 0.0 129 1
2289.0 2289 2289 0.0 0 0 0.0 0.0 0.0 0 1
1543.08108108 2024 1273 40.1441441441 137 0 0.0242867596925 0.0729335494327 0.0 110 1
2099.33333333 2117 2073 0.666666666667 2 0 0.000314613811546 0.000943841434639 0.0 2 1
2130.66666667 2152 2092 0.666666666667 1 0 0.000314083756803 0.000477783086479 0.0 2 1
2030.0 2030 2030 0.0 0 0 0.0 0.0 0.0 0 1
2142.375 2217 2061 1.75 3 0 0.000813546216315 0.00141509433962 0.0 7 1
1748.07692308 1803 1688 1.53846153846 4 0 0.000886001043024 0.00236406619385 0.0 12 1
1719.64957265 2084 1293 28.9487179487 111 0 0.0161984453392 0.0649882903981 0.0 116 1
1476.1 2148 930 83.91 293 0 0.0571866199681 0.203862660944 0.0 99 1
1859.32 2137 1696 11.72 30 0 0.00645658117431 0.0164024056862 0.0 49 1
1910.33333333 1937 1865 0.666666666667 1 0 0.000351346798542 0.0005359056806 0.0 2 1
2144.5 2200 2087 1.0 2 0 0.000463182441944 0.00093370681606 0.0 3 1
1181.24369748 2268 834 83.5462184874 263 0 0.0629910424281 0.20662598082 0.0 118 1
2144.0 2144 2144 0.0 0 0 0.0 0.0 0.0 0 1
1901.83333333 1948 1823 1.16666666667 2 0 0.00060624036538 0.00103734439834 0.0 5 1
1974.66666667 1989 1962 0.0 0 0 0.0 0.0 0.0 2 1
1893.0 1893 1893 0.0 0 0 0.0 0.0 0.0 0 1
1592.85882353 2143 1184 37.1411764706 107 0 0.022242297975 0.0605889014723 0.0 84 1
1933.0 1933 1933 0.0 0 0 0.0 0.0 0.0 0 1
2141.5 2182 2101 0.5 1 0 0.00023786869648 0.000475737392959 0.0 1 1
2182.0 2182 2182 0.0 0 0 0.0 0.0 0.0 0 1
2376.0 2376 2376 0.0 0 0 0.0 0.0 0.0 0 1
2123.0 2123 2123 0.0 0 0 0.0 0.0 0.0 0 1
2170.0 2170 2170 0.0 0 0 0.0 0.0 0.0 0 1
1594.39759036 1967 1317 39.7831325301 147 0 0.0234741647408 0.07928802589 0.0 82 1
1592.0 1912 1420 41.8974358974 123 0 0.0245836144815 0.0684093437152 0.0 77 1
1623.56043956 2116 1291 32.2197802198 88 0 0.0186975120294 0.0494677520351 0.0 90 1
2140.0 2140 2140 0.0 0 0 0.0 0.0 0.0 0 1
1585.50769231 2181 1350 45.6153846154 112 0 0.028786627305 0.0736357659435 0.0 64 1
1960.6 2001 1920 1.0 3 0 0.000507444677694 0.00152516522623 0.0 4 1
2041.0 2041 2041 0.0 0 0 0.0 0.0 0.0 0 1
1973.0 1980 1966 0.0 0 0 0.0 0.0 0.0 1 1
1535.21656051 2041 1208 25.0382165605 101 0 0.0159514695561 0.064126984127 0.0 156 1
2154.0 2154 2154 0.0 0 0 0.0 0.0 0.0 0 1
2105.0 2138 2072 0.0 0 0 0.0 0.0 0.0 1 1
1671.92307692 2180 1430 39.8901098901 118 0 0.02337035905 0.0662291169451 0.0 90 1
2041.0 2041 2041 0.0 0 0 0.0 0.0 0.0 0 1
1556.79411765 2097 1328 52.1764705882 119 0 0.0318548253936 0.071129707113 0.0 67 1
2117.0 2117 2117 0.0 0 0 0.0 0.0 0.0 0 1
2095.5 2106 2085 0.5 1 0 0.000239693192713 0.000479386385427 0.0 1 1
1957.0 1986 1928 0.0 0 0 0.0 0.0 0.0 1 1
2135.75 2204 2083 0.75 1 0 0.000352331253779 0.000479846449136 0.0 3 1
2069.81818182 2158 1961 1.0 2 0 0.000470869689965 0.000947867298578 0.0 10 1
2185.28571429 2256 2159 1.0 2 0 0.000455402911975 0.000923787528868 0.0 6 1
1742.5 2031 1564 15.1029411765 64 0 0.00869480170981 0.0368451352907 0.0 67 1
1924.5 1965 1884 0.5 1 0 0.000254323499491 0.000508646998983 0.0 1 1
2038.0 2048 2028 0.5 1 0 0.00024402147389 0.000488042947779 0.0 1 1
1989.0 1989 1989 0.0 0 0 0.0 0.0 0.0 0 1
2067.75 2086 2049 0.25 1 0 0.000120076849183 0.000480307396734 0.0 3 1
2162.0 2164 2160 0.5 1 0 0.000230946882217 0.000461893764434 0.0 1 1
1319.56666667 1989 989 85.2777777778 320 0 0.0605202573113 0.226628895184 0.0 89 1
2002.0 2002 2002 0.0 0 0 0.0 0.0 0.0 0 1
2113.0 2139 2081 1.0 2 0 0.00047622358157 0.00096015362458 0.0 3 1
2098.0 2098 2098 0.0 0 0 0.0 0.0 0.0 0 1
2001.875 2048 1956 1.0 3 0 0.000498488589212 0.00147058823529 0.0 7 1
2202.5 2279 2153 0.75 2 0 0.000334144633076 0.000876808417361 0.0 3 1
2103.0 2103 2103 0.0 0 0 0.0 0.0 0.0 0 1
2115.25 2162 2074 1.5 3 0 0.000699460390571 0.0013856812933 0.0 3 1
2067.0 2067 2067 0.0 0 0 0.0 0.0 0.0 0 1
2008.0 2008 2008 0.0 0 0 0.0 0.0 0.0 0 1
2040.5 2069 2012 0.5 1 0 0.00024154589372 0.00048309178744 0.0 1 1
2007.0 2062 1974 0.8 1 0 0.000396860975061 0.000503271263211 0.0 4 1
2094.5 2159 2030 0.5 1 0 0.000231481481481 0.000462962962963 0.0 1 1
2123.0 2123 2123 0.0 0 0 0.0 0.0 0.0 0 1
1986.33333333 2033 1944 0.333333333333 1 0 0.000171379605827 0.000514138817481 0.0 2 1
2007.66666667 2035 1958 0.666666666667 1 0 0.000333874552759 0.000510464522716 0.0 2 1
2081.0 2081 2081 0.0 0 0 0.0 0.0 0.0 0 1
2069.0 2132 2018 0.333333333333 1 0 0.000156274417878 0.000468823253633 0.0 2 1
2186.66666667 2226 2114 0.333333333333 1 0 0.000149678191887 0.000449034575662 0.0 2 1
2205.25 2225 2178 0.5 1 0 0.000226244760796 0.000453103760761 0.0 3 1
2076.57142857 2111 2033 1.71428571429 4 0 0.00082597930344 0.0019512195122 0.0 6 1
1241.82417582 2174 922 90.0989010989 282 0 0.0637078228818 0.163433274544 0.0 90 1
1875.3 1965 1778 1.2 4 0 0.000637218813595 0.0021085925145 0.0 9 1
1968.33333333 2009 1925 0.666666666667 1 0 0.000342103397022 0.000519210799585 0.0 2 1
2057.5 2152 1922 2.25 6 0 0.00108154217212 0.00296296296296 0.0 11 1
2064.7 2141 1959 1.0 4 0 0.000473386626279 0.0018648018648 0.0 9 1
1753.14035088 2167 1518 23.9473684211 83 0 0.0129221582017 0.0441724321448 0.0 56 1
2169.0 2169 2169 0.0 0 0 0.0 0.0 0.0 0 1
1991.4 2057 1948 2.1 4 0 0.00105185916296 0.00204918032787 0.0 9 1
2072.6 2157 1950 0.2 1 0 9.26784059314e-05 0.000463392029657 0.0 4 1
1252.74683544 2051 890 110.46835443 284 0 0.0809990265174 0.1775 0.0 78 1
2085.5 2102 2069 0.5 1 0 0.000237755587256 0.000475511174513 0.0 1 1
2175.5 2210 2141 0.0 0 0 0.0 0.0 0.0 1 1
1907.0 1907 1907 0.0 0 0 0.0 0.0 0.0 0 1
2144.0 2144 2144 0.0 0 0 0.0 0.0 0.0 0 1
1821.63157895 2188 1617 18.8070175439 81 0 0.0103079790317 0.0443349753695 0.0 56 1
1244.16037736 2138 808 87.9150943396 282 0 0.0671459141656 0.204157386785 0.0 105 1
1860.0 1860 1860 0.0 0 0 0.0 0.0 0.0 0 1
2004.5 2090 1914 0.583333333333 1 0 0.000288814335074 0.000520020800832 0.0 11 1
2003.66666667 2039 1966 0.666666666667 1 0 0.00032948406069 0.000498256103637 0.0 2 1
1962.0 1962 1962 0.0 0 0 0.0 0.0 0.0 0 1
2089.0 2089 2089 0.0 0 0 0.0 0.0 0.0 0 1
1320.53409091 2139 849 93.7727272727 285 0 0.0647143658921 0.193220338983 0.0 87 1
1222.06410256 2036 838 111.115384615 264 0 0.0801516048919 0.180327868852 0.0 77 1
2000.0 2019 1974 0.0 0 0 0.0 0.0 0.0 2 1
1973.5 1984 1963 0.0 0 0 0.0 0.0 0.0 1 1
2186.0 2224 2131 0.333333333333 1 0 0.000149812734082 0.000449438202247 0.0 2 1
2050.0 2064 2015 0.25 1 0 0.000121359223301 0.000485436893204 0.0 3 1
1741.84722222 2116 1538 22.9444444444 61 0 0.0127300912115 0.0312180143296 0.0 71 1
2002.0 2002 2002 0.0 0 0 0.0 0.0 0.0 0 1
1986.0 1986 1986 0.0 0 0 0.0 0.0 0.0 0 1
1886.66666667 1941 1822 0.333333333333 1 0 0.000182848784056 0.000548546352167 0.0 2 1
2097.0 2097 2097 0.0 0 0 0.0 0.0 0.0 0 1
1587.49640288 2067 1345 28.1438848921 100 0 0.0171241770841 0.0547945205479 0.0 138 1
2075.0 2091 2058 0.0 0 0 0.0 0.0 0.0 2 1
1148.43065693 1987 820 68.5328467153 250 0 0.0503824196827 0.1875 0.0 136 1
2105.0 2170 2041 0.8 2 0 0.000375718017695 0.00095328884652 0.0 4 1
2315.0 2315 2315 0.0 0 0 0.0 0.0 0.0 0 1
1198.18918919 2312 764 59.5637065637 356 0 0.0481684347142 0.23606557377 0.0 258 1
1917.0 1949 1885 0.0 0 0 0.0 0.0 0.0 1 1
2138.0 2174 2102 0.5 1 0 0.000229885057471 0.000459770114943 0.0 1 1
1661.92708333 2128 1265 32.0833333333 134 0 0.0180773190935 0.067916877851 0.0 95 1
1143.94488189 1991 728 68.5118110236 240 0 0.0510533682302 0.180444444444 0.0 126 1
1977.33333333 2035 1936 1.0 3 0 0.000515729757607 0.00154718927282 0.0 2 1
2060.5 2085 2036 0.0 0 0 0.0 0.0 0.0 1 1
2032.66666667 2045 2013 0.666666666667 1 0 0.000328826744554 0.000496524329692 0.0 2 1
1311.96460177 2216 959 85.3362831858 229 0 0.0604848017562 0.1825 0.0 112 1
2087.0 2087 2087 0.0 0 0 0.0 0.0 0.0 0 1
1350.18867925 2058 878 83.5849056604 206 0 0.0600228122428 0.12987012987 0.0 105 1
1742.86486486 2050 1562 15.5 65 0 0.00858801457813 0.0353837778987 0.0 73 1
2150.0 2185 2115 0.5 1 0 0.000228728270814 0.000457456541629 0.0 1 1
1929.0 1929 1929 0.0 0 0 0.0 0.0 0.0 0 1
1907.0 1907 1907 0.0 0 0 0.0 0.0 0.0 0 1
2076.0 2122 2030 0.5 1 0 0.000235515779557 0.000471031559114 0.0 1 1
2101.0 2101 2101 0.0 0 0 0.0 0.0 0.0 0 1
2198.0 2198 2198 0.0 0 0 0.0 0.0 0.0 0 1
2243.0 2243 2243 0.0 0 0 0.0 0.0 0.0 0 1
1292.29347826 1961 944 97.9456521739 251 0 0.0697946960601 0.155970149254 0.0 91 1
2194.25 2210 2181 0.75 1 0 0.000341800045253 0.000458295142071 0.0 3 1
1897.5 1917 1878 0.5 1 0 0.000266098988824 0.000532197977648 0.0 1 1
1145.49145299 2019 884 62.2991452991 271 0 0.0492240420021 0.16780609074 0.0 233 1
1634.51086957 1956 1364 39.8369565217 128 0 0.0237849491786 0.0834419817471 0.0 91 1
2006.83333333 2079 1950 1.16666666667 3 0 0.000590438855555 0.00153609831029 0.0 5 1
2173.0 2173 2173 0.0 0 0 0.0 0.0 0.0 0 1
1991.0 1991 1991 0.0 0 0 0.0 0.0 0.0 0 1
2120.5 2136 2105 0.0 0 0 0.0 0.0 0.0 1 1
2082.0 2083 2081 0.5 1 0 0.000239923224568 0.000479846449136 0.0 1 1
1267.61309524 2315 877 51.255952381 252 0 0.0358960809473 0.171926910299 0.0 167 1
2117.0 2117 2117 0.0 0 0 0.0 0.0 0.0 0 1
1960.0 1960 1960 0.0 0 0 0.0 0.0 0.0 0 1
2145.5 2162 2129 0.5 1 0 0.000234741784038 0.000469483568075 0.0 1 1
1582.24657534 2044 1244 37.2328767123 97 0 0.02290611639 0.0660180681028 0.0 72 1
1909.83333333 1959 1866 0.833333333333 2 0 0.000437043999735 0.00107066381156 0.0 5 1
2061.0 2061 2061 0.0 0 0 0.0 0.0 0.0 0 1
1664.16304348 2104 1371 29.9130434783 123 0 0.0169484760747 0.0611332007952 0.0 91 1
2077.0 2142 2015 1.57142857143 5 0 0.000755527687685 0.00242483026188 0.0 6 1
1248.93478261 2122 952 49.097826087 265 0 0.0355125050285 0.146977260122 0.0 183 1
2180.0 2180 2180 0.0 0 0 0.0 0.0 0.0 0 1
2211.0 2211 2211 0.0 0 0 0.0 0.0 0.0 0 1
1964.45 2104 1806 1.9 7 0 0.000973281169316 0.00371155885472 0.0 19 1
2180.5 2241 2140 0.25 1 0 0.000114103149247 0.000456412596988 0.0 3 1
1634.0 2159 1419 35.9183673469 145 0 0.020313967537 0.0743971267317 0.0 97 1
2095.0 2095 2095 0.0 0 0 0.0 0.0 0.0 0 1
2142.5 2170 2115 0.5 1 0 0.000230308613542 0.000460617227084 0.0 1 1
2125.6 2198 2080 0.4 1 0 0.000185245575815 0.000471475719 0.0 4 1
1963.5 2020 1907 0.5 1 0 0.000262054507338 0.000524109014675 0.0 1 1
2148.375 2279 2065 1.25 3 0 0.000571888330719 0.00134831460674 0.0 7 1
2183.0 2183 2183 0.0 0 0 0.0 0.0 0.0 0 1
2206.0 2232 2180 0.5 1 0 0.000223914017017 0.000447828034035 0.0 1 1
2083.5 2114 2053 0.5 1 0 0.000236406619385 0.000472813238771 0.0 1 1
1805.63043478 2002 1643 12.1956521739 43 0 0.00658372090438 0.0234588106929 0.0 45 1
1976.82692308 2199 1798 9.21153846154 22 0 0.00466962983369 0.0118598382749 0.0 51 1
1886.40625 2085 1605 2.125 7 0 0.00110010013489 0.00357325165901 0.0 31 1
1933.5 1934 1933 0.5 1 0 0.000258397932817 0.000516795865633 0.0 1 1
2041.0 2084 1964 0.25 1 0 0.0001220703125 0.00048828125 0.0 3 1
2070.0 2070 2070 0.0 0 0 0.0 0.0 0.0 0 1
1697.91304348 2155 1418 36.0760869565 132 0 0.020726240322 0.0669710806697 0.0 91 1
1858.25 1893 1782 0.25 1 0 0.000131995776135 0.000527983104541 0.0 3 1
1909.0 1909 1909 0.0 0 0 0.0 0.0 0.0 0 1
1998.0 1998 1998 0.0 0 0 0.0 0.0 0.0 0 1
2044.0 2044 2044 0.0 0 0 0.0 0.0 0.0 0 1
2181.33333333 2227 2141 1.0 2 0 0.000452203691007 0.000897263346792 0.0 2 1
1759.59756098 2096 1560 12.3780487805 41 0 0.00682952163466 0.0224395857307 0.0 81 1
1964.23076923 2096 1847 1.69230769231 6 0 0.000832376852464 0.00285442435775 0.0 12 1
1940.0 1940 1940 0.0 0 0 0.0 0.0 0.0 0 1
2111.66666667 2135 2100 0.0 0 0 0.0 0.0 0.0 2 1
1968.0 1980 1956 0.5 1 0 0.000255493101686 0.000510986203373 0.0 1 1
2099.0 2099 2099 0.0 0 0 0.0 0.0 0.0 0 1
2237.0 2237 2237 0.0 0 0 0.0 0.0 0.0 0 1
2012.75 2026 1982 0.75 1 0 0.00037323026156 0.000504286434695 0.0 3 1
2110.25 2135 2086 1.0 2 0 0.000475893529738 0.00095785440613 0.0 3 1
2176.0 2176 2176 0.0 0 0 0.0 0.0 0.0 0 1
2198.25 2273 2128 0.75 2 0 0.000332190291723 0.000879120879121 0.0 3 1
2023.0 2023 2023 0.0 0 0 0.0 0.0 0.0 0 1
2226.0 2226 2226 0.0 0 0 0.0 0.0 0.0 0 1
2151.71428571 2273 2043 2.85714285714 6 0 0.00130677999593 0.00276370336251 0.0 6 1
1577.48717949 2061 1305 50.6025641026 129 0 0.0311317132432 0.0813880126183 0.0 77 1
2151.0 2151 2151 0.0 0 0 0.0 0.0 0.0 0 1
1152.02564103 2275 772 65.1666666667 298 0 0.0529352039212 0.196699669967 0.0 155 1
2167.0 2167 2167 0.0 0 0 0.0 0.0 0.0 0 1
1953.0 1953 1953 0.0 0 0 0.0 0.0 0.0 0 1
1732.89795918 1995 1451 31.4489795918 102 0 0.0180735603461 0.0585533869116 0.0 48 1
2218.0 2218 2218 0.0 0 0 0.0 0.0 0.0 0 1
2027.0 2027 2027 0.0 0 0 0.0 0.0 0.0 0 1
2272.0 2272 2272 0.0 0 0 0.0 0.0 0.0 0 1
2013.0 2038 1989 0.666666666667 1 0 0.000330983017096 0.000502512562814 0.0 2 1
1810.70454545 2145 1614 20.0681818182 48 0 0.0106336853336 0.0235409514468 0.0 43 1
1930.0 1930 1930 0.0 0 0 0.0 0.0 0.0 0 1
2009.0 2009 2009 0.0 0 0 0.0 0.0 0.0 0 1
2067.0 2067 2067 0.0 0 0 0.0 0.0 0.0 0 1
2015.0 2181 1866 2.55555555556 4 0 0.00127131905769 0.00206932229695 0.0 17 1
1965.0 1965 1965 0.0 0 0 0.0 0.0 0.0 0 1
1170.16413374 2031 816 54.8054711246 273 0 0.0443893533989 0.224691358025 0.0 328 1
2151.0 2151 2151 0.0 0 0 0.0 0.0 0.0 0 1
1111.24657534 2123 831 67.2191780822 237 0 0.0537533812256 0.14335360556 0.0 145 1
2139.0 2139 2139 0.0 0 0 0.0 0.0 0.0 0 1
2050.0 2050 2050 0.0 0 0 0.0 0.0 0.0 0 1
2052.25 2071 2025 0.75 1 0 0.000366241862874 0.000493583415597 0.0 3 1
1736.13114754 2000 1572 20.393442623 42 0 0.0116291081304 0.0234899328859 0.0 60 1
2221.0 2221 2221 0.0 0 0 0.0 0.0 0.0 0 1
1874.0 1874 1874 0.0 0 0 0.0 0.0 0.0 0 1
2043.5 2067 2020 0.5 1 0 0.000241779497099 0.000483558994197 0.0 1 1
2229.5 2244 2215 0.0 0 0 0.0 0.0 0.0 1 1
1792.01639344 2059 1532 18.1147540984 72 0 0.0101463559741 0.0409789413773 0.0 60 1
2087.0 2090 2084 0.5 1 0 0.000239808153477 0.000479616306954 0.0 1 1
1895.75 1935 1865 0.5 1 0 0.000259408416918 0.000521104742053 0.0 3 1
1570.39805825 2246 1285 41.1165048544 114 0 0.0248836501345 0.0715630885122 0.0 102 1
1702.74242424 2008 1532 27.4242424242 91 0 0.0157550099402 0.0515288788222 0.0 65 1
2154.5 2212 2097 1.0 2 0 0.000458529849185 0.000903342366757 0.0 3 1
2049.5 2055 2044 0.0 0 0 0.0 0.0 0.0 1 1
2247.0 2247 2247 0.0 0 0 0.0 0.0 0.0 0 1
1240.74860335 2146 699 64.8547486034 286 0 0.0506967949617 0.226480836237 0.0 178 1
2107.75 2138 2058 0.0 0 0 0.0 0.0 0.0 3 1
1996.0 1996 1996 0.0 0 0 0.0 0.0 0.0 0 1
1174.9375 2144 773 97.6666666667 307 0 0.0728959155451 0.213868003342 0.0 95 1
2067.0 2094 2040 1.0 2 0 0.000477099236641 0.000954198473282 0.0 1 1
2028.0 2071 1985 0.5 1 0 0.000241312741313 0.000482625482625 0.0 1 1
1959.83333333 1998 1897 0.666666666667 2 0 0.000336129469581 0.00101677681749 0.0 5 1
2105.0 2105 2105 0.0 0 0 0.0 0.0 0.0 0 1
2170.0 2210 2130 0.0 0 0 0.0 0.0 0.0 1 1
1506.20588235 2058 1243 42.8970588235 114 0 0.0272157019498 0.0725964682799 0.0 67 1
1942.5 1957 1928 1.0 2 0 0.000510464522716 0.00102092904543 0.0 1 1
2134.0 2134 2134 0.0 0 0 0.0 0.0 0.0 0 1
2203.0 2203 2203 0.0 0 0 0.0 0.0 0.0 0 1
2185.0 2185 2185 0.0 0 0 0.0 0.0 0.0 0 1
1592.26851852 2110 1412 27.2777777778 85 0 0.0168089233398 0.053125 0.0 107 1
1315.82389937 2263 844 57.1698113208 197 0 0.0424472014785 0.162944582299 0.0 158 1
1962.0 2036 1856 1.5 3 0 0.000740776148057 0.0014917951268 0.0 3 1
1883.0 1883 1883 0.0 0 0 0.0 0.0 0.0 0 1
2155.5 2177 2134 0.0 0 0 0.0 0.0 0.0 1 1
1988.0 1988 1988 0.0 0 0 0.0 0.0 0.0 0 1
2037.33333333 2079 2001 0.666666666667 1 0 0.000330461471632 0.0004995004995 0.0 2 1
1979.0 1985 1973 0.5 1 0 0.000253292806484 0.000506585612969 0.0 1 1
1984.7173913 2110 1792 5.13043478261 14 0 0.00256076974019 0.00675349734684 0.0 45 1
2116.66666667 2210 2068 0.666666666667 1 0 0.000311869770762 0.000483325277912 0.0 2 1
1582.02531646 1966 1385 35.7721518987 133 0 0.0212414486911 0.0730211817168 0.0 78 1
2062.33333333 2154 1969 0.666666666667 2 0 0.000327169098319 0.00100755667506 0.0 11 1
2073.2 2109 2030 0.2 1 0 9.75134080936e-05 0.000487567040468 0.0 4 1
1932.0 1932 1932 0.0 0 0 0.0 0.0 0.0 0 1
1994.0 1994 1994 0.0 0 0 0.0 0.0 0.0 0 1
1309.06382979 2194 838 86.329787234 339 0 0.0654461139076 0.205330102968 0.0 93 1
1665.8 1951 1449 42.3692307692 108 0 0.0247921092971 0.0606741573034 0.0 64 1
1813.83333333 1941 1699 33.2222222222 86 0 0.0180041814708 0.0481792717087 0.0 35 1
1149.75438596 2109 853 56.2857142857 244 0 0.0448263802218 0.194468452895 0.0 398 1
1974.0 2027 1936 0.0 0 0 0.0 0.0 0.0 3 1
1923.0 1923 1923 0.0 0 0 0.0 0.0 0.0 0 1
2025.0 2025 2025 0.0 0 0 0.0 0.0 0.0 0 1
1865.8 1980 1794 0.4 1 0 0.000218999413084 0.000548847420417 0.0 4 1
1999.0 1999 1999 0.0 0 0 0.0 0.0 0.0 0 1
1935.71428571 2044 1860 1.78571428571 4 0 0.000916484196869 0.0020942408377 0.0 13 1
2008.0 2008 2008 0.0 0 0 0.0 0.0 0.0 0 1
2072.0 2073 2071 0.5 1 0 0.000241080038573 0.000482160077146 0.0 1 1
1614.49275362 2117 1393 48.2608695652 113 0 0.0287080004047 0.0593487394958 0.0 68 1
2066.6 2144 1963 1.5 4 0 0.000724740067188 0.00197044334975 0.0 9 1
2098.0 2098 2098 0.0 0 0 0.0 0.0 0.0 0 1
1223.272 2086 858 71.688 334 0 0.0545208152889 0.228923920493 0.0 124 1
1833.93877551 2207 1612 17.6734693878 69 0 0.00916473708577 0.0340236686391 0.0 48 1
974.949152542 2100 633 59.302259887 367 0 0.0529843806351 0.246209386282 0.0 353 1
1975.0 1975 1975 0.0 0 0 0.0 0.0 0.0 0 1
1644.03389831 2162 1380 27.3983050847 114 0 0.015981491552 0.0670982931136 0.0 117 1
2117.0 2117 2117 0.0 0 0 0.0 0.0 0.0 0 1
2112.0 2112 2112 0.0 0 0 0.0 0.0 0.0 0 1
2046.5 2089 2000 0.75 1 0 0.000368913427678 0.000499750124938 0.0 3 1
1945.0 1993 1889 0.333333333333 1 0 0.000170590242238 0.000511770726714 0.0 2 1
1590.59036145 2068 1386 36.1445783133 86 0 0.0218907910763 0.0479539641944 0.0 82 1
1974.0 1979 1969 0.5 1 0 0.000252525252525 0.000505050505051 0.0 1 1
1162.4092827 2210 772 54.6329113924 171 0 0.0451354113629 0.125333333333 0.0 236 1
2019.85714286 2149 1916 1.28571428571 3 0 0.000623083992549 0.00139729855612 0.0 6 1
1453.05263158 2092 855 64.4561403509 182 0 0.0484658544366 0.162727272727 0.0 113 1
2042.6 2100 1961 1.2 2 0 0.000583350075284 0.00098231827112 0.0 4 1
1860.30769231 2047 1686 11.5641025641 26 0 0.00607678821014 0.0138592750533 0.0 38 1
2080.0 2080 2080 0.0 0 0 0.0 0.0 0.0 0 1
2067.72727273 2122 1998 0.545454545455 1 0 0.000265789876869 0.000500250125063 0.0 10 1
1907.0 1907 1907 0.0 0 0 0.0 0.0 0.0 0 1
2136.57142857 2192 2076 1.71428571429 3 0 0.000801191027789 0.00143403441683 0.0 6 1
1609.1015625 2094 1323 23.4765625 93 0 0.0147857039383 0.0573719925972 0.0 127 1
1998.14285714 2021 1979 0.714285714286 1 0 0.00035652450643 0.000505050505051 0.0 6 1
1987.0 1987 1987 0.0 0 0 0.0 0.0 0.0 0 1
2132.0 2154 2110 0.5 1 0 0.000232018561485 0.00046403712297 0.0 1 1
1950.0 1950 1950 0.0 0 0 0.0 0.0 0.0 0 1
1843.72413793 2333 1634 14.6896551724 65 0 0.00821444646855 0.0368480725624 0.0 57 1
2082.0 2146 2018 0.0 0 0 0.0 0.0 0.0 1 1
1353.75609756 2254 910 68.0162601626 226 0 0.0485010665083 0.157154673284 0.0 122 1
