2091.0 2091 2091 0.0 0 0 0.0 0.0 0.0 0 1
1986.0 1986 1986 0.0 0 0 0.0 0.0 0.0 0 1
2128.0 2128 2128 0.0 0 0 0.0 0.0 0.0 0 1
2074.0 2074 2074 0.0 0 0 0.0 0.0 0.0 0 1
2226.5 2236 2217 0.5 1 0 0.000223513634332 0.000447027268663 0.0 1 1
2175.0 2175 2175 0.0 0 0 0.0 0.0 0.0 0 1
2141.0 2159 2122 0.666666666667 1 0 0.000311331507359 0.000471031559114 0.0 2 1
2185.0 2185 2185 0.0 0 0 0.0 0.0 0.0 0 1
1962.33333333 2049 1908 0.333333333333 1 0 0.000162601626016 0.000487804878049 0.0 2 1
2038.0 2042 2034 0.5 1 0 0.0002457002457 0.0004914004914 0.0 1 1
2033.5 2062 2005 0.0 0 0 0.0 0.0 0.0 1 1
2197.66666667 2232 2137 0.666666666667 1 0 0.000305721683256 0.000467726847521 0.0 2 1
1988.0 1992 1984 0.0 0 0 0.0 0.0 0.0 1 1
1943.0 1943 1943 0.0 0 0 0.0 0.0 0.0 0 1
2242.125 2306 2170 1.0 2 0 0.000446377902025 0.000912825193975 0.0 7 1
2039.6 2058 2018 0.2 1 0 9.78473581213e-05 0.000489236790607 0.0 4 1
2000.66666667 2046 1963 1.5 2 0 0.000745974180694 0.00101781170483 0.0 5 1
1917.6 2005 1865 0.4 1 0 0.00020882311739 0.000522739153163 0.0 4 1
2043.5 2045 2042 0.0 0 0 0.0 0.0 0.0 1 1
1922.16666667 2036 1835 0.833333333333 2 0 0.000422119810861 0.000981354268891 0.0 5 1
1862.33333333 2000 1755 1.22222222222 3 0 0.000656034897902 0.00170648464164 0.0 17 1
2003.0 2108 1925 1.22222222222 2 0 0.000613786214399 0.00103788271925 0.0 8 1
2047.66666667 2103 1972 0.0 0 0 0.0 0.0 0.0 2 1
1913.0 1913 1913 0.0 0 0 0.0 0.0 0.0 0 1
2337.0 2337 2337 0.0 0 0 0.0 0.0 0.0 0 1
1882.0 1882 1882 0.0 0 0 0.0 0.0 0.0 0 1
1947.22222222 2002 1895 1.0 2 0 0.000512432975225 0.00104112441437 0.0 8 1
1714.84 1953 1557 6.64 16 0 0.00386714711832 0.00913763563678 0.0 49 1
2171.0 2214 2114 0.75 1 0 0.000347666559453 0.000472813238771 0.0 3 1
2082.33333333 2129 2038 0.666666666667 1 0 0.000316673923621 0.000480538202787 0.0 2 1
2006.0 2055 1971 0.666666666667 1 0 0.000336285179331 0.000507099391481 0.0 2 1
2249.33333333 2270 2231 0.666666666667 1 0 0.000297622843829 0.000448028673835 0.0 2 1
2135.85714286 2203 2088 0.857142857143 2 0 0.000399732278382 0.000922934933087 0.0 6 1
2140.5 2144 2137 0.0 0 0 0.0 0.0 0.0 1 1
2128.5 2159 2098 0.5 1 0 0.000238208670796 0.000476417341591 0.0 1 1
2092.0 2092 2092 0.0 0 0 0.0 0.0 0.0 0 1
2139.73913043 2294 1946 0.782608695652 3 0 0.000362680326064 0.00141911069063 0.0 22 1
2061.10526316 2166 1961 1.36842105263 6 0 0.000652969251515 0.00279459711225 0.0 18 1
2327.0 2369 2285 1.0 2 0 0.0004372540446 0.0008745080892 0.0 1 1
2307.0 2324 2290 0.0 0 0 0.0 0.0 0.0 1 1
2085.66666667 2132 2036 0.333333333333 1 0 0.000156274417878 0.000468823253633 0.0 2 1
1872.94444444 2136 1761 1.55555555556 4 0 0.000824870076304 0.00216919739696 0.0 17 1
2009.2 2124 1922 1.2 2 0 0.000592283553875 0.00100452034154 0.0 4 1
2079.33333333 2175 2011 0.666666666667 2 0 0.000306231817486 0.000918695452458 0.0 2 1
1939.5 1944 1935 0.5 1 0 0.00025826446281 0.00051652892562 0.0 1 1
2235.5 2239 2232 0.5 1 0 0.000223914017017 0.000447828034035 0.0 1 1
2133.5 2134 2133 0.5 1 0 0.000234192037471 0.000468384074941 0.0 1 1
2033.0 2122 1935 0.625 1 0 0.000309656722472 0.00051652892562 0.0 7 1
2005.88888889 2094 1912 1.55555555556 4 0 0.000771789651358 0.0019483682416 0.0 8 1
1969.0 2000 1938 0.5 1 0 0.000249875062469 0.000499750124938 0.0 1 1
2122.0 2122 2122 0.0 0 0 0.0 0.0 0.0 0 1
2069.0 2069 2069 0.0 0 0 0.0 0.0 0.0 0 1
2070.0 2070 2070 0.0 0 0 0.0 0.0 0.0 0 1
2038.0 2038 2038 0.0 0 0 0.0 0.0 0.0 0 1
2105.66666667 2193 2033 0.666666666667 1 0 0.000311266662135 0.000478011472275 0.0 2 1
2025.0 2025 2025 0.0 0 0 0.0 0.0 0.0 0 1
1953.0 1953 1953 0.0 0 0 0.0 0.0 0.0 0 1
2187.0 2187 2187 0.0 0 0 0.0 0.0 0.0 0 1
1857.12903226 2055 1648 3.17741935484 9 0 0.00170002986757 0.00480512546716 0.0 61 1
2160.66666667 2248 2088 1.0 2 0 0.000451551691421 0.000888888888889 0.0 2 1
2011.0 2011 2011 0.0 0 0 0.0 0.0 0.0 0 1
2051.5 2093 2010 0.0 0 0 0.0 0.0 0.0 1 1
2134.0 2134 2134 0.0 0 0 0.0 0.0 0.0 0 1
1981.6 2093 1879 0.6 1 0 0.00029537226885 0.000508388408744 0.0 4 1
2231.5 2241 2222 1.0 2 0 0.000445831475702 0.000891662951404 0.0 1 1
2218.33333333 2252 2183 0.666666666667 1 0 0.000302707698025 0.000457875457875 0.0 2 1
2149.5 2166 2133 0.5 1 0 0.000230733733272 0.000461467466544 0.0 1 1
2056.0 2056 2056 0.0 0 0 0.0 0.0 0.0 0 1
2126.0 2167 2077 1.0 2 0 0.000465861400187 0.000936329588015 0.0 2 1
2206.0 2206 2206 0.0 0 0 0.0 0.0 0.0 0 1
2055.0 2070 2043 0.4 2 0 0.000194269062652 0.000971345313259 0.0 4 1
2187.28571429 2277 2150 1.14285714286 3 0 0.000518357717326 0.00131578947368 0.0 6 1
2186.0 2186 2186 0.0 0 0 0.0 0.0 0.0 0 1
2002.88888889 2101 1923 2.11111111111 5 0 0.00103834040492 0.00247035573123 0.0 8 1
1860.6969697 2138 1606 1.9696969697 7 0 0.00103624214133 0.00338000965717 0.0 32 1
2039.33333333 2096 1947 0.833333333333 3 0 0.000400089620485 0.00143129770992 0.0 5 1
2018.0 2074 1988 0.75 2 0 0.000375941552412 0.001001001001 0.0 3 1
2119.0 2130 2108 1.0 2 0 0.000473933649289 0.000947867298578 0.0 1 1
2026.0 2049 1987 1.0 2 0 0.000492717396529 0.000975134080936 0.0 2 1
1933.5 2014 1819 1.125 2 0 0.000568165596432 0.00101781170483 0.0 7 1
1941.12 2057 1813 2.32 5 0 0.00119529285817 0.00258131130614 0.0 24 1
2088.0 2088 2088 0.0 0 0 0.0 0.0 0.0 0 1
1951.0 2006 1881 0.666666666667 1 0 0.000335548170794 0.000508388408744 0.0 2 1
2025.85714286 2049 2005 0.857142857143 1 0 0.000423723718205 0.00049850448654 0.0 6 1
2198.0 2198 2198 0.0 0 0 0.0 0.0 0.0 0 1
2183.0 2183 2183 0.0 0 0 0.0 0.0 0.0 0 1
2058.5 2111 2006 0.0 0 0 0.0 0.0 0.0 1 1
2111.0 2118 2104 0.5 1 0 0.000237529691211 0.000475059382423 0.0 1 1
2191.0 2214 2168 0.0 0 0 0.0 0.0 0.0 1 1
1920.0 1920 1920 0.0 0 0 0.0 0.0 0.0 0 1
1924.5 1968 1881 1.0 2 0 0.000531067445566 0.00106213489113 0.0 1 1
2065.33333333 2099 2025 1.0 2 0 0.000480170210161 0.000964320154291 0.0 2 1
2173.0 2173 2173 0.0 0 0 0.0 0.0 0.0 0 1
1978.5 2039 1926 1.0 2 0 0.000504828769553 0.00101988781234 0.0 7 1
2070.0 2070 2070 0.0 0 0 0.0 0.0 0.0 0 1
1988.40909091 2249 1789 1.31818181818 3 0 0.000666917453042 0.00162162162162 0.0 21 1
2013.25 2086 1939 1.33333333333 3 0 0.000660996631213 0.00148221343874 0.0 11 1
2014.0 2014 2014 0.0 0 0 0.0 0.0 0.0 0 1
1998.0 1998 1998 0.0 0 0 0.0 0.0 0.0 0 1
1935.5 1988 1908 1.16666666667 2 0 0.00060084386381 0.00104657247514 0.0 5 1
2311.0 2325 2285 0.666666666667 1 0 0.000289122644422 0.000437445319335 0.0 2 1
1942.0 1942 1942 0.0 0 0 0.0 0.0 0.0 0 1
1937.68181818 2097 1834 2.31818181818 6 0 0.00120062168891 0.00305033045247 0.0 21 1
2030.66666667 2048 2010 0.666666666667 2 0 0.000327439423707 0.00098231827112 0.0 2 1
1803.37333333 2129 1550 9.82666666667 27 0 0.00538920564902 0.0157710280374 0.0 74 1
2016.33333333 2065 1938 0.0 0 0 0.0 0.0 0.0 2 1
2034.0 2052 2016 0.5 1 0 0.0002435460302 0.000487092060399 0.0 1 1
2151.0 2151 2151 0.0 0 0 0.0 0.0 0.0 0 1
2000.0 2000 2000 0.0 0 0 0.0 0.0 0.0 0 1
2087.5 2104 2071 1.0 2 0 0.000474833808167 0.000949667616334 0.0 1 1
1969.0 1969 1969 0.0 0 0 0.0 0.0 0.0 0 1
2176.0 2176 2176 0.0 0 0 0.0 0.0 0.0 0 1
2019.75 2058 1990 1.0 3 0 0.000486932514986 0.00145560407569 0.0 3 1
2235.0 2235 2235 0.0 0 0 0.0 0.0 0.0 0 1
1990.0 2065 1888 0.5 1 0 0.000245129516293 0.000503271263211 0.0 7 1
2209.0 2217 2201 0.5 1 0 0.000225428313796 0.000450856627592 0.0 1 1
2215.0 2215 2215 0.0 0 0 0.0 0.0 0.0 0 1
1987.44444444 2093 1918 0.777777777778 2 0 0.000390216814608 0.00104166666667 0.0 8 1
2049.5 2114 1980 0.666666666667 1 0 0.000322597043783 0.000497512437811 0.0 5 1
2020.0 2020 2020 0.0 0 0 0.0 0.0 0.0 0 1
2099.66666667 2199 2040 0.888888888889 3 0 0.000422622454023 0.0014245014245 0.0 8 1
1913.33333333 2001 1835 0.333333333333 1 0 0.000174978127734 0.000524934383202 0.0 2 1
1949.0 1949 1949 0.0 0 0 0.0 0.0 0.0 0 1
2034.0 2034 2034 0.0 0 0 0.0 0.0 0.0 0 1
1883.5 1906 1861 0.5 1 0 0.000268528464017 0.000537056928034 0.0 1 1
2018.66666667 2086 1982 0.333333333333 1 0 0.000159718894745 0.000479156684236 0.0 2 1
2179.0 2179 2179 0.0 0 0 0.0 0.0 0.0 0 1
2122.5 2150 2095 0.0 0 0 0.0 0.0 0.0 1 1
2057.0 2057 2057 0.0 0 0 0.0 0.0 0.0 0 1
2044.0 2044 2044 0.0 0 0 0.0 0.0 0.0 0 1
2097.0 2104 2090 0.5 1 0 0.000239120038259 0.000478240076518 0.0 1 1
1963.875 2069 1870 2.375 4 0 0.00119784030797 0.00192957067053 0.0 7 1
2024.0 2024 2024 0.0 0 0 0.0 0.0 0.0 0 1
1979.66666667 2101 1883 2.44444444444 6 0 0.00121714453453 0.00308166409861 0.0 8 1
2009.66666667 2066 1977 0.666666666667 1 0 0.000329048681393 0.000504286434695 0.0 5 1
2052.5 2063 2042 0.0 0 0 0.0 0.0 0.0 1 1
2003.28571429 2055 1898 0.571428571429 1 0 0.000286527911318 0.000526592943655 0.0 6 1
1914.0 1914 1914 0.0 0 0 0.0 0.0 0.0 0 1
1842.4251497 2118 1583 13.5748502994 54 0 0.00733099322136 0.0283613445378 0.0 166 1
1993.5 2001 1986 0.0 0 0 0.0 0.0 0.0 1 1
2137.0 2137 2137 0.0 0 0 0.0 0.0 0.0 0 1
2147.0 2159 2135 0.0 0 0 0.0 0.0 0.0 1 1
2047.71428571 2168 1934 1.0 2 0 0.000476838473995 0.00094696969697 0.0 6 1
2012.0 2063 1984 1.0 2 0 0.00049604352665 0.000996512207275 0.0 8 1
2027.0 2027 2027 0.0 0 0 0.0 0.0 0.0 0 1
2240.0 2240 2240 0.0 0 0 0.0 0.0 0.0 0 1
2001.0 2001 2001 0.0 0 0 0.0 0.0 0.0 0 1
2168.0 2168 2168 0.0 0 0 0.0 0.0 0.0 0 1
2085.0 2085 2085 0.0 0 0 0.0 0.0 0.0 0 1
1901.81818182 1998 1757 2.54545454545 6 0 0.00133481864047 0.00311688311688 0.0 21 1
2058.0 2077 2039 0.5 1 0 0.000240615976901 0.000481231953802 0.0 1 1
2067.5 2073 2062 0.5 1 0 0.000241080038573 0.000482160077146 0.0 1 1
2216.0 2216 2216 0.0 0 0 0.0 0.0 0.0 0 1
2086.0 2086 2086 0.0 0 0 0.0 0.0 0.0 0 1
2186.0 2186 2186 0.0 0 0 0.0 0.0 0.0 0 1
2057.0 2057 2057 0.0 0 0 0.0 0.0 0.0 0 1
2026.0 2026 2026 0.0 0 0 0.0 0.0 0.0 0 1
2017.0 2017 2017 0.0 0 0 0.0 0.0 0.0 0 1
2081.45454545 2163 2017 0.909090909091 3 0 0.000432743862021 0.00139534883721 0.0 10 1
2080.25 2125 2022 0.5 1 0 0.00023948782638 0.000483792936623 0.0 3 1
2016.0 2022 2010 0.0 0 0 0.0 0.0 0.0 1 1
1816.39130435 2153 1552 5.76086956522 19 0 0.00318664029916 0.0106263982103 0.0 45 1
1939.5 2027 1846 0.875 2 0 0.000442112458687 0.00102145045965 0.0 7 1
2098.0 2098 2098 0.0 0 0 0.0 0.0 0.0 0 1
2208.0 2208 2208 0.0 0 0 0.0 0.0 0.0 0 1
1942.5 1978 1907 0.5 1 0 0.000252652854977 0.000505305709955 0.0 1 1
2205.0 2205 2205 0.0 0 0 0.0 0.0 0.0 0 1
1926.0 1926 1926 0.0 0 0 0.0 0.0 0.0 0 1
2071.0 2071 2071 0.0 0 0 0.0 0.0 0.0 0 1
1912.66666667 1945 1893 0.333333333333 1 0 0.000171291538198 0.000513874614594 0.0 2 1
2164.0 2164 2164 0.0 0 0 0.0 0.0 0.0 0 1
2172.5 2215 2130 0.0 0 0 0.0 0.0 0.0 1 1
1956.0 2021 1881 0.5 1 0 0.00025277219184 0.00051652892562 0.0 3 1
2050.4 2124 1952 0.4 1 0 0.000191441248032 0.000486618004866 0.0 4 1
1885.0 1914 1865 0.5 1 0 0.000266111726704 0.0005359056806 0.0 3 1
2258.0 2258 2258 0.0 0 0 0.0 0.0 0.0 0 1
1867.0 1953 1795 2.16666666667 6 0 0.00114020347565 0.00316789862724 0.0 5 1
2096.66666667 2137 2069 0.5 1 0 0.000237571180499 0.00048309178744 0.0 5 1
1935.0 1935 1935 0.0 0 0 0.0 0.0 0.0 0 1
2032.83333333 2108 1985 1.0 3 0 0.000491663114106 0.00144369586141 0.0 5 1
2051.0 2051 2051 0.0 0 0 0.0 0.0 0.0 0 1
2054.0 2054 2054 0.0 0 0 0.0 0.0 0.0 0 1
2109.0 2110 2108 0.0 0 0 0.0 0.0 0.0 1 1
2080.5 2101 2062 0.75 1 0 0.000361511933923 0.000484730974309 0.0 3 1
2040.0 2040 2040 0.0 0 0 0.0 0.0 0.0 0 1
2119.0 2173 2047 0.0 0 0 0.0 0.0 0.0 4 1
1977.0 2012 1942 0.5 1 0 0.000248385494287 0.000496770988574 0.0 1 1
2180.0 2197 2163 0.5 1 0 0.000227479526843 0.000454959053685 0.0 1 1
2040.0 2040 2040 0.0 0 0 0.0 0.0 0.0 0 1
1826.88172043 2092 1589 5.35483870968 12 0 0.0029580603893 0.0074812967581 0.0 92 1
2039.6 2080 2006 0.8 2 0 0.000388984079809 0.000960614793468 0.0 4 1
2063.5 2208 1858 2.0 4 0 0.000950053415148 0.00193330111165 0.0 13 1
2149.6 2187 2108 0.6 2 0 0.000284091418128 0.000947867298578 0.0 4 1
2205.0 2205 2205 0.0 0 0 0.0 0.0 0.0 0 1
2032.0 2032 2032 0.0 0 0 0.0 0.0 0.0 0 1
2155.0 2155 2155 0.0 0 0 0.0 0.0 0.0 0 1
2052.0 2100 2006 0.777777777778 2 0 0.000382417083926 0.000996015936255 0.0 8 1
1918.06779661 2151 1704 3.52542372881 12 0 0.00182183706602 0.00589101620029 0.0 58 1
1960.0 1960 1960 0.0 0 0 0.0 0.0 0.0 0 1
2122.0 2122 2122 0.0 0 0 0.0 0.0 0.0 0 1
2061.5 2108 2015 0.0 0 0 0.0 0.0 0.0 1 1
1828.8125 2279 1457 5.375 19 0 0.002996325431 0.0112960760999 0.0 79 1
2012.0 2012 2012 0.0 0 0 0.0 0.0 0.0 0 1
2070.66666667 2085 2055 0.666666666667 1 0 0.00032292466353 0.000486381322957 0.0 2 1
2034.85714286 2088 1985 0.857142857143 1 0 0.000420093425285 0.000503524672709 0.0 6 1
1843.77419355 1968 1699 2.67741935484 7 0 0.00144909357337 0.00374732334047 0.0 30 1
1911.0 2030 1814 1.8 4 0 0.000937211511598 0.00215866162979 0.0 9 1
1860.33333333 1969 1811 0.666666666667 1 0 0.000356094465352 0.000551876379691 0.0 5 1
1912.13333333 2090 1696 2.86666666667 6 0 0.00151496029446 0.00352526439483 0.0 14 1
1882.375 1935 1812 1.25 2 0 0.000670497141894 0.00110253583241 0.0 7 1
2237.5 2257 2218 0.0 0 0 0.0 0.0 0.0 1 1
2034.25 2163 1905 2.58333333333 9 0 0.00125705380429 0.00435203094778 0.0 11 1
2031.45454545 2071 1953 2.45454545455 5 0 0.00119958314151 0.002408477842 0.0 10 1
2088.0 2264 1952 1.16666666667 4 0 0.00055063472396 0.00188679245283 0.0 11 1
1998.0 2050 1946 1.0 2 0 0.000487329434698 0.000974658869396 0.0 1 1
1969.0 2011 1912 0.25 1 0 0.000130684788291 0.000522739153163 0.0 3 1
2106.5 2153 2060 0.5 1 0 0.000232126276695 0.000464252553389 0.0 1 1
2072.22222222 2146 2007 1.11111111111 2 0 0.000533387906089 0.000989609104404 0.0 8 1
1920.5 1955 1886 0.5 1 0 0.000255623721881 0.000511247443763 0.0 1 1
2084.0 2084 2084 0.0 0 0 0.0 0.0 0.0 0 1
2113.52173913 2316 1827 3.34782608696 11 0 0.00155958344213 0.00502512562814 0.0 22 1
2120.0 2120 2120 0.0 0 0 0.0 0.0 0.0 0 1
1861.5 1878 1845 0.0 0 0 0.0 0.0 0.0 1 1
2095.0 2095 2095 0.0 0 0 0.0 0.0 0.0 0 1
1805.4587156 2104 1628 16.2568807339 45 0 0.00884515321189 0.0249861188229 0.0 108 1
2113.0 2113 2113 0.0 0 0 0.0 0.0 0.0 0 1
2022.0 2022 2022 0.0 0 0 0.0 0.0 0.0 0 1
2270.0 2400 2158 0.333333333333 1 0 0.000140519048045 0.00042662116041 0.0 5 1
2109.0 2193 2051 0.25 1 0 0.000121832358674 0.000487329434698 0.0 3 1
2049.0 2049 2049 0.0 0 0 0.0 0.0 0.0 0 1
1944.0 1984 1904 0.0 0 0 0.0 0.0 0.0 1 1
1957.0 1986 1916 0.428571428571 2 0 0.000216941982863 0.0010060362173 0.0 6 1
1939.94285714 2094 1764 2.82857142857 7 0 0.0014505476411 0.00359158542842 0.0 34 1
2104.0 2104 2104 0.0 0 0 0.0 0.0 0.0 0 1
1739.75862069 2100 1501 2.8275862069 10 0 0.00158801754837 0.00569800569801 0.0 57 1
2157.0 2157 2157 0.0 0 0 0.0 0.0 0.0 0 1
2045.33333333 2116 1961 0.0 0 0 0.0 0.0 0.0 2 1
2122.0 2122 2122 0.0 0 0 0.0 0.0 0.0 0 1
1967.0 1981 1953 0.0 0 0 0.0 0.0 0.0 1 1
1786.5 1797 1776 0.5 1 0 0.00027808676307 0.00055617352614 0.0 1 1
2287.0 2287 2287 0.0 0 0 0.0 0.0 0.0 0 1
2084.0 2084 2084 0.0 0 0 0.0 0.0 0.0 0 1
2059.6 2095 2026 0.8 1 0 0.000386715667874 0.000490196078431 0.0 4 1
2029.0 2029 2029 0.0 0 0 0.0 0.0 0.0 0 1
2026.83333333 2157 1912 2.25 5 0 0.00110219648025 0.00250878073256 0.0 11 1
2012.46808511 2259 1777 5.76595744681 15 0 0.00283642010708 0.00751126690035 0.0 46 1
2077.5 2078 2077 0.5 1 0 0.0002405002405 0.000481000481 0.0 1 1
2189.8 2265 2067 0.0 0 0 0.0 0.0 0.0 4 1
1931.25 1958 1913 1.25 2 0 0.000646746949433 0.00104438642298 0.0 3 1
2129.0 2129 2129 0.0 0 0 0.0 0.0 0.0 0 1
1927.95 2041 1841 1.3 5 0 0.00067473584364 0.00263157894737 0.0 19 1
2055.0 2057 2053 0.0 0 0 0.0 0.0 0.0 1 1
2016.5 2060 1973 0.5 1 0 0.000242600679282 0.000485201358564 0.0 1 1
2022.0 2022 2022 0.0 0 0 0.0 0.0 0.0 0 1
1768.14942529 2055 1526 8.14367816092 31 0 0.00465367874982 0.0177244139508 0.0 173 1
2117.0 2197 2048 0.5 1 0 0.000231442211632 0.000470809792844 0.0 3 1
2077.0 2104 2050 0.5 1 0 0.000237529691211 0.000475059382423 0.0 1 1
1998.0 1998 1998 0.0 0 0 0.0 0.0 0.0 0 1
1872.0 1872 1872 0.0 0 0 0.0 0.0 0.0 0 1
2027.83333333 2076 1963 0.666666666667 1 0 0.000330251104258 0.00050916496945 0.0 5 1
1985.0 2037 1958 0.0 0 0 0.0 0.0 0.0 2 1
2110.0 2110 2110 0.0 0 0 0.0 0.0 0.0 0 1
2187.0 2187 2187 0.0 0 0 0.0 0.0 0.0 0 1
1913.5 1918 1909 0.5 1 0 0.000260552371027 0.000521104742053 0.0 1 1
2195.0 2195 2195 0.0 0 0 0.0 0.0 0.0 0 1
2315.0 2315 2315 0.0 0 0 0.0 0.0 0.0 0 1
1878.85714286 1939 1775 0.428571428571 1 0 0.000231128758053 0.000563063063063 0.0 6 1
2078.0 2078 2078 0.0 0 0 0.0 0.0 0.0 0 1
1981.66666667 2027 1914 1.0 2 0 0.000514198151108 0.00104384133612 0.0 2 1
1950.6875 2054 1871 1.4375 4 0 0.000733042025483 0.00202326757714 0.0 15 1
2078.0 2141 2015 0.5 1 0 0.000248015873016 0.000496031746032 0.0 1 1
2217.33333333 2253 2175 0.0 0 0 0.0 0.0 0.0 2 1
1946.5 1996 1897 0.5 1 0 0.000263435194942 0.000526870389884 0.0 1 1
2056.63636364 2131 2000 1.09090909091 5 0 0.000534158866505 0.00249376558603 0.0 10 1
2214.5 2242 2181 0.0 0 0 0.0 0.0 0.0 3 1
2044.0 2044 2044 0.0 0 0 0.0 0.0 0.0 0 1
2188.0 2213 2163 0.0 0 0 0.0 0.0 0.0 1 1
2164.5 2197 2132 0.0 0 0 0.0 0.0 0.0 1 1
2084.72727273 2137 2008 2.18181818182 4 0 0.00104060286089 0.00193798449612 0.0 10 1
2005.5 2025 1986 0.5 1 0 0.000246791707799 0.000493583415597 0.0 1 1
2079.0 2112 2046 0.0 0 0 0.0 0.0 0.0 1 1
2124.625 2191 2058 1.375 3 0 0.000647506163522 0.00141843971631 0.0 7 1
2050.5 2071 2030 0.5 1 0 0.000241312741313 0.000482625482625 0.0 1 1
2029.0 2029 2029 0.0 0 0 0.0 0.0 0.0 0 1
2084.0 2084 2084 0.0 0 0 0.0 0.0 0.0 0 1
2068.83333333 2134 2030 1.16666666667 2 0 0.000561589085351 0.000967585873246 0.0 5 1
2116.0 2131 2093 1.0 2 0 0.000469925641437 0.000940733772342 0.0 2 1
1967.0 1967 1967 0.0 0 0 0.0 0.0 0.0 0 1
2099.33333333 2161 2056 0.666666666667 1 0 0.000322150755969 0.000486144871172 0.0 2 1
2189.66666667 2239 2102 0.666666666667 2 0 0.00029974573696 0.000892458723784 0.0 5 1
2093.0 2134 2052 0.0 0 0 0.0 0.0 0.0 1 1
2037.0 2037 2037 0.0 0 0 0.0 0.0 0.0 0 1
2124.0 2124 2124 0.0 0 0 0.0 0.0 0.0 0 1
2041.42857143 2113 1927 0.857142857143 2 0 0.000411748066034 0.000969932104753 0.0 6 1
2152.0 2152 2152 0.0 0 0 0.0 0.0 0.0 0 1
1956.0 1987 1925 0.5 1 0 0.000251509054326 0.000503018108652 0.0 1 1
2183.0 2183 2183 0.0 0 0 0.0 0.0 0.0 0 1
2068.33333333 2121 2012 0.833333333333 1 0 0.000400617859454 0.000493096646943 0.0 5 1
2091.0 2130 2066 0.0 0 0 0.0 0.0 0.0 2 1
1811.25 1839 1780 0.5 1 0 0.000277356879697 0.000561482313307 0.0 3 1
2075.6 2122 2031 0.8 3 0 0.000389687332773 0.00145631067961 0.0 4 1
2305.0 2305 2305 0.0 0 0 0.0 0.0 0.0 0 1
1655.61324042 2125 1406 24.2822299652 83 0 0.014403402327 0.0475372279496 0.0 286 1
2060.0 2126 1989 0.75 2 0 0.000363357478576 0.000983284169125 0.0 3 1
1953.0625 2046 1821 0.875 2 0 0.000442198719166 0.00103092783505 0.0 15 1
2101.0 2159 2055 1.0 2 0 0.000474412678223 0.000951474785918 0.0 7 1
2104.0 2117 2091 0.0 0 0 0.0 0.0 0.0 1 1
2010.5 2083 1958 0.25 1 0 0.000123946455131 0.000495785820526 0.0 3 1
2023.0 2097 1953 1.0 3 0 0.000491935006205 0.00148735746158 0.0 11 1
1951.22727273 2057 1851 1.09090909091 5 0 0.000552311704664 0.00251256281407 0.0 21 1
1941.61111111 2040 1829 1.44444444444 3 0 0.000746403675073 0.00163755458515 0.0 17 1
1900.0 1900 1900 0.0 0 0 0.0 0.0 0.0 0 1
2101.5 2104 2099 0.0 0 0 0.0 0.0 0.0 1 1
2045.0 2045 2045 0.0 0 0 0.0 0.0 0.0 0 1
2089.0 2103 2075 0.5 1 0 0.0002408477842 0.000481695568401 0.0 1 1
2159.0 2159 2159 0.0 0 0 0.0 0.0 0.0 0 1
2093.0 2167 2015 1.5 2 0 0.000712543714487 0.000990099009901 0.0 5 1
2029.8 2086 1935 1.4 5 0 0.000684048915878 0.00240731824747 0.0 9 1
2104.0 2104 2104 0.0 0 0 0.0 0.0 0.0 0 1
2020.0 2020 2020 0.0 0 0 0.0 0.0 0.0 0 1
1937.0 1937 1937 0.0 0 0 0.0 0.0 0.0 0 1
2218.0 2218 2218 0.0 0 0 0.0 0.0 0.0 0 1
2082.0 2137 2049 1.0 2 0 0.0004859123276 0.000969932104753 0.0 2 1
2131.0 2131 2131 0.0 0 0 0.0 0.0 0.0 0 1
1969.0 1969 1969 0.0 0 0 0.0 0.0 0.0 0 1
2054.0 2054 2054 0.0 0 0 0.0 0.0 0.0 0 1
2054.0 2054 2054 0.0 0 0 0.0 0.0 0.0 0 1
1983.4 2138 1839 1.8 4 0 0.000917712650214 0.00207576543851 0.0 9 1
2125.5 2202 2065 1.375 3 0 0.000644257957474 0.00143472022956 0.0 7 1
1988.0 2020 1956 0.5 1 0 0.000247402276101 0.000494804552202 0.0 1 1
1876.09090909 1929 1803 0.727272727273 2 0 0.000391911944369 0.00108813928183 0.0 10 1
2101.0 2101 2101 0.0 0 0 0.0 0.0 0.0 0 1
1909.0 1909 1909 0.0 0 0 0.0 0.0 0.0 0 1
2010.375 2091 1936 0.5 1 0 0.000248456263199 0.000500250125063 0.0 7 1
2154.0 2154 2154 0.0 0 0 0.0 0.0 0.0 0 1
1905.0 1973 1867 0.666666666667 1 0 0.000346544884493 0.000533049040512 0.0 2 1
2032.25 2069 1981 0.75 1 0 0.000371173212553 0.00050454086781 0.0 3 1
1954.0 1954 1954 0.0 0 0 0.0 0.0 0.0 0 1
1994.5 2015 1974 1.0 2 0 0.000495785820526 0.000991571641051 0.0 1 1
2018.0 2018 2018 0.0 0 0 0.0 0.0 0.0 0 1
2014.0 2014 2014 0.0 0 0 0.0 0.0 0.0 0 1
2037.0 2037 2037 0.0 0 0 0.0 0.0 0.0 0 1
2031.0 2031 2031 0.0 0 0 0.0 0.0 0.0 0 1
2080.0 2080 2080 0.0 0 0 0.0 0.0 0.0 0 1
1961.11111111 2045 1851 0.888888888889 2 0 0.000446619764867 0.000997008973081 0.0 8 1
2017.25 2091 1940 1.0 2 0 0.000483151435765 0.000977039570103 0.0 3 1
2126.0 2126 2126 0.0 0 0 0.0 0.0 0.0 0 1
2103.0 2124 2082 0.0 0 0 0.0 0.0 0.0 1 1
2010.0 2010 2010 0.0 0 0 0.0 0.0 0.0 0 1
2249.0 2249 2249 0.0 0 0 0.0 0.0 0.0 0 1
1949.13333333 2080 1853 1.8 5 0 0.000916202999836 0.00247524752475 0.0 14 1
2150.0 2188 2111 0.5 2 0 0.000228310502283 0.000913242009132 0.0 3 1
2059.0 2076 2042 0.5 1 0 0.000244738130201 0.000489476260401 0.0 1 1
1974.0 1974 1974 0.0 0 0 0.0 0.0 0.0 0 1
2150.0 2205 2087 0.833333333333 2 0 0.000393659069486 0.000957395883198 0.0 5 1
1934.6 2080 1789 1.2 4 0 0.000612741876566 0.00200803212851 0.0 9 1
2126.0 2126 2126 0.0 0 0 0.0 0.0 0.0 0 1
2134.0 2134 2134 0.0 0 0 0.0 0.0 0.0 0 1
2098.33333333 2108 2081 0.333333333333 1 0 0.00015820281601 0.00047460844803 0.0 2 1
1985.0 1996 1974 0.5 1 0 0.000253164556962 0.000506329113924 0.0 1 1
2128.75 2186 2060 0.625 1 0 0.000293168410857 0.000473484848485 0.0 7 1
1810.80434783 2065 1633 5.15217391304 20 0 0.0028783748841 0.0111731843575 0.0 91 1
2254.0 2254 2254 0.0 0 0 0.0 0.0 0.0 0 1
1977.56521739 2050 1905 2.69565217391 7 0 0.0013576259571 0.00340798442064 0.0 22 1
2104.25 2129 2076 0.25 1 0 0.000120365912374 0.000481463649494 0.0 3 1
2072.25 2085 2063 0.5 1 0 0.000241371113768 0.00048309178744 0.0 3 1
1973.0 1997 1947 0.333333333333 1 0 0.000168690958165 0.000506072874494 0.0 2 1
2023.0 2023 2023 0.0 0 0 0.0 0.0 0.0 0 1
2114.5 2196 2015 1.16666666667 3 0 0.000547327306266 0.00141242937853 0.0 5 1
2042.0 2042 2042 0.0 0 0 0.0 0.0 0.0 0 1
2133.0 2133 2133 0.0 0 0 0.0 0.0 0.0 0 1
2073.28571429 2161 2020 0.857142857143 2 0 0.000414308449769 0.000989119683482 0.0 6 1
1959.0 1977 1941 0.0 0 0 0.0 0.0 0.0 1 1
2059.0 2059 2059 0.0 0 0 0.0 0.0 0.0 0 1
1980.2 2067 1897 0.7 2 0 0.000349001570946 0.00102301790281 0.0 9 1
1939.0 1939 1939 0.0 0 0 0.0 0.0 0.0 0 1
2093.0 2093 2093 0.0 0 0 0.0 0.0 0.0 0 1
1962.0 2000 1924 0.0 0 0 0.0 0.0 0.0 1 1
2068.5 2079 2058 0.0 0 0 0.0 0.0 0.0 1 1
1958.5 2008 1897 0.5 1 0 0.000254388607946 0.000509424350484 0.0 3 1
2081.0 2081 2081 0.0 0 0 0.0 0.0 0.0 0 1
2042.5 2064 2021 0.5 1 0 0.000242130750605 0.000484261501211 0.0 1 1
2095.0 2095 2095 0.0 0 0 0.0 0.0 0.0 0 1
2090.5 2134 2073 0.75 1 0 0.000358059930122 0.000482160077146 0.0 3 1
2065.0 2065 2065 0.0 0 0 0.0 0.0 0.0 0 1
2155.66666667 2223 2083 0.666666666667 1 0 0.000304058325957 0.000462534690102 0.0 2 1
2198.33333333 2226 2148 1.0 2 0 0.000454332927037 0.000897666068223 0.0 2 1
2121.0 2121 2121 0.0 0 0 0.0 0.0 0.0 0 1
2094.0 2111 2077 0.0 0 0 0.0 0.0 0.0 1 1
1867.75 1901 1852 0.5 2 0 0.00026274303731 0.00105097214924 0.0 3 1
1961.0 1961 1961 0.0 0 0 0.0 0.0 0.0 0 1
2092.5 2103 2082 0.0 0 0 0.0 0.0 0.0 1 1
2018.11111111 2112 1951 0.444444444444 1 0 0.000217325194596 0.000499750124938 0.0 8 1
2141.0 2141 2141 0.0 0 0 0.0 0.0 0.0 0 1
2168.0 2218 2107 0.857142857143 2 0 0.000389937099112 0.000908265213442 0.0 6 1
2015.5 2118 1928 1.25 3 0 0.000606786461998 0.001414427157 0.0 3 1
1989.5 2021 1958 0.5 1 0 0.000255232261358 0.000510464522716 0.0 1 1
2124.0 2124 2124 0.0 0 0 0.0 0.0 0.0 0 1
2141.0 2141 2141 0.0 0 0 0.0 0.0 0.0 0 1
2008.0 2058 1926 0.25 1 0 0.000121418164157 0.000485672656629 0.0 3 1
1947.0 1947 1947 0.0 0 0 0.0 0.0 0.0 0 1
1818.60784314 1996 1702 4.88235294118 12 0 0.00267422078744 0.00656096227447 0.0 50 1
2214.5 2220 2209 0.5 1 0 0.000226244343891 0.000452488687783 0.0 1 1
2059.0 2059 2059 0.0 0 0 0.0 0.0 0.0 0 1
2148.0 2191 2110 0.2 1 0 9.35453695042e-05 0.000467726847521 0.0 4 1
2104.0 2104 2104 0.0 0 0 0.0 0.0 0.0 0 1
2124.5 2141 2094 0.75 2 0 0.000353414139247 0.000936329588015 0.0 3 1
2046.0 2093 1996 1.0 2 0 0.000486396062705 0.000983767830792 0.0 3 1
2104.0 2152 2018 0.5 1 0 0.000242532127128 0.000495294700347 0.0 3 1
2030.0 2030 2030 0.0 0 0 0.0 0.0 0.0 0 1
2005.8 2128 1942 1.4 2 0 0.000690930740541 0.00100351229303 0.0 4 1
2077.33333333 2167 2012 0.666666666667 1 0 0.000316036509927 0.000486854917235 0.0 2 1
2105.5 2115 2096 0.5 1 0 0.00023629489603 0.00047258979206 0.0 1 1
2219.33333333 2230 2206 0.666666666667 1 0 0.000300444418087 0.000453103760761 0.0 2 1
2115.5 2127 2104 0.5 1 0 0.000237529691211 0.000475059382423 0.0 1 1
2034.0 2034 2034 0.0 0 0 0.0 0.0 0.0 0 1
2001.0 2001 2001 0.0 0 0 0.0 0.0 0.0 0 1
1856.7 1950 1773 1.0 3 0 0.00053297421366 0.00153609831029 0.0 9 1
2033.0 2033 2033 0.0 0 0 0.0 0.0 0.0 0 1
2112.5 2141 2094 0.75 1 0 0.000353849836454 0.000475285171103 0.0 3 1
2094.0 2094 2094 0.0 0 0 0.0 0.0 0.0 0 1
2079.5 2135 2047 1.16666666667 2 0 0.000562495384652 0.000976085895559 0.0 5 1
2023.5 2043 2009 1.0 2 0 0.00049177306671 0.000986193293886 0.0 5 1
2208.66666667 2237 2184 0.333333333333 1 0 0.000148942508192 0.000446827524576 0.0 2 1
2073.33333333 2142 1983 0.666666666667 2 0 0.000314940376222 0.000953743443014 0.0 5 1
2115.2 2177 2058 1.6 3 0 0.00075914733117 0.0014012143858 0.0 4 1
2147.0 2213 2081 0.5 1 0 0.000225835591689 0.000451671183379 0.0 1 1
2037.0 2113 1971 0.333333333333 1 0 0.000159238260752 0.000482392667631 0.0 5 1
2141.5 2152 2131 0.5 1 0 0.000232234091965 0.000464468183929 0.0 1 1
2095.0 2095 2095 0.0 0 0 0.0 0.0 0.0 0 1
2153.0 2153 2153 0.0 0 0 0.0 0.0 0.0 0 1
2045.0 2078 2012 0.5 1 0 0.000248385494287 0.000496770988574 0.0 1 1
2180.0 2180 2180 0.0 0 0 0.0 0.0 0.0 0 1
2297.5 2340 2255 0.5 1 0 0.000213583938488 0.000427167876976 0.0 1 1
1973.33333333 1996 1955 0.666666666667 1 0 0.000336121779963 0.000507614213198 0.0 2 1
2071.0 2071 2071 0.0 0 0 0.0 0.0 0.0 0 1
2105.0 2106 2104 0.0 0 0 0.0 0.0 0.0 1 1
1984.0 2004 1964 0.5 1 0 0.000249376558603 0.000498753117207 0.0 1 1
2074.0 2074 2074 0.0 0 0 0.0 0.0 0.0 0 1
2186.5 2228 2156 0.5 1 0 0.000229155705105 0.000461041954818 0.0 3 1
2037.25 2059 2018 1.0 2 0 0.000489852566694 0.000984736582964 0.0 3 1
2026.25 2055 1988 0.0 0 0 0.0 0.0 0.0 3 1
2152.0 2206 2098 0.0 0 0 0.0 0.0 0.0 1 1
1912.5 2044 1733 1.96153846154 5 0 0.00101343280306 0.0025367833587 0.0 25 1
1998.33333333 2022 1973 0.333333333333 1 0 0.00016886187099 0.000506585612969 0.0 2 1
2088.0 2088 2088 0.0 0 0 0.0 0.0 0.0 0 1
1985.0 1985 1985 0.0 0 0 0.0 0.0 0.0 0 1
2190.0 2190 2190 0.0 0 0 0.0 0.0 0.0 0 1
2090.5 2133 2048 0.5 1 0 0.000234301780694 0.000468603561387 0.0 1 1
2067.4 2124 2004 0.6 1 0 0.000292106434053 0.000498753117207 0.0 4 1
2035.0 2042 2028 0.5 1 0 0.000244738130201 0.000489476260401 0.0 1 1
2123.75 2157 2094 0.25 1 0 0.000118483412322 0.000473933649289 0.0 3 1
1769.29326923 2160 1544 22.125 68 0 0.0123888721954 0.038418079096 0.0 207 1
2016.5 2019 2014 0.5 1 0 0.000247524752475 0.00049504950495 0.0 1 1
2372.0 2372 2372 0.0 0 0 0.0 0.0 0.0 0 1
2037.0 2037 2037 0.0 0 0 0.0 0.0 0.0 0 1
2189.85714286 2290 2142 1.28571428571 2 0 0.000586435403136 0.000932835820896 0.0 6 1
2074.0 2087 2061 0.5 1 0 0.000239463601533 0.000478927203065 0.0 1 1
1838.63636364 1949 1764 0.727272727273 3 0 0.000398718962108 0.00168255748738 0.0 10 1
2179.0 2179 2179 0.0 0 0 0.0 0.0 0.0 0 1
2149.33333333 2211 2080 0.0 0 0 0.0 0.0 0.0 2 1
2039.8 2078 2017 1.6 3 0 0.000781877765075 0.0014627011214 0.0 4 1
2239.0 2239 2239 0.0 0 0 0.0 0.0 0.0 0 1
1881.0 1889 1873 0.5 1 0 0.000266808964781 0.000533617929562 0.0 1 1
2210.33333333 2261 2177 1.33333333333 2 0 0.000609671319 0.000917852225792 0.0 2 1
1933.75 2026 1873 0.25 1 0 0.0001233349778 0.000493339911199 0.0 3 1
1937.0 1937 1937 0.0 0 0 0.0 0.0 0.0 0 1
2125.6 2183 2033 0.0 0 0 0.0 0.0 0.0 4 1
2151.66666667 2188 2123 0.333333333333 1 0 0.000156936597615 0.000470809792844 0.0 2 1
2060.5 2095 2021 1.0 2 0 0.000488027826504 0.000988630746416 0.0 3 1
1916.0 1916 1916 0.0 0 0 0.0 0.0 0.0 0 1
2173.0 2173 2173 0.0 0 0 0.0 0.0 0.0 0 1
1884.66666667 1904 1868 1.0 2 0 0.00053220553471 0.00106157112527 0.0 2 1
2001.5 2015 1988 0.5 1 0 0.000251382604324 0.000502765208648 0.0 1 1
1946.0 1946 1946 0.0 0 0 0.0 0.0 0.0 0 1
1994.0 1994 1994 0.0 0 0 0.0 0.0 0.0 0 1
2101.75 2159 2044 0.25 1 0 0.000115740740741 0.000462962962963 0.0 3 1
1957.0 1965 1949 0.0 0 0 0.0 0.0 0.0 1 1
2235.0 2235 2235 0.0 0 0 0.0 0.0 0.0 0 1
2155.75 2223 2110 0.25 1 0 0.000112410071942 0.00044964028777 0.0 3 1
1968.14285714 2054 1851 1.71428571429 4 0 0.000855495286936 0.002002002002 0.0 6 1
2191.33333333 2233 2151 0.0 0 0 0.0 0.0 0.0 2 1
2125.0 2163 2087 0.0 0 0 0.0 0.0 0.0 1 1
1957.38 2279 1719 5.62 13 0 0.00289895568335 0.00714678394722 0.0 49 1
2102.0 2102 2102 0.0 0 0 0.0 0.0 0.0 0 1
2110.0 2110 2110 0.0 0 0 0.0 0.0 0.0 0 1
2212.0 2212 2212 0.0 0 0 0.0 0.0 0.0 0 1
2013.33333333 2072 1934 0.777777777778 2 0 0.0003841983381 0.00100755667506 0.0 8 1
2039.0 2065 2007 0.333333333333 1 0 0.000166002656042 0.000498007968127 0.0 2 1
2261.0 2261 2261 0.0 0 0 0.0 0.0 0.0 0 1
2006.0 2015 1997 0.5 1 0 0.000248015873016 0.000496031746032 0.0 1 1
2078.41666667 2128 2016 1.33333333333 4 0 0.000641807914259 0.00193236714976 0.0 11 1
2175.0 2175 2175 0.0 0 0 0.0 0.0 0.0 0 1
2029.0 2029 2029 0.0 0 0 0.0 0.0 0.0 0 1
2154.0 2193 2115 0.0 0 0 0.0 0.0 0.0 1 1
2054.0 2054 2054 0.0 0 0 0.0 0.0 0.0 0 1
1921.24 2104 1814 2.32 6 0 0.00120015814349 0.0030534351145 0.0 24 1
2100.1 2181 2049 2.5 5 0 0.00119158024771 0.00240615976901 0.0 9 1
2005.5 2018 1993 0.0 0 0 0.0 0.0 0.0 1 1
1974.09090909 2113 1859 1.45454545455 5 0 0.000734139557696 0.00248508946322 0.0 21 1
1916.8 1956 1876 0.8 1 0 0.000418537018004 0.000532765050613 0.0 4 1
2052.5 2160 2003 1.5 2 0 0.000726344149355 0.000997506234414 0.0 3 1
2120.33333333 2178 2042 0.555555555556 3 0 0.000260864962993 0.00142247510669 0.0 8 1
2208.2 2252 2178 0.6 1 0 0.000271093357596 0.00045871559633 0.0 4 1
1920.5 1937 1904 0.0 0 0 0.0 0.0 0.0 1 1
2096.75 2113 2066 0.75 2 0 0.000357802805449 0.000947418285173 0.0 3 1
2131.88888889 2189 2076 1.55555555556 4 0 0.000721191807788 0.00182398540812 0.0 8 1
1937.0 1937 1937 0.0 0 0 0.0 0.0 0.0 0 1
2049.0 2049 2049 0.0 0 0 0.0 0.0 0.0 0 1
1901.86666667 1993 1845 1.4 3 0 0.000730027004779 0.00160944206009 0.0 14 1
1986.0 1986 1986 0.0 0 0 0.0 0.0 0.0 0 1
1980.0 1984 1976 0.5 1 0 0.000251889168766 0.000503778337531 0.0 1 1
2133.0 2133 2133 0.0 0 0 0.0 0.0 0.0 0 1
1917.0 1917 1917 0.0 0 0 0.0 0.0 0.0 0 1
2071.0 2071 2071 0.0 0 0 0.0 0.0 0.0 0 1
1913.5 1973 1858 0.5 1 0 0.000257236685438 0.000521104742053 0.0 5 1
2127.0 2127 2127 0.0 0 0 0.0 0.0 0.0 0 1
2116.0 2116 2116 0.0 0 0 0.0 0.0 0.0 0 1
2008.0 2008 2008 0.0 0 0 0.0 0.0 0.0 0 1
2089.0 2089 2089 0.0 0 0 0.0 0.0 0.0 0 1
2084.5 2145 2035 0.75 2 0 0.000365363085084 0.000981836033382 0.0 3 1
2104.0 2104 2104 0.0 0 0 0.0 0.0 0.0 0 1
2123.0 2146 2100 0.5 1 0 0.000232883092687 0.000465766185375 0.0 1 1
1981.33333333 2064 1840 1.91666666667 4 0 0.000957768274573 0.00193423597679 0.0 11 1
2193.0 2256 2130 0.0 0 0 0.0 0.0 0.0 1 1
1961.0 1961 1961 0.0 0 0 0.0 0.0 0.0 0 1
2110.0 2110 2110 0.0 0 0 0.0 0.0 0.0 0 1
2098.71428571 2172 2018 1.57142857143 3 0 0.000747462603745 0.00144648023144 0.0 6 1
2041.66666667 2066 2025 0.333333333333 1 0 0.000161264312208 0.000483792936623 0.0 2 1
2164.875 2228 2113 2.25 4 0 0.00103260006346 0.00185185185185 0.0 7 1
2140.5 2194 2087 0.5 1 0 0.000227790432802 0.000455580865604 0.0 1 1
2059.5 2093 2026 0.5 1 0 0.000246669955599 0.000493339911199 0.0 1 1
2006.0 2006 2006 0.0 0 0 0.0 0.0 0.0 0 1
2161.0 2161 2161 0.0 0 0 0.0 0.0 0.0 0 1
2009.0 2105 1964 0.6 2 0 0.000295868444071 0.000972762645914 0.0 9 1
1953.33333333 1964 1940 0.0 0 0 0.0 0.0 0.0 2 1
2084.33333333 2108 2040 1.0 2 0 0.000474233702248 0.000947867298578 0.0 2 1
2097.5 2107 2088 0.0 0 0 0.0 0.0 0.0 1 1
2017.0 2017 2017 0.0 0 0 0.0 0.0 0.0 0 1
2100.66666667 2131 2073 0.333333333333 1 0 0.000160720025715 0.000482160077146 0.0 2 1
2119.0 2119 2119 0.0 0 0 0.0 0.0 0.0 0 1
2101.33333333 2145 2071 0.333333333333 1 0 0.000155327741535 0.000465983224604 0.0 2 1
2080.0 2115 2045 0.5 1 0 0.000244379276637 0.000488758553275 0.0 1 1
1997.77777778 2140 1879 1.38888888889 3 0 0.000697149988877 0.00156739811912 0.0 17 1
2069.66666667 2105 2041 0.333333333333 1 0 0.000158277936056 0.000474833808167 0.0 2 1
1901.0 2121 1771 2.64285714286 6 0 0.00137123420811 0.00296882731321 0.0 13 1
2116.0 2116 2116 0.0 0 0 0.0 0.0 0.0 0 1
2073.6 2090 2040 0.8 2 0 0.000384843785008 0.000956022944551 0.0 4 1
2165.0 2227 2109 1.2 3 0 0.000556099996441 0.0014064697609 0.0 4 1
2092.0 2092 2092 0.0 0 0 0.0 0.0 0.0 0 1
2140.4 2197 2091 0.8 2 0 0.000374946480391 0.000935891436593 0.0 4 1
2291.0 2291 2291 0.0 0 0 0.0 0.0 0.0 0 1
1927.5 1996 1859 0.5 1 0 0.000250375563345 0.00050075112669 0.0 1 1
2163.0 2163 2163 0.0 0 0 0.0 0.0 0.0 0 1
2010.33333333 2060 1984 0.666666666667 2 0 0.000323310701584 0.000969932104753 0.0 2 1
1911.0 1911 1911 0.0 0 0 0.0 0.0 0.0 0 1
1963.41666667 2065 1879 2.08333333333 7 0 0.00105165827735 0.00343811394892 0.0 11 1
2088.83333333 2146 2034 2.5 8 0 0.0011948544664 0.00383141762452 0.0 11 1
2125.0 2125 2125 0.0 0 0 0.0 0.0 0.0 0 1
2152.0 2206 2119 0.8 2 0 0.000374368420638 0.000935891436593 0.0 4 1
2016.0 2016 2016 0.0 0 0 0.0 0.0 0.0 0 1
2057.625 2150 1985 0.0 0 0 0.0 0.0 0.0 7 1
1959.82608696 2044 1827 2.4347826087 7 0 0.00123773662942 0.00345508390918 0.0 22 1
2022.0 2087 1983 0.5 1 0 0.000248768287563 0.000501002004008 0.0 3 1
2011.0 2011 2011 0.0 0 0 0.0 0.0 0.0 0 1
2026.0 2064 1988 1.0 2 0 0.000484027105518 0.000968054211036 0.0 1 1
2078.0 2098 2043 0.0 0 0 0.0 0.0 0.0 2 1
1923.0 2147 1789 1.1 2 0 0.000564036670263 0.0010781671159 0.0 9 1
2112.0 2112 2112 0.0 0 0 0.0 0.0 0.0 0 1
2018.0 2055 1981 0.5 1 0 0.000243190661479 0.000486381322957 0.0 1 1
2156.0 2190 2115 1.0 2 0 0.000458171989332 0.000912408759124 0.0 2 1
1923.87804878 2164 1747 4.51219512195 12 0 0.00234389597148 0.00624349635796 0.0 40 1
1938.05882353 2145 1822 1.29411764706 3 0 0.000668910871216 0.0015873015873 0.0 16 1
1926.33333333 1945 1892 0.666666666667 1 0 0.000347378877518 0.000528262017961 0.0 2 1
2078.0 2078 2078 0.0 0 0 0.0 0.0 0.0 0 1
2068.66666667 2122 2032 0.666666666667 1 0 0.000323485253327 0.000491883915396 0.0 5 1
2157.5 2159 2156 0.0 0 0 0.0 0.0 0.0 1 1
1951.0 1951 1951 0.0 0 0 0.0 0.0 0.0 0 1
2098.0 2129 2067 0.5 1 0 0.000234741784038 0.000469483568075 0.0 1 1
1995.0 1995 1995 0.0 0 0 0.0 0.0 0.0 0 1
2136.0 2136 2136 0.0 0 0 0.0 0.0 0.0 0 1
2000.03448276 2241 1847 1.75862068966 6 0 0.000854308964675 0.00285850404955 0.0 28 1
2185.0 2185 2185 0.0 0 0 0.0 0.0 0.0 0 1
2141.0 2199 2075 0.4 1 0 0.000187248204589 0.000481695568401 0.0 4 1
1988.625 2059 1926 1.625 4 0 0.000817616861718 0.00200100050025 0.0 7 1
2074.0 2074 2074 0.0 0 0 0.0 0.0 0.0 0 1
1979.0 1979 1979 0.0 0 0 0.0 0.0 0.0 0 1
1910.55555556 2013 1833 1.22222222222 3 0 0.000626418752774 0.0015479876161 0.0 8 1
2249.0 2249 2249 0.0 0 0 0.0 0.0 0.0 0 1
2063.33333333 2070 2053 0.0 0 0 0.0 0.0 0.0 2 1
1910.8 2024 1814 0.8 2 0 0.000418308273702 0.00107469102633 0.0 9 1
2064.5 2067 2062 0.0 0 0 0.0 0.0 0.0 1 1
2037.0 2037 2037 0.0 0 0 0.0 0.0 0.0 0 1
2205.0 2205 2205 0.0 0 0 0.0 0.0 0.0 0 1
1997.0 2021 1973 1.0 2 0 0.000494315373208 0.000988630746416 0.0 1 1
1938.24489796 2154 1773 2.4693877551 6 0 0.00127163360312 0.00315955766193 0.0 48 1
1901.5 2030 1830 0.666666666667 2 0 0.000352699495336 0.00105485232068 0.0 5 1
2236.0 2236 2236 0.0 0 0 0.0 0.0 0.0 0 1
2163.0 2163 2163 0.0 0 0 0.0 0.0 0.0 0 1
2157.0 2157 2157 0.0 0 0 0.0 0.0 0.0 0 1
2036.5 2062 2011 0.5 1 0 0.000248508946322 0.000497017892644 0.0 1 1
2121.0 2121 2121 0.0 0 0 0.0 0.0 0.0 0 1
2077.0 2200 1936 0.6 1 0 0.000279108395266 0.000478240076518 0.0 4 1
2084.0 2084 2084 0.0 0 0 0.0 0.0 0.0 0 1
2039.0 2039 2039 0.0 0 0 0.0 0.0 0.0 0 1
1935.66666667 2059 1816 1.0 3 0 0.000499427454404 0.00149476831091 0.0 11 1
2027.0 2059 1995 0.0 0 0 0.0 0.0 0.0 1 1
1976.66666667 2052 1927 0.0 0 0 0.0 0.0 0.0 2 1
1929.0 1929 1929 0.0 0 0 0.0 0.0 0.0 0 1
1985.0 1985 1985 0.0 0 0 0.0 0.0 0.0 0 1
2066.0 2066 2066 0.0 0 0 0.0 0.0 0.0 0 1
1882.05 2112 1567 6.98333333333 30 0 0.0036540603645 0.0153531218014 0.0 59 1
2140.6 2215 2106 0.8 1 0 0.000372840222593 0.00047460844803 0.0 4 1
2159.33333333 2235 2084 1.0 2 0 0.000452339166763 0.000894054537327 0.0 2 1
2094.0 2094 2094 0.0 0 0 0.0 0.0 0.0 0 1
1956.0 1956 1956 0.0 0 0 0.0 0.0 0.0 0 1
2051.0 2051 2051 0.0 0 0 0.0 0.0 0.0 0 1
1899.83333333 1941 1861 0.666666666667 3 0 0.000350600475877 0.00157811678064 0.0 5 1
1926.0 1949 1903 0.5 1 0 0.000262605042017 0.000525210084034 0.0 1 1
2106.0 2113 2099 0.0 0 0 0.0 0.0 0.0 1 1
2037.75 2063 1998 1.25 2 0 0.000616749742487 0.001 0.0 3 1
2028.0 2075 1952 1.25 3 0 0.000624363538302 0.00153452685422 0.0 3 1
2045.0 2086 2022 0.333333333333 1 0 0.000164771791069 0.000494315373208 0.0 2 1
1978.75 1994 1939 0.25 1 0 0.000125502008032 0.000502008032129 0.0 3 1
2012.6 2037 1985 0.6 2 0 0.000298528617113 0.001001001001 0.0 4 1
2130.5 2181 2080 0.5 1 0 0.000229147571036 0.000458295142071 0.0 1 1
2206.0 2206 2206 0.0 0 0 0.0 0.0 0.0 0 1
2011.0 2011 2011 0.0 0 0 0.0 0.0 0.0 0 1
2110.33333333 2156 2081 0.666666666667 1 0 0.000313644610118 0.000477326968974 0.0 2 1
2246.0 2308 2193 0.333333333333 1 0 0.00015192950471 0.000455788514129 0.0 2 1
2014.71428571 2081 1943 0.857142857143 2 0 0.000421946536746 0.000980872976949 0.0 6 1
2256.0 2256 2256 0.0 0 0 0.0 0.0 0.0 0 1
1897.25 1905 1888 0.5 2 0 0.000262881177708 0.00105152471083 0.0 3 1
2251.0 2251 2251 0.0 0 0 0.0 0.0 0.0 0 1
2035.0 2035 2035 0.0 0 0 0.0 0.0 0.0 0 1
2094.5 2099 2090 0.5 1 0 0.000238095238095 0.00047619047619 0.0 1 1
2067.5 2094 2041 0.0 0 0 0.0 0.0 0.0 1 1
2159.0 2186 2132 0.5 1 0 0.000234411626817 0.000468823253633 0.0 1 1
2066.5 2076 2059 1.0 2 0 0.000483676644325 0.000968523002421 0.0 3 1
1995.5 2028 1963 0.5 1 0 0.000254582484725 0.00050916496945 0.0 1 1
1944.0 1960 1928 1.0 2 0 0.000518134715026 0.00103626943005 0.0 1 1
2096.42857143 2138 2032 0.285714285714 1 0 0.000136168691146 0.000485672656629 0.0 6 1
1907.8 1960 1878 1.0 2 0 0.000523005859284 0.00105485232068 0.0 4 1
2175.0 2175 2175 0.0 0 0 0.0 0.0 0.0 0 1
2101.0 2101 2101 0.0 0 0 0.0 0.0 0.0 0 1
2109.2 2179 2015 0.8 3 0 0.000368260667332 0.00137488542621 0.0 4 1
2012.0 2042 1963 0.0 0 0 0.0 0.0 0.0 3 1
2184.0 2184 2184 0.0 0 0 0.0 0.0 0.0 0 1
2020.0 2042 1998 0.5 1 0 0.000250125062531 0.000500250125063 0.0 1 1
1996.0 2044 1947 0.75 2 0 0.000372716032284 0.000977517106549 0.0 3 1
2037.33333333 2058 2017 0.666666666667 2 0 0.000330196466898 0.000990589400693 0.0 2 1
2051.0 2051 2051 0.0 0 0 0.0 0.0 0.0 0 1
2038.8 2082 2008 1.0 2 0 0.000487026845058 0.000993048659384 0.0 4 1
2118.0 2118 2118 0.0 0 0 0.0 0.0 0.0 0 1
2058.0 2058 2058 0.0 0 0 0.0 0.0 0.0 0 1
2008.0 2008 2008 0.0 0 0 0.0 0.0 0.0 0 1
2260.66666667 2294 2209 1.33333333333 2 0 0.000582629518911 0.000876808417361 0.0 2 1
2142.83333333 2236 2054 1.33333333333 3 0 0.000612208067981 0.00136798905609 0.0 5 1
1875.0 1875 1875 0.0 0 0 0.0 0.0 0.0 0 1
2006.0 2006 2006 0.0 0 0 0.0 0.0 0.0 0 1
2035.0 2035 2035 0.0 0 0 0.0 0.0 0.0 0 1
2080.0 2203 1976 0.0 0 0 0.0 0.0 0.0 2 1
2040.83333333 2130 1991 0.666666666667 1 0 0.000323678321827 0.000500250125063 0.0 5 1
2037.21052632 2272 1874 2.21052631579 6 0 0.00109813225282 0.00305810397554 0.0 18 1
1971.0 2050 1902 0.666666666667 1 0 0.00033241701213 0.000509683995923 0.0 2 1
1970.8125 2126 1830 2.25 5 0 0.00114279956088 0.00254452926209 0.0 15 1
2120.0 2149 2091 0.5 1 0 0.000239005736138 0.000478011472275 0.0 1 1
1850.05 2011 1641 5.425 14 0 0.00291438091897 0.00777345918934 0.0 39 1
2111.0 2126 2096 0.5 1 0 0.000235072872591 0.000470145745181 0.0 1 1
2216.0 2216 2216 0.0 0 0 0.0 0.0 0.0 0 1
1903.0 1928 1877 0.4 1 0 0.000208392705441 0.000523560209424 0.0 4 1
2066.0 2066 2066 0.0 0 0 0.0 0.0 0.0 0 1
2013.0 2023 2003 0.5 1 0 0.000247035573123 0.000494071146245 0.0 1 1
2106.0 2106 2106 0.0 0 0 0.0 0.0 0.0 0 1
2102.0 2102 2102 0.0 0 0 0.0 0.0 0.0 0 1
2116.75 2172 2079 0.5 1 0 0.000235240627987 0.000480769230769 0.0 3 1
1914.5 1974 1855 0.0 0 0 0.0 0.0 0.0 1 1
2067.0 2079 2055 0.0 0 0 0.0 0.0 0.0 1 1
2141.0 2141 2141 0.0 0 0 0.0 0.0 0.0 0 1
1985.85714286 2066 1916 0.857142857143 2 0 0.000433388382012 0.00104275286757 0.0 6 1
2019.4 2110 1938 1.2 2 0 0.000585439067852 0.000986193293886 0.0 4 1
1990.5 2047 1934 0.0 0 0 0.0 0.0 0.0 1 1
2080.0 2080 2080 0.0 0 0 0.0 0.0 0.0 0 1
1950.5 1985 1891 0.5 1 0 0.000254415872547 0.000514138817481 0.0 3 1
1969.0 1969 1969 0.0 0 0 0.0 0.0 0.0 0 1
2044.0 2047 2041 0.5 1 0 0.000244140625 0.00048828125 0.0 1 1
1967.3 2006 1911 1.3 3 0 0.00066070616906 0.00152905198777 0.0 9 1
1955.0 1955 1955 0.0 0 0 0.0 0.0 0.0 0 1
2023.0 2023 2023 0.0 0 0 0.0 0.0 0.0 0 1
2028.8 2154 1960 1.3 3 0 0.000641935467852 0.00151209677419 0.0 9 1
2132.0 2132 2132 0.0 0 0 0.0 0.0 0.0 0 1
2019.2 2042 2000 0.4 1 0 0.000198959925978 0.000499750124938 0.0 4 1
2068.57142857 2118 2031 0.285714285714 1 0 0.000136497101645 0.000483558994197 0.0 6 1
1993.8 2015 1966 1.4 3 0 0.000704245239621 0.00152361604876 0.0 4 1
1742.06 2050 1544 2.78 8 0 0.00160532074682 0.00436919716002 0.0 49 1
1952.0 1952 1952 0.0 0 0 0.0 0.0 0.0 0 1
2197.0 2197 2197 0.0 0 0 0.0 0.0 0.0 0 1
2149.0 2149 2149 0.0 0 0 0.0 0.0 0.0 0 1
2003.0 2003 2003 0.0 0 0 0.0 0.0 0.0 0 1
2097.0 2097 2097 0.0 0 0 0.0 0.0 0.0 0 1
2012.0 2012 2012 0.0 0 0 0.0 0.0 0.0 0 1
2144.8 2206 2067 0.4 1 0 0.000191723675324 0.000483558994197 0.0 4 1
2075.83333333 2144 2019 1.0 2 0 0.000483662850166 0.000955566172957 0.0 5 1
2008.86956522 2082 1926 2.17391304348 6 0 0.00108710334583 0.00303643724696 0.0 22 1
1943.5 1967 1920 0.0 0 0 0.0 0.0 0.0 1 1
2123.0 2123 2123 0.0 0 0 0.0 0.0 0.0 0 1
2223.0 2223 2223 0.0 0 0 0.0 0.0 0.0 0 1
2006.93333333 2100 1850 3.36666666667 14 0 0.00167895359553 0.00726141078838 0.0 29 1
2002.33333333 2033 1955 0.333333333333 1 0 0.000163880694854 0.000491642084562 0.0 2 1
2146.0 2146 2146 0.0 0 0 0.0 0.0 0.0 0 1
2007.0 2007 2007 0.0 0 0 0.0 0.0 0.0 0 1
2039.0 2039 2039 0.0 0 0 0.0 0.0 0.0 0 1
2103.66666667 2144 2055 0.666666666667 2 0 0.000310655483069 0.000931966449208 0.0 2 1
1965.4 2015 1899 0.6 1 0 0.000303653399092 0.000511770726714 0.0 4 1
2097.0 2097 2097 0.0 0 0 0.0 0.0 0.0 0 1
2022.0 2022 2022 0.0 0 0 0.0 0.0 0.0 0 1
2093.0 2093 2093 0.0 0 0 0.0 0.0 0.0 0 1
2033.66666667 2048 2008 0.0 0 0 0.0 0.0 0.0 2 1
2020.66666667 2120 1927 1.33333333333 2 0 0.000658779644748 0.00103680663556 0.0 8 1
1904.19607843 2055 1722 5.50980392157 14 0 0.00286161143513 0.00759631036354 0.0 50 1
2161.0 2161 2161 0.0 0 0 0.0 0.0 0.0 0 1
1958.0 1958 1958 0.0 0 0 0.0 0.0 0.0 0 1
2087.5 2090 2085 0.5 1 0 0.000239693192713 0.000479386385427 0.0 1 1
2010.0 2071 1952 0.75 2 0 0.000367331550768 0.000964785335263 0.0 3 1
1924.33333333 1967 1900 1.66666666667 3 0 0.000858122450142 0.00152284263959 0.0 2 1
2132.44444444 2222 2080 1.22222222222 3 0 0.000578525495899 0.001414427157 0.0 8 1
2171.33333333 2233 2105 0.333333333333 1 0 0.000149209191286 0.000447627573859 0.0 2 1
1954.0 2003 1919 1.0 2 0 0.000508517331339 0.000997506234414 0.0 3 1
2149.5 2181 2118 0.0 0 0 0.0 0.0 0.0 1 1
1992.72222222 2058 1935 1.94444444444 4 0 0.00097248598731 0.00201511335013 0.0 17 1
2092.0 2092 2092 0.0 0 0 0.0 0.0 0.0 0 1
2018.0 2021 2016 0.333333333333 1 0 0.00016518004625 0.000495540138751 0.0 2 1
2028.0 2091 1965 0.571428571429 1 0 0.000278980411933 0.000498007968127 0.0 6 1
2154.5 2199 2110 0.5 1 0 0.000227272727273 0.000454545454545 0.0 1 1
2130.4 2160 2081 1.4 3 0 0.000654070320511 0.0013986013986 0.0 4 1
2080.0 2080 2080 0.0 0 0 0.0 0.0 0.0 0 1
2134.0 2176 2118 0.5 1 0 0.000232650315158 0.000471253534402 0.0 3 1
2050.5 2066 2021 0.5 2 0 0.0002435460302 0.000974184120799 0.0 3 1
2228.0 2228 2228 0.0 0 0 0.0 0.0 0.0 0 1
2142.0 2142 2142 0.0 0 0 0.0 0.0 0.0 0 1
2135.5 2143 2128 0.5 1 0 0.000234852043213 0.000469704086426 0.0 1 1
2152.0 2215 2089 0.5 1 0 0.000225631768953 0.000451263537906 0.0 1 1
2012.0 2049 1975 0.5 1 0 0.000243902439024 0.000487804878049 0.0 1 1
2004.6 2022 1983 0.8 2 0 0.000401564962792 0.00100755667506 0.0 4 1
1853.0 1853 1853 0.0 0 0 0.0 0.0 0.0 0 1
1905.4 1932 1877 0.4 1 0 0.000208233008509 0.000523834468308 0.0 4 1
1855.5 1899 1811 0.0 0 0 0.0 0.0 0.0 3 1
1883.27586207 1950 1755 3.72413793103 9 0 0.00197925967067 0.00463678516229 0.0 28 1
2019.5 2029 2010 0.0 0 0 0.0 0.0 0.0 1 1
2057.66666667 2111 2011 0.333333333333 1 0 0.000165672630881 0.000497017892644 0.0 2 1
1965.0 1965 1965 0.0 0 0 0.0 0.0 0.0 0 1
1941.0 1947 1935 0.5 1 0 0.000256673511294 0.000513347022587 0.0 1 1
1885.57142857 2165 1767 6.37142857143 14 0 0.0034145156061 0.00760456273764 0.0 34 1
2157.0 2157 2157 0.0 0 0 0.0 0.0 0.0 0 1
2064.5 2091 2038 0.0 0 0 0.0 0.0 0.0 1 1
2011.0 2036 1986 0.5 1 0 0.000245459008346 0.000490918016691 0.0 1 1
1895.0 1895 1895 0.0 0 0 0.0 0.0 0.0 0 1
2032.375 2111 1901 0.75 2 0 0.000372042415837 0.00102092904543 0.0 7 1
1982.0 1982 1982 0.0 0 0 0.0 0.0 0.0 0 1
1860.17948718 2063 1662 5.0 15 0 0.0026400927027 0.00790722192936 0.0 38 1
1881.0 2049 1760 2.9756097561 10 0 0.00156382381558 0.0050735667174 0.0 40 1
2125.0 2125 2125 0.0 0 0 0.0 0.0 0.0 0 1
2167.0 2178 2156 0.5 1 0 0.000229463056448 0.000458926112896 0.0 1 1
1989.2 2037 1951 1.5 3 0 0.000752919203594 0.00153139356815 0.0 9 1
2193.0 2214 2172 0.0 0 0 0.0 0.0 0.0 1 1
2041.0 2046 2036 0.0 0 0 0.0 0.0 0.0 1 1
1981.0 1981 1981 0.0 0 0 0.0 0.0 0.0 0 1
1961.83333333 2009 1895 0.333333333333 1 0 0.000168345016758 0.000512557662737 0.0 5 1
2029.0 2029 2029 0.0 0 0 0.0 0.0 0.0 0 1
2019.0 2019 2019 0.0 0 0 0.0 0.0 0.0 0 1
2014.0 2014 2014 0.0 0 0 0.0 0.0 0.0 0 1
2205.0 2205 2205 0.0 0 0 0.0 0.0 0.0 0 1
1968.33333333 2009 1940 0.0 0 0 0.0 0.0 0.0 2 1
1901.16666667 1965 1854 1.0 2 0 0.000526846336002 0.0010775862069 0.0 5 1
2271.0 2271 2271 0.0 0 0 0.0 0.0 0.0 0 1
2035.0 2051 2011 1.66666666667 3 0 0.000821252369958 0.00148957298908 0.0 2 1
1956.0 1981 1932 1.0 2 0 0.000508837758185 0.00102197240675 0.0 2 1
2126.0 2126 2126 0.0 0 0 0.0 0.0 0.0 0 1
1955.42857143 2044 1899 0.714285714286 2 0 0.000368935596631 0.00102616726526 0.0 6 1
2267.45454545 2347 2172 1.0 3 0 0.000437265729177 0.00127659574468 0.0 10 1
2030.82352941 2132 1944 0.823529411765 2 0 0.000406720092463 0.00102774922919 0.0 16 1
2207.6 2235 2158 0.2 1 0 8.97263346792e-05 0.000448631673396 0.0 4 1
1931.0 1931 1931 0.0 0 0 0.0 0.0 0.0 0 1
2234.0 2234 2234 0.0 0 0 0.0 0.0 0.0 0 1
2013.0 2013 2013 0.0 0 0 0.0 0.0 0.0 0 1
1978.66666667 2005 1953 1.66666666667 3 0 0.000836966293557 0.0015143866734 0.0 2 1
2210.33333333 2247 2151 0.0 0 0 0.0 0.0 0.0 2 1
1938.0 1948 1928 0.5 1 0 0.000256541816316 0.000513083632632 0.0 1 1
2023.25 2133 1942 0.916666666667 2 0 0.0004575014077 0.00102880658436 0.0 11 1
1982.77777778 2070 1923 0.666666666667 2 0 0.000335284067213 0.00100452034154 0.0 8 1
1879.75 1936 1843 0.0 0 0 0.0 0.0 0.0 3 1
2415.5 2435 2396 0.5 1 0 0.000208594075928 0.000417188151856 0.0 1 1
2022.0 2044 2000 0.5 1 0 0.000249875062469 0.000499750124938 0.0 1 1
2186.0 2205 2164 0.666666666667 1 0 0.000306171589667 0.000461893764434 0.0 2 1
2206.66666667 2234 2171 0.0 0 0 0.0 0.0 0.0 2 1
2158.0 2233 2083 0.666666666667 1 0 0.000309158007665 0.000479846449136 0.0 2 1
1987.0 2039 1930 0.666666666667 2 0 0.000345065562457 0.00103519668737 0.0 2 1
1985.33333333 2021 1951 1.0 2 0 0.000497469694649 0.000988630746416 0.0 2 1
1886.14814815 2164 1659 4.57407407407 13 0 0.00240976233789 0.00674273858921 0.0 53 1
2137.25 2159 2089 0.75 1 0 0.000348137760183 0.000465766185375 0.0 3 1
2144.66666667 2168 2132 0.0 0 0 0.0 0.0 0.0 2 1
1990.5 2006 1975 0.0 0 0 0.0 0.0 0.0 1 1
2050.66666667 2068 2024 0.666666666667 1 0 0.000322842212159 0.000485201358564 0.0 2 1
2122.2 2153 2084 1.0 3 0 0.000466351475076 0.00139146567718 0.0 4 1
2043.66666667 2053 2028 0.333333333333 1 0 0.000162522346823 0.000487567040468 0.0 2 1
1922.0 1922 1922 0.0 0 0 0.0 0.0 0.0 0 1
2105.0 2105 2105 0.0 0 0 0.0 0.0 0.0 0 1
2167.0 2167 2167 0.0 0 0 0.0 0.0 0.0 0 1
2160.5 2178 2143 0.5 1 0 0.000229463056448 0.000458926112896 0.0 1 1
2041.0 2041 2041 0.0 0 0 0.0 0.0 0.0 0 1
2040.5 2046 2035 0.5 1 0 0.00024557956778 0.00049115913556 0.0 1 1
1935.57142857 1967 1871 0.714285714286 2 0 0.000373581178265 0.00106780565937 0.0 6 1
2116.0 2172 2060 0.0 0 0 0.0 0.0 0.0 1 1
2273.5 2313 2234 0.5 1 0 0.000216076058773 0.000432152117545 0.0 1 1
2275.5 2297 2254 0.5 1 0 0.000221729490022 0.000443458980044 0.0 1 1
2122.33333333 2171 2082 0.333333333333 1 0 0.00015564833417 0.000473484848485 0.0 5 1
2016.28 2130 1927 3.88 12 0 0.00193650149513 0.00592300098717 0.0 24 1
1905.43589744 2105 1725 3.12820512821 12 0 0.00167700384636 0.00654664484452 0.0 38 1
2237.0 2266 2200 1.0 2 0 0.000443729085889 0.000890075656431 0.0 2 1
2087.33333333 2116 2070 0.0 0 0 0.0 0.0 0.0 2 1
2137.8 2185 2087 1.2 3 0 0.000566524360202 0.00141776937618 0.0 4 1
2291.0 2291 2291 0.0 0 0 0.0 0.0 0.0 0 1
2037.0 2068 2006 0.0 0 0 0.0 0.0 0.0 1 1
2024.0 2024 2024 0.0 0 0 0.0 0.0 0.0 0 1
2090.66666667 2212 1970 0.333333333333 1 0 0.000150625094141 0.000451875282422 0.0 2 1
2031.5 2032 2031 0.0 0 0 0.0 0.0 0.0 1 1
2213.66666667 2238 2171 0.0 0 0 0.0 0.0 0.0 2 1
1957.0 1957 1957 0.0 0 0 0.0 0.0 0.0 0 1
2016.33333333 2071 1956 0.333333333333 1 0 0.000164771791069 0.000494315373208 0.0 2 1
2026.33333333 2036 2010 0.666666666667 1 0 0.000329635708943 0.000497265042268 0.0 2 1
2155.0 2155 2155 0.0 0 0 0.0 0.0 0.0 0 1
2062.0 2062 2062 0.0 0 0 0.0 0.0 0.0 0 1
1975.16666667 2089 1882 1.0 2 0 0.000504895901133 0.00104166666667 0.0 5 1
2007.75 2041 1973 1.0 2 0 0.000493556259564 0.000978952520803 0.0 3 1
2065.0 2106 2031 1.33333333333 2 0 0.00064367987972 0.000975609756098 0.0 8 1
2215.5 2222 2209 0.5 1 0 0.000226244343891 0.000452488687783 0.0 1 1
2099.5 2150 2012 0.25 1 0 0.000124192747144 0.000496770988574 0.0 3 1
2024.28571429 2186 1934 2.35714285714 4 0 0.00116435436913 0.00197823936696 0.0 13 1
1967.0 1994 1940 0.5 1 0 0.000250626566416 0.000501253132832 0.0 1 1
2035.25 2104 1945 0.5 1 0 0.00024370237684 0.000499750124938 0.0 3 1
2119.66666667 2143 2091 1.33333333333 3 0 0.000629261969455 0.00140977443609 0.0 2 1
2112.25 2190 2057 0.5 1 0 0.000234992897796 0.000483558994197 0.0 3 1
2050.0 2072 2033 1.0 2 0 0.000488397883477 0.000982800982801 0.0 2 1
1982.3 2050 1911 1.9 4 0 0.000952424379746 0.00202122283982 0.0 9 1
2101.66666667 2116 2089 1.0 2 0 0.000474613780789 0.000951474785918 0.0 2 1
2060.5 2073 2048 0.0 0 0 0.0 0.0 0.0 1 1
2266.0 2266 2266 0.0 0 0 0.0 0.0 0.0 0 1
1985.0 1985 1985 0.0 0 0 0.0 0.0 0.0 0 1
2080.5 2118 2040 0.833333333333 2 0 0.000402076362877 0.000973709834469 0.0 5 1
2171.0 2171 2171 0.0 0 0 0.0 0.0 0.0 0 1
1983.0 1983 1983 0.0 0 0 0.0 0.0 0.0 0 1
1941.16666667 2003 1851 2.41666666667 6 0 0.00125728414353 0.00314630309386 0.0 11 1
2204.33333333 2263 2138 0.333333333333 1 0 0.000150625094141 0.000451875282422 0.0 2 1
1980.0 1980 1980 0.0 0 0 0.0 0.0 0.0 0 1
1943.0 1999 1906 0.818181818182 2 0 0.000420914288944 0.00104821802935 0.0 10 1
1913.4 1994 1827 0.8 2 0 0.000406245150019 0.00100200400802 0.0 4 1
2096.0 2096 2096 0.0 0 0 0.0 0.0 0.0 0 1
1819.81679389 2067 1674 11.2519083969 30 0 0.00618609383301 0.0163576881134 0.0 130 1
2198.0 2198 2198 0.0 0 0 0.0 0.0 0.0 0 1
2137.0 2137 2137 0.0 0 0 0.0 0.0 0.0 0 1
2072.5 2085 2060 0.5 1 0 0.000242600679282 0.000485201358564 0.0 1 1
1913.0 1913 1913 0.0 0 0 0.0 0.0 0.0 0 1
1941.0 1941 1941 0.0 0 0 0.0 0.0 0.0 0 1
2220.0 2249 2191 0.5 1 0 0.000222222222222 0.000444444444444 0.0 1 1
2035.0 2047 2025 0.333333333333 1 0 0.000162760416667 0.00048828125 0.0 2 1
2090.0 2090 2090 0.0 0 0 0.0 0.0 0.0 0 1
1997.45 2153 1884 2.05 8 0 0.00104431392652 0.00407539480387 0.0 19 1
2084.5 2151 2010 0.666666666667 1 0 0.000316739453391 0.000484496124031 0.0 5 1
2187.0 2187 2187 0.0 0 0 0.0 0.0 0.0 0 1
2070.5 2108 2033 0.5 1 0 0.000237079184448 0.000474158368895 0.0 1 1
2121.0 2121 2121 0.0 0 0 0.0 0.0 0.0 0 1
1951.0 1977 1925 0.0 0 0 0.0 0.0 0.0 1 1
2167.0 2167 2167 0.0 0 0 0.0 0.0 0.0 0 1
2028.83333333 2135 1939 0.833333333333 2 0 0.000398153885896 0.000966650555824 0.0 5 1
2117.5 2161 2074 0.0 0 0 0.0 0.0 0.0 1 1
2048.0 2048 2048 0.0 0 0 0.0 0.0 0.0 0 1
2145.4 2214 2091 0.6 1 0 0.000277428928958 0.000478011472275 0.0 4 1
1962.66666667 2018 1898 0.333333333333 1 0 0.000165098233449 0.000495294700347 0.0 2 1
1941.77777778 2029 1865 1.77777777778 5 0 0.000907750364746 0.00253292806484 0.0 8 1
2129.0 2129 2129 0.0 0 0 0.0 0.0 0.0 0 1
2160.0 2160 2160 0.0 0 0 0.0 0.0 0.0 0 1
2108.0 2174 2059 0.25 1 0 0.000114942528736 0.000459770114943 0.0 3 1
2021.83333333 2083 1969 0.666666666667 1 0 0.000331353892896 0.000507614213198 0.0 5 1
1950.0 1950 1950 0.0 0 0 0.0 0.0 0.0 0 1
2056.0 2056 2056 0.0 0 0 0.0 0.0 0.0 0 1
2162.33333333 2209 2136 1.33333333333 2 0 0.000612467963214 0.000932835820896 0.0 2 1
2069.5 2114 2033 0.75 2 0 0.000362722390132 0.000973236009732 0.0 7 1
2082.0 2082 2082 0.0 0 0 0.0 0.0 0.0 0 1
2082.83333333 2163 2040 1.66666666667 4 0 0.000792943507302 0.00190657769304 0.0 5 1
1936.5 1972 1839 1.4 4 0 0.000725752214159 0.00203873598369 0.0 9 1
2109.4 2156 2043 1.2 2 0 0.000564561232037 0.000946073793756 0.0 4 1
2238.75 2325 2163 1.25 2 0 0.000557422955027 0.000923787528868 0.0 3 1
2035.0 2035 2035 0.0 0 0 0.0 0.0 0.0 0 1
1733.95762712 2104 1537 21.9576271186 59 0 0.0127100656039 0.0353717026379 0.0 117 1
2163.0 2163 2163 0.0 0 0 0.0 0.0 0.0 0 1
1961.63636364 2061 1883 1.09090909091 3 0 0.000553321773391 0.00153531218014 0.0 10 1
2007.0 2028 1977 0.666666666667 1 0 0.000332804931792 0.000505561172902 0.0 2 1
2197.0 2225 2169 0.0 0 0 0.0 0.0 0.0 1 1
1959.4 2011 1921 0.6 1 0 0.000303209072504 0.000516262261229 0.0 4 1
2082.0 2082 2082 0.0 0 0 0.0 0.0 0.0 0 1
1898.16666667 1951 1799 0.5 1 0 0.000261914518113 0.000537056928034 0.0 5 1
2012.0 2019 2005 0.5 1 0 0.000247524752475 0.00049504950495 0.0 1 1
1958.95454545 2106 1709 3.09090909091 9 0 0.00156884561868 0.00436046511628 0.0 65 1
2144.0 2241 2015 1.0 2 0 0.000459280381085 0.00093153237075 0.0 3 1
1962.0 1962 1962 0.0 0 0 0.0 0.0 0.0 0 1
1964.375 2039 1906 0.625 2 0 0.000316798361607 0.00100908173562 0.0 7 1
2071.0 2071 2071 0.0 0 0 0.0 0.0 0.0 0 1
2060.0 2060 2060 0.0 0 0 0.0 0.0 0.0 0 1
2010.0 2010 2010 0.0 0 0 0.0 0.0 0.0 0 1
2175.0 2175 2175 0.0 0 0 0.0 0.0 0.0 0 1
1983.0 1983 1983 0.0 0 0 0.0 0.0 0.0 0 1
1964.5 2044 1899 0.625 2 0 0.000317761966386 0.0010157440325 0.0 7 1
2094.0 2094 2094 0.0 0 0 0.0 0.0 0.0 0 1
2131.5 2210 2088 1.0 2 0 0.00047075656649 0.000952380952381 0.0 5 1
2152.0 2203 2083 0.75 1 0 0.000344742009925 0.00046904315197 0.0 3 1
1993.5 2005 1982 0.5 1 0 0.00024925224327 0.00049850448654 0.0 1 1
2146.83333333 2232 2064 1.5 3 0 0.000691957415156 0.00138312586445 0.0 5 1
2014.0 2014 2014 0.0 0 0 0.0 0.0 0.0 0 1
2028.0 2028 2028 0.0 0 0 0.0 0.0 0.0 0 1
2140.0 2140 2140 0.0 0 0 0.0 0.0 0.0 0 1
2136.0 2136 2136 0.0 0 0 0.0 0.0 0.0 0 1
1919.5 1924 1915 0.5 1 0 0.00025974025974 0.000519480519481 0.0 1 1
2097.0 2097 2097 0.0 0 0 0.0 0.0 0.0 0 1
2014.0 2014 2014 0.0 0 0 0.0 0.0 0.0 0 1
2071.5 2086 2057 0.5 1 0 0.000239578342118 0.000479156684236 0.0 1 1
2071.6 2130 2015 1.0 2 0 0.000479953306978 0.000965717044906 0.0 4 1
2039.0 2082 1996 0.0 0 0 0.0 0.0 0.0 1 1
1971.33333333 2072 1869 1.0 3 0 0.000516132202076 0.00160256410256 0.0 5 1
1966.0 1966 1966 0.0 0 0 0.0 0.0 0.0 0 1
2109.0 2109 2109 0.0 0 0 0.0 0.0 0.0 0 1
2070.0 2070 2070 0.0 0 0 0.0 0.0 0.0 0 1
2249.0 2249 2249 0.0 0 0 0.0 0.0 0.0 0 1
1957.0 2001 1913 0.5 1 0 0.00024975024975 0.0004995004995 0.0 1 1
2193.5 2223 2164 0.0 0 0 0.0 0.0 0.0 1 1
2085.0 2085 2085 0.0 0 0 0.0 0.0 0.0 0 1
2157.0 2157 2157 0.0 0 0 0.0 0.0 0.0 0 1
2042.33333333 2057 2029 0.333333333333 1 0 0.000163238654913 0.00048971596474 0.0 2 1
2173.0 2173 2173 0.0 0 0 0.0 0.0 0.0 0 1
2096.88888889 2142 2026 1.44444444444 3 0 0.000685254210214 0.00141509433962 0.0 8 1
2033.0 2078 1986 0.666666666667 2 0 0.000320512820513 0.000961538461538 0.0 2 1
2062.0 2062 2062 0.0 0 0 0.0 0.0 0.0 0 1
2077.0 2077 2077 0.0 0 0 0.0 0.0 0.0 0 1
2058.5 2103 2014 0.5 1 0 0.000237642585551 0.000475285171103 0.0 1 1
1968.6 2016 1904 1.2 3 0 0.000606324116556 0.00150225338007 0.0 4 1
2025.0 2052 1997 1.0 2 0 0.00049140344499 0.000973709834469 0.0 2 1
2032.33333333 2048 2016 0.0 0 0 0.0 0.0 0.0 2 1
2031.2 2065 1979 0.6 2 0 0.000292446153346 0.000976085895559 0.0 4 1
2133.5 2140 2127 1.0 2 0 0.000469704086426 0.000939408172851 0.0 1 1
2088.22222222 2207 2002 1.33333333333 3 0 0.000630856107832 0.00137551581843 0.0 8 1
1991.0 2017 1965 0.5 1 0 0.000247770069376 0.000495540138751 0.0 1 1
2197.0 2197 2197 0.0 0 0 0.0 0.0 0.0 0 1
2033.25 2049 2015 1.25 2 0 0.000612273846127 0.000983284169125 0.0 3 1
2106.33333333 2188 2014 0.666666666667 1 0 0.000309657711397 0.000472143531634 0.0 2 1
2113.0 2144 2080 0.666666666667 1 0 0.000315579556329 0.000480538202787 0.0 2 1
2203.0 2203 2203 0.0 0 0 0.0 0.0 0.0 1 1
1873.0 1873 1873 0.0 0 0 0.0 0.0 0.0 0 1
1946.75 2001 1903 1.0 2 0 0.000508870764345 0.00099850224663 0.0 3 1
2318.0 2318 2318 0.0 0 0 0.0 0.0 0.0 0 1
1874.0 1874 1874 0.0 0 0 0.0 0.0 0.0 0 1
2096.0 2096 2096 0.0 0 0 0.0 0.0 0.0 0 1
2170.0 2170 2170 0.0 0 0 0.0 0.0 0.0 0 1
2099.0 2163 2070 0.5 1 0 0.000235603651402 0.000480307396734 0.0 3 1
2190.0 2190 2190 0.0 0 0 0.0 0.0 0.0 0 1
2079.0 2079 2079 0.0 0 0 0.0 0.0 0.0 0 1
1958.75 1992 1933 0.5 1 0 0.000251829329854 0.000505561172902 0.0 3 1
1942.5 1951 1934 0.5 1 0 0.000256147540984 0.000512295081967 0.0 1 1
1907.0 1907 1907 0.0 0 0 0.0 0.0 0.0 0 1
2109.0 2109 2109 0.0 0 0 0.0 0.0 0.0 0 1
1896.0 1912 1877 1.0 2 0 0.000527879739359 0.0010643959553 0.0 3 1
2172.0 2199 2145 1.5 3 0 0.000681198910082 0.00136239782016 0.0 1 1
1981.16363636 2269 1823 1.8 6 0 0.000921077817496 0.00315291644771 0.0 54 1
1941.0 1941 1941 0.0 0 0 0.0 0.0 0.0 0 1
1952.33333333 2015 1911 0.333333333333 1 0 0.000165343915344 0.000496031746032 0.0 2 1
2076.33333333 2127 2019 0.0 0 0 0.0 0.0 0.0 2 1
1860.51724138 2036 1673 1.72413793103 5 0 0.000933823726665 0.00275330396476 0.0 28 1
1912.0 1934 1896 0.0 0 0 0.0 0.0 0.0 2 1
2134.75 2180 2070 0.5 1 0 0.000232997530324 0.000473484848485 0.0 3 1
2086.75 2102 2066 1.0 2 0 0.000478379990766 0.000950570342205 0.0 3 1
2379.0 2379 2379 0.0 0 0 0.0 0.0 0.0 0 1
2057.42857143 2162 1955 1.0 2 0 0.00048187527669 0.000950570342205 0.0 6 1
2089.5 2130 2049 0.5 1 0 0.000234631628344 0.000469263256687 0.0 1 1
2083.0 2083 2083 0.0 0 0 0.0 0.0 0.0 0 1
1866.0 1898 1834 0.5 1 0 0.000263296471827 0.000526592943655 0.0 1 1
2084.0 2084 2084 0.0 0 0 0.0 0.0 0.0 0 1
2025.0 2040 2010 0.5 1 0 0.000244977951984 0.000489955903969 0.0 1 1
2145.8 2167 2121 1.0 2 0 0.000467747373906 0.000942063118229 0.0 4 1
1978.5 2070 1897 1.0 3 0 0.000490065408882 0.00144717800289 0.0 3 1
2068.0 2068 2068 0.0 0 0 0.0 0.0 0.0 0 1
1977.0 1977 1977 0.0 0 0 0.0 0.0 0.0 0 1
2028.0 2028 2028 0.0 0 0 0.0 0.0 0.0 0 1
2123.0 2125 2121 0.5 1 0 0.000235183443086 0.000470366886171 0.0 1 1
2196.2 2260 2144 2.0 6 0 0.000917839372057 0.00279069767442 0.0 4 1
2171.0 2171 2171 0.0 0 0 0.0 0.0 0.0 0 1
2229.0 2238 2220 1.0 2 0 0.0004500450045 0.000900090009001 0.0 1 1
2102.33333333 2150 2056 0.5 1 0 0.000239457473334 0.000486144871172 0.0 5 1
2136.5 2163 2110 0.5 1 0 0.000231053604436 0.000462107208872 0.0 1 1
2090.0 2120 2060 1.0 2 0 0.000484966052376 0.000969932104753 0.0 1 1
2022.0 2022 2022 0.0 0 0 0.0 0.0 0.0 0 1
2096.0 2096 2096 0.0 0 0 0.0 0.0 0.0 0 1
1943.5 2050 1876 0.0 0 0 0.0 0.0 0.0 5 1
