1958.0 1958 1958 0.0 0 0 0.0 0.0 0.0 0 1
2023.94736842 2148 1903 3.26315789474 7 0 0.00161250425636 0.00341463414634 0.0 18 1
1998.5 2020 1954 0.25 1 0 0.000124501992032 0.000498007968127 0.0 3 1
1163.34375 2168 735 91.625 353 0 0.0686282307075 0.265151515152 0.0 95 1
2090.0 2090 2090 0.0 0 0 0.0 0.0 0.0 0 1
1928.33333333 1944 1909 0.333333333333 1 0 0.000172443524746 0.000517330574237 0.0 2 1
2081.0 2081 2081 0.0 0 0 0.0 0.0 0.0 0 1
2204.0 2204 2204 0.0 0 0 0.0 0.0 0.0 0 1
1161.08247423 2085 772 90.9896907216 514 0 0.0676600669299 0.310949788264 0.0 96 1
1956.8 1985 1933 0.8 1 0 0.000409245756009 0.000517063081696 0.0 4 1
2063.2 2113 2035 1.6 3 0 0.000777082317908 0.00147203140334 0.0 4 1
2098.6 2160 2005 0.8 2 0 0.000372380824116 0.000925069380204 0.0 4 1
2106.66666667 2165 2044 0.333333333333 1 0 0.000153893505694 0.000461680517082 0.0 2 1
1874.33333333 2006 1755 1.2 3 0 0.000637086210059 0.00159151193634 0.0 14 1
1899.71875 2136 1754 24.0 71 0 0.0123829682019 0.0365414307771 0.0 31 1
1886.0 1898 1874 0.5 1 0 0.000266666666667 0.000533333333333 0.0 1 1
2173.84615385 2270 2103 1.23076923077 4 0 0.000555628419898 0.00175901495163 0.0 12 1
1714.7755102 2003 1565 17.5510204082 65 0 0.00979170555421 0.0341565948502 0.0 48 1
1970.375 2086 1914 1.0 3 0 0.000506538197561 0.0015392508979 0.0 7 1
1081.03333333 1918 763 147.416666667 445 0 0.109087461954 0.294897282969 0.0 59 1
2167.0 2167 2167 0.0 0 0 0.0 0.0 0.0 0 1
2028.375 2095 1970 1.75 3 0 0.000854774856568 0.0014917951268 0.0 7 1
2199.6 2272 2124 0.8 2 0 0.000361795660324 0.000911992704058 0.0 4 1
2205.0 2240 2170 0.5 1 0 0.000223114680946 0.000446229361892 0.0 1 1
2047.33333333 2071 2016 0.666666666667 1 0 0.000327389047828 0.000495785820526 0.0 2 1
2163.0 2188 2138 0.5 1 0 0.000228414801279 0.000456829602558 0.0 1 1
1285.56164384 2293 787 125.890410959 351 0 0.0850714446425 0.266393442623 0.0 72 1
1456.06976744 1891 1200 40.3023255814 164 0 0.0270748304351 0.115087719298 0.0 85 1
2050.66666667 2075 2029 0.666666666667 1 0 0.000324768801946 0.000492610837438 0.0 2 1
2272.0 2298 2246 0.5 1 0 0.000217485863419 0.000434971726838 0.0 1 1
2014.0 2089 1946 1.28571428571 2 0 0.000634757866198 0.000998003992016 0.0 6 1
1251.79761905 2073 852 97.4047619048 288 0 0.0708107196117 0.225528582616 0.0 83 1
2052.0 2068 2028 0.333333333333 1 0 0.000164284540825 0.000492853622474 0.0 2 1
1937.5 1964 1911 0.5 1 0 0.000261506276151 0.000523012552301 0.0 1 1
1842.5 1889 1814 0.75 2 0 0.000402151411718 0.00105764145955 0.0 3 1
2246.0 2246 2246 0.0 0 0 0.0 0.0 0.0 0 1
2158.5 2206 2052 1.0 3 0 0.000455117325787 0.00136736554239 0.0 3 1
2049.66666667 2113 2005 1.0 2 0 0.00048560157589 0.000983767830792 0.0 2 1
2049.0 2083 2015 1.33333333333 2 0 0.000644788898282 0.000975134080936 0.0 2 1
2150.0 2150 2150 0.0 0 0 0.0 0.0 0.0 0 1
1098.90909091 2096 781 104.670454545 336 0 0.0764487221211 0.216619981326 0.0 87 1
1924.0 1924 1924 0.0 0 0 0.0 0.0 0.0 0 1
2202.0 2202 2202 0.0 0 0 0.0 0.0 0.0 0 1
1958.0 1958 1958 0.0 0 0 0.0 0.0 0.0 0 1
1906.0 1924 1900 0.75 1 0 0.00039288959331 0.000526038926881 0.0 3 1
2037.5 2038 2037 0.5 1 0 0.000245218244237 0.000490436488475 0.0 1 1
1998.0 1998 1998 0.0 0 0 0.0 0.0 0.0 0 1
2011.25 2046 1988 0.75 1 0 0.000371583624662 0.000502765208648 0.0 3 1
1102.65 2049 734 105.94 360 0 0.0829845608813 0.255965292842 0.0 99 1
2027.0 2027 2027 0.0 0 0 0.0 0.0 0.0 0 1
1849.37209302 2272 1650 15.9302325581 57 0 0.00831226496616 0.0276162790698 0.0 42 1
2127.0 2127 2127 0.0 0 0 0.0 0.0 0.0 0 1
2116.5 2164 2067 0.5 1 0 0.000236061822457 0.000478697941599 0.0 3 1
1529.87401575 2094 1291 37.094488189 118 0 0.0227200225492 0.0714741544352 0.0 126 1
2246.0 2291 2191 0.666666666667 1 0 0.000293122063786 0.000443066016837 0.0 2 1
2096.4 2128 2063 1.4 2 0 0.000666880536893 0.000968523002421 0.0 4 1
2060.5 2082 2039 0.5 1 0 0.000240038406145 0.00048007681229 0.0 1 1
2186.0 2206 2171 0.5 1 0 0.000228886779366 0.000458926112896 0.0 3 1
2144.42857143 2212 2089 0.714285714286 1 0 0.000332739715894 0.000478468899522 0.0 6 1
2060.0 2173 1993 0.75 1 0 0.000360334026475 0.000490918016691 0.0 3 1
1977.0 1977 1977 0.0 0 0 0.0 0.0 0.0 0 1
1315.2173913 2039 987 102.782608696 250 0 0.0701246422064 0.153562653563 0.0 68 1
2090.0 2090 2090 0.0 0 0 0.0 0.0 0.0 0 1
2099.0 2099 2099 0.0 0 0 0.0 0.0 0.0 0 1
2191.0 2216 2166 0.5 1 0 0.000225529995489 0.000451059990979 0.0 1 1
2098.0 2098 2098 0.0 0 0 0.0 0.0 0.0 0 1
1327.10227273 1982 708 90.8295454545 400 0 0.068299252865 0.263449367089 0.0 87 1
2187.0 2187 2187 0.0 0 0 0.0 0.0 0.0 0 1
2147.0 2147 2147 0.0 0 0 0.0 0.0 0.0 0 1
2114.0 2114 2114 0.0 0 0 0.0 0.0 0.0 0 1
2169.0 2169 2169 0.0 0 0 0.0 0.0 0.0 0 1
2000.5 2037 1964 0.0 0 0 0.0 0.0 0.0 1 1
2071.0 2071 2071 0.0 0 0 0.0 0.0 0.0 0 1
1987.0 1987 1987 0.0 0 0 0.0 0.0 0.0 0 1
1608.06521739 2042 1381 37.3152173913 132 0 0.0220376048661 0.0802919708029 0.0 91 1
1869.33333333 1892 1835 0.333333333333 1 0 0.000181554103123 0.000544662309368 0.0 2 1
2121.0 2121 2121 0.0 0 0 0.0 0.0 0.0 0 1
1607.08196721 2114 1383 57.0163934426 205 0 0.0317733409101 0.106199770379 0.0 60 1
2025.0 2025 2025 0.0 0 0 0.0 0.0 0.0 0 1
1202.59482759 2044 867 93.3362068966 357 0 0.0652647658656 0.235016835017 0.0 115 1
1583.14814815 1911 1402 17.3703703704 61 0 0.0107446760373 0.0365707434053 0.0 26 1
2081.0 2081 2081 0.0 0 0 0.0 0.0 0.0 0 1
1983.0 2008 1958 0.0 0 0 0.0 0.0 0.0 1 1
1983.0 1984 1982 0.5 1 0 0.000251889168766 0.000503778337531 0.0 1 1
1859.0 1859 1859 0.0 0 0 0.0 0.0 0.0 0 1
1232.28301887 2184 801 156.188679245 466 0 0.111000228254 0.30497382199 0.0 52 1
2062.0 2062 2062 0.0 0 0 0.0 0.0 0.0 0 1
2064.5 2095 2034 0.0 0 0 0.0 0.0 0.0 1 1
2007.0 2072 1952 0.666666666667 1 0 0.000327631056044 0.000500500500501 0.0 2 1
2037.5 2038 2037 0.0 0 0 0.0 0.0 0.0 1 1
2075.66666667 2096 2040 1.0 2 0 0.000477479298155 0.000955566172957 0.0 2 1
2053.2 2159 2000 0.6 1 0 0.000289077149953 0.000496277915633 0.0 4 1
849.714285714 2192 387 132.133333333 598 0 0.113629040814 0.321929332586 0.0 104 1
2087.0 2087 2087 0.0 0 0 0.0 0.0 0.0 0 1
1944.0 1944 1944 0.0 0 0 0.0 0.0 0.0 0 1
1200.10526316 2175 812 124.526315789 452 0 0.0802066482094 0.254346426272 0.0 75 1
1814.4 1910 1776 0.2 1 0 0.000112549240293 0.000562746201463 0.0 4 1
1960.0 1960 1960 0.0 0 0 0.0 0.0 0.0 0 1
1143.42857143 2024 824 96.8461538462 269 0 0.0741818012349 0.209828393136 0.0 90 1
2072.0 2072 2072 0.0 0 0 0.0 0.0 0.0 0 1
2151.0 2243 2117 0.4 1 0 0.000183288518284 0.000470809792844 0.0 4 1
2217.66666667 2229 2201 1.0 2 0 0.000449102299256 0.000898876404494 0.0 2 1
1614.08 1869 1372 45.24 174 0 0.0272223607941 0.107011070111 0.0 74 1
2016.6 2059 1936 1.0 2 0 0.000492505162854 0.000970402717128 0.0 4 1
2021.33333333 2058 1983 0.666666666667 2 0 0.000326772288171 0.000986679822398 0.0 5 1
2145.0 2171 2131 0.333333333333 1 0 0.000156201187129 0.000468603561387 0.0 2 1
2031.66666667 2061 1995 1.0 2 0 0.000493637937315 0.000979911807937 0.0 2 1
2012.0 2012 2012 0.0 0 0 0.0 0.0 0.0 0 1
2252.0 2252 2252 0.0 0 0 0.0 0.0 0.0 0 1
2094.0 2117 2071 0.5 1 0 0.000241312741313 0.000482625482625 0.0 1 1
2096.83333333 2152 2052 1.33333333333 3 0 0.0006301525905 0.00141509433962 0.0 5 1
2079.75 2092 2059 1.5 3 0 0.000718563902808 0.00143815915628 0.0 3 1
1751.66037736 2138 1563 20.5283018868 92 0 0.0113719082404 0.0511964385086 0.0 52 1
2161.125 2255 2078 1.5 3 0 0.000689894286729 0.00139275766017 0.0 7 1
1941.25 1980 1914 1.0 2 0 0.000515011655132 0.00103305785124 0.0 3 1
2126.8 2155 2093 0.4 1 0 0.000189984295053 0.000477554918816 0.0 4 1
1180.35042735 2115 747 72.264957265 321 0 0.0551866917996 0.230601885424 0.0 116 1
1922.79591837 2204 1761 19.8367346939 72 0 0.0101146772527 0.0356083086053 0.0 48 1
2115.0 2115 2115 0.0 0 0 0.0 0.0 0.0 0 1
951.647727273 2074 424 129.488636364 394 0 0.120454029994 0.370149253731 0.0 87 1
1507.77108434 2045 1269 41.7831325301 158 0 0.0251700853049 0.0843714609287 0.0 82 1
1855.0 1855 1855 0.0 0 0 0.0 0.0 0.0 0 1
2063.0 2100 2026 0.0 0 0 0.0 0.0 0.0 1 1
2313.0 2313 2313 0.0 0 0 0.0 0.0 0.0 0 1
1632.00900901 2149 1383 39.1081081081 144 0 0.0226214963194 0.078961899503 0.0 110 1
2032.33333333 2050 2018 0.666666666667 1 0 0.000327620580272 0.000495294700347 0.0 2 1
2113.0 2113 2113 0.0 0 0 0.0 0.0 0.0 0 1
1634.82539683 2202 1386 54.3492063492 166 0 0.0306769153208 0.0849300880373 0.0 62 1
2072.11111111 2177 2039 0.888888888889 2 0 0.000425279999363 0.000972762645914 0.0 8 1
2038.0 2046 2030 0.5 1 0 0.000244259892526 0.000488519785051 0.0 1 1
1094.73504274 2175 783 87.905982906 551 0 0.0610451401551 0.326309452137 0.0 116 1
2051.0 2051 2051 0.0 0 0 0.0 0.0 0.0 0 1
1952.4 1973 1926 1.2 3 0 0.000610863386755 0.00153609831029 0.0 4 1
2027.66666667 2033 2018 0.0 0 0 0.0 0.0 0.0 2 1
1120.74285714 2231 528 88.5642857143 297 0 0.0833825659632 0.342956120092 0.0 139 1
1465.01538462 1958 1265 49.4615384615 128 0 0.0314605527114 0.079012345679 0.0 64 1
2221.0 2221 2221 0.0 0 0 0.0 0.0 0.0 0 1
1964.0 2005 1923 0.666666666667 1 0 0.000342885457389 0.000519750519751 0.0 2 1
1926.0 1945 1907 1.0 2 0 0.000513610683102 0.0010272213662 0.0 1 1
2120.0 2152 2088 0.0 0 0 0.0 0.0 0.0 1 1
2020.0 2020 2020 0.0 0 0 0.0 0.0 0.0 0 1
2030.0 2030 2030 0.0 0 0 0.0 0.0 0.0 0 1
1957.7 2027 1872 2.9 9 0 0.00147321926215 0.00455927051672 0.0 19 1
2079.0 2144 2014 0.5 1 0 0.0002331002331 0.0004662004662 0.0 1 1
2117.0 2117 2117 0.0 0 0 0.0 0.0 0.0 0 1
1965.0 1965 1965 0.0 0 0 0.0 0.0 0.0 0 1
2124.5 2139 2110 0.0 0 0 0.0 0.0 0.0 1 1
2218.0 2264 2172 0.5 1 0 0.000220750551876 0.000441501103753 0.0 1 1
1843.0 1843 1843 0.0 0 0 0.0 0.0 0.0 0 1
1160.26666667 1990 878 64.6296296296 234 0 0.0479838588318 0.178489702517 0.0 134 1
2088.0 2088 2088 0.0 0 0 0.0 0.0 0.0 0 1
1177.68571429 2044 541 115.876190476 413 0 0.0966060116295 0.372072072072 0.0 104 1
1969.25 2011 1938 0.75 1 0 0.000378707992467 0.000509683995923 0.0 3 1
1302.92647059 2305 793 119.382352941 450 0 0.0850504601921 0.274409700064 0.0 67 1
2171.0 2220 2122 0.0 0 0 0.0 0.0 0.0 1 1
1965.0 2025 1928 1.0 2 0 0.000509197005664 0.00103305785124 0.0 6 1
1116.125 2154 713 98.25 309 0 0.0727839055624 0.183817753339 0.0 87 1
1887.13333333 2187 1700 16.4333333333 41 0 0.0083818297425 0.0203549060543 0.0 29 1
1213.21518987 2009 792 96.1139240506 335 0 0.0739372171786 0.264883520276 0.0 78 1
1117.78082192 2074 754 130.273972603 371 0 0.092723701233 0.238924050633 0.0 72 1
1799.51515152 1958 1695 18.6060606061 45 0 0.0102831795313 0.0249433106576 0.0 32 1
1909.33333333 1953 1859 0.333333333333 1 0 0.000173882802991 0.000521648408972 0.0 2 1
1566.09574468 2103 1307 30.9042553191 130 0 0.0200515448417 0.0844155844156 0.0 93 1
1822.16 2273 1573 19.3 72 0 0.0102547933919 0.0373134328358 0.0 49 1
1945.0 1945 1945 0.0 0 0 0.0 0.0 0.0 0 1
1552.01449275 2178 1208 54.231884058 123 0 0.0323187933168 0.0670103092784 0.0 68 1
2050.0 2052 2048 0.5 1 0 0.00024402147389 0.000488042947779 0.0 1 1
1263.59701493 2146 845 124.71641791 318 0 0.0897288840342 0.263245033113 0.0 66 1
1943.5 1968 1919 0.0 0 0 0.0 0.0 0.0 1 1
1903.0 1903 1903 0.0 0 0 0.0 0.0 0.0 0 1
2075.0 2075 2075 0.0 0 0 0.0 0.0 0.0 0 1
892.690909091 2171 437 106.3 318 0 0.101132099406 0.19593495935 0.0 109 1
1934.0 1934 1934 0.0 0 0 0.0 0.0 0.0 0 1
2128.0 2140 2116 0.0 0 0 0.0 0.0 0.0 1 1
2173.0 2173 2173 0.0 0 0 0.0 0.0 0.0 0 1
2135.33333333 2181 2108 0.666666666667 1 0 0.000310146224568 0.000472143531634 0.0 2 1
2030.5 2068 1993 0.5 1 0 0.000241662638956 0.000483325277912 0.0 1 1
1722.76744186 1889 1484 21.9534883721 75 0 0.0121598003697 0.0406504065041 0.0 42 1
2162.0 2162 2162 0.0 0 0 0.0 0.0 0.0 0 1
874.414201183 2152 450 87.3786982249 537 0 0.0848446985759 0.309708159619 0.0 168 1
2047.63636364 2143 1972 1.54545454545 4 0 0.000750235800291 0.0019436345967 0.0 10 1
2028.0 2028 2028 0.0 0 0 0.0 0.0 0.0 0 1
2011.8 2112 1910 0.2 1 0 9.46521533365e-05 0.000473260766682 0.0 4 1
2001.8 2056 1952 1.0 3 0 0.000488060427803 0.00145701796989 0.0 4 1
1991.0 2054 1928 0.5 1 0 0.000243309002433 0.000486618004866 0.0 1 1
2024.0 2024 2024 0.0 0 0 0.0 0.0 0.0 0 1
2213.0 2213 2213 0.0 0 0 0.0 0.0 0.0 0 1
1933.0 1933 1933 0.0 0 0 0.0 0.0 0.0 0 1
1200.88043478 2164 739 92.1956521739 252 0 0.0705876053091 0.212014134276 0.0 91 1
2108.0 2108 2108 0.0 0 0 0.0 0.0 0.0 0 1
2134.0 2134 2134 0.0 0 0 0.0 0.0 0.0 0 1
2131.0 2131 2131 0.0 0 0 0.0 0.0 0.0 0 1
2237.0 2259 2225 0.333333333333 1 0 0.000149745432764 0.000449236298293 0.0 2 1
1684.48684211 1971 1500 19.1447368421 114 0 0.0105911255521 0.0631578947368 0.0 75 1
1063.33333333 2003 690 143.783333333 431 0 0.106034917931 0.269081500647 0.0 59 1
2014.0 2033 1995 0.5 1 0 0.000245821042281 0.000491642084562 0.0 1 1
1002.42352941 2236 635 115.235294118 382 0 0.0938741018387 0.280675973549 0.0 84 1
2070.5 2111 2030 0.5 1 0 0.000236742424242 0.000473484848485 0.0 1 1
1903.55 2248 1671 37.225 116 0 0.0187891694163 0.0558882235529 0.0 39 1
2064.75 2085 2041 0.0 0 0 0.0 0.0 0.0 3 1
2179.0 2179 2179 0.0 0 0 0.0 0.0 0.0 0 1
2023.5 2030 2017 0.0 0 0 0.0 0.0 0.0 1 1
2050.5 2071 2030 0.0 0 0 0.0 0.0 0.0 1 1
2099.0 2099 2099 0.0 0 0 0.0 0.0 0.0 0 1
2065.0 2065 2065 0.0 0 0 0.0 0.0 0.0 0 1
1243.23943662 2256 736 128.422535211 331 0 0.0911994544356 0.211229946524 0.0 70 1
1987.66666667 2004 1961 1.0 2 0 0.000499584372402 0.001 0.0 2 1
1750.66666667 2053 1584 13.2549019608 41 0 0.00747876459185 0.0224780701754 0.0 50 1
2142.0 2204 2080 0.5 1 0 0.000240269101394 0.000480538202787 0.0 1 1
1149.47727273 2018 819 100.840909091 384 0 0.072218312924 0.23645320197 0.0 87 1
2250.0 2250 2250 0.0 0 0 0.0 0.0 0.0 0 1
1771.76595745 2036 1520 20.9574468085 103 0 0.0112224111282 0.0536737884315 0.0 46 1
1107.48051948 2190 739 141.415584416 341 0 0.105913358119 0.248542274052 0.0 76 1
1937.66666667 1949 1923 1.33333333333 2 0 0.000688025454812 0.00103896103896 0.0 2 1
1688.65517241 2121 1457 65.3275862069 182 0 0.0371248318905 0.101789709172 0.0 57 1
1203.98275862 2331 797 166.482758621 535 0 0.113121360744 0.318262938727 0.0 57 1
2063.0 2063 2063 0.0 0 0 0.0 0.0 0.0 0 1
2111.0 2111 2111 0.0 0 0 0.0 0.0 0.0 0 1
2039.0 2039 2039 0.0 0 0 0.0 0.0 0.0 0 1
2017.0 2017 2017 0.0 0 0 0.0 0.0 0.0 0 1
2056.0 2057 2055 0.5 1 0 0.000242954324587 0.000485908649174 0.0 1 1
1554.63636364 2042 1316 55.2878787879 135 0 0.0337561977788 0.0825183374083 0.0 65 1
2111.0 2111 2111 0.0 0 0 0.0 0.0 0.0 0 1
1895.08333333 1935 1844 0.583333333333 2 0 0.000310073058219 0.00108342361863 0.0 11 1
2252.0 2252 2252 0.0 0 0 0.0 0.0 0.0 0 1
2160.4 2196 2113 1.2 2 0 0.000553466106704 0.000924214417745 0.0 4 1
1794.81818182 1864 1723 0.818181818182 2 0 0.000460307219317 0.00114285714286 0.0 10 1
2156.2 2167 2142 0.2 1 0 9.28936367859e-05 0.000464468183929 0.0 4 1
2194.33333333 2243 2160 0.666666666667 1 0 0.000307084666751 0.000462748727441 0.0 2 1
1808.37142857 2117 1643 29.3142857143 76 0 0.0157702131048 0.0406199893105 0.0 34 1
2092.0 2122 2040 0.0 0 0 0.0 0.0 0.0 2 1
2015.0 2015 2015 0.0 0 0 0.0 0.0 0.0 0 1
1765.66666667 2027 1523 42.3333333333 98 0 0.0230535953032 0.0515789473684 0.0 50 1
1171.37878788 2248 812 118.681818182 365 0 0.083974924389 0.241784037559 0.0 65 1
1729.2037037 2124 1541 32.7037037037 141 0 0.0175471413452 0.0699751861042 0.0 53 1
1846.45 1936 1736 10.25 33 0 0.00548351673259 0.0173684210526 0.0 19 1
2100.0 2100 2100 0.0 0 0 0.0 0.0 0.0 0 1
997.993055556 2113 695 75.5694444444 424 0 0.0583179213982 0.275787965616 0.0 143 1
983.260869565 2057 395 110.6 459 0 0.102970443699 0.364600326264 0.0 114 1
2032.5 2090 1997 1.125 2 0 0.00055181692381 0.00099850224663 0.0 7 1
2082.0 2082 2082 0.0 0 0 0.0 0.0 0.0 0 1
2120.0 2120 2120 0.0 0 0 0.0 0.0 0.0 0 1
2009.0 2009 2009 0.0 0 0 0.0 0.0 0.0 0 1
1751.1875 2061 1538 37.4791666667 120 0 0.0205859968187 0.0644468313641 0.0 47 1
2079.5 2101 2058 0.0 0 0 0.0 0.0 0.0 1 1
2083.0 2083 2083 0.0 0 0 0.0 0.0 0.0 0 1
1979.0 2041 1939 0.0 0 0 0.0 0.0 0.0 2 1
1137.4 2131 692 107.04 316 0 0.0868074849048 0.205461638492 0.0 99 1
1919.33333333 1963 1867 1.22222222222 3 0 0.000635784301148 0.00153846153846 0.0 8 1
2180.0 2188 2172 0.0 0 0 0.0 0.0 0.0 1 1
1143.88311688 2243 748 95.2207792208 301 0 0.065615223025 0.216814159292 0.0 76 1
2017.0 2059 1975 0.5 1 0 0.000253036437247 0.000506072874494 0.0 1 1
2037.0 2045 2029 0.5 1 0 0.000246305418719 0.000492610837438 0.0 1 1
2009.66666667 2047 1948 0.333333333333 1 0 0.0001638001638 0.0004914004914 0.0 2 1
2127.0 2152 2102 0.0 0 0 0.0 0.0 0.0 1 1
2067.0 2125 2009 0.5 1 0 0.000235183443086 0.000470366886171 0.0 1 1
2050.0 2078 2022 0.5 1 0 0.000247157686604 0.000494315373208 0.0 1 1
1957.36363636 2142 1778 0.454545454545 3 0 0.000219608949381 0.0014800197336 0.0 10 1
1989.0 2029 1949 0.0 0 0 0.0 0.0 0.0 1 1
2108.0 2108 2108 0.0 0 0 0.0 0.0 0.0 0 1
983.825 2068 615 122.925 333 0 0.100391733004 0.300678952473 0.0 79 1
1130.25 1942 789 139.161764706 302 0 0.104494064885 0.230710466005 0.0 67 1
2203.0 2203 2203 0.0 0 0 0.0 0.0 0.0 0 1
1147.46052632 2168 794 110.565789474 411 0 0.0819366931952 0.289436619718 0.0 75 1
2155.0 2155 2155 0.0 0 0 0.0 0.0 0.0 0 1
1968.0 1968 1968 0.0 0 0 0.0 0.0 0.0 0 1
2112.0 2149 2063 0.75 1 0 0.00035223963863 0.000472366556448 0.0 3 1
2178.5 2190 2167 0.0 0 0 0.0 0.0 0.0 1 1
1087.03529412 2189 790 95.5176470588 460 0 0.0682471810461 0.277610138805 0.0 84 1
1983.4 2036 1870 1.0 2 0 0.000506810458627 0.00101677681749 0.0 4 1
1775.71052632 2020 1605 39.0 110 0 0.0214637825285 0.0586607636967 0.0 37 1
2113.0 2113 2113 0.0 0 0 0.0 0.0 0.0 0 1
2185.0 2185 2185 0.0 0 0 0.0 0.0 0.0 0 1
2017.15384615 2204 1916 8.15384615385 18 0 0.00402292833963 0.00860420650096 0.0 12 1
1874.4 1928 1806 1.4 3 0 0.000737119480472 0.00158144438587 0.0 4 1
1747.25806452 2173 1411 28.5483870968 149 0 0.014572648402 0.0724355858046 0.0 61 1
1495.98387097 2034 1163 52.0161290323 157 0 0.0310828753961 0.0915071770335 0.0 61 1
2199.0 2199 2199 0.0 0 0 0.0 0.0 0.0 0 1
2125.5 2152 2099 0.5 1 0 0.000232234091965 0.000464468183929 0.0 1 1
2044.5 2078 1996 0.25 1 0 0.000123213405619 0.000492853622474 0.0 3 1
2065.0 2065 2065 0.0 0 0 0.0 0.0 0.0 0 1
2055.6 2109 1990 1.2 2 0 0.000577711074457 0.000970873786408 0.0 4 1
1630.17741935 2246 1302 70.1290322581 170 0 0.0381057143719 0.0910551687199 0.0 61 1
1867.0 1874 1860 0.0 0 0 0.0 0.0 0.0 1 1
1998.25 2065 1954 1.25 2 0 0.000622682153305 0.00101163378857 0.0 3 1
2130.33333333 2195 2097 0.0 0 0 0.0 0.0 0.0 2 1
2034.0 2034 2034 0.0 0 0 0.0 0.0 0.0 0 1
1530.640625 2129 1294 62.296875 169 0 0.037248781286 0.101501501502 0.0 63 1
2151.5 2189 2114 0.5 1 0 0.000236406619385 0.000472813238771 0.0 1 1
2075.5 2127 2032 1.0 3 0 0.0004894401171 0.0014742014742 0.0 3 1
2105.0 2105 2105 0.0 0 0 0.0 0.0 0.0 0 1
1864.59375 1995 1717 4.90625 24 0 0.00260398435296 0.0126116657909 0.0 31 1
2142.0 2142 2142 0.0 0 0 0.0 0.0 0.0 0 1
2109.0 2109 2109 0.0 0 0 0.0 0.0 0.0 0 1
1529.91666667 2081 1254 34.2424242424 142 0 0.0205122395836 0.0702274975272 0.0 131 1
2069.0 2069 2069 0.0 0 0 0.0 0.0 0.0 0 1
2022.33333333 2072 1905 0.333333333333 1 0 0.000161069962192 0.000484027105518 0.0 5 1
1465.51315789 2014 1268 45.6842105263 202 0 0.0276654088883 0.117001828154 0.0 75 1
1851.31578947 2025 1736 6.73684210526 14 0 0.0036574412688 0.00712105798576 0.0 18 1
2122.66666667 2177 2089 0.666666666667 1 0 0.000311549332429 0.000475511174513 0.0 2 1
2169.6 2225 2133 0.4 2 0 0.00018630647415 0.00093153237075 0.0 4 1
1080.71794872 2085 433 106.145299145 310 0 0.10109827526 0.365883807169 0.0 116 1
1601.6 2036 1356 60.1 136 0 0.0349203656109 0.0793002915452 0.0 49 1
1943.63636364 2027 1866 1.45454545455 4 0 0.000743024238265 0.00206291903043 0.0 10 1
1075.5 2127 631 117.807692308 513 0 0.0908098354496 0.321428571429 0.0 77 1
1071.95901639 2052 834 66.4016393443 267 0 0.0529351088233 0.18108974359 0.0 121 1
1887.0 1909 1858 0.666666666667 2 0 0.000351617440225 0.00105485232068 0.0 2 1
1993.57142857 2081 1899 0.714285714286 2 0 0.000363358338773 0.00105207785376 0.0 6 1
2047.0 2065 2029 0.0 0 0 0.0 0.0 0.0 1 1
2104.0 2104 2104 0.0 0 0 0.0 0.0 0.0 0 1
2083.0 2128 2042 0.777777777778 3 0 0.000374714588638 0.00144717800289 0.0 8 1
1977.5 2119 1878 1.875 5 0 0.000949160131157 0.00257466529351 0.0 7 1
1282.75268817 2194 853 85.4623655914 231 0 0.0608234009457 0.175409836066 0.0 92 1
1919.0 1919 1919 0.0 0 0 0.0 0.0 0.0 0 1
1921.0 1921 1921 0.0 0 0 0.0 0.0 0.0 0 1
2219.0 2219 2219 0.0 0 0 0.0 0.0 0.0 0 1
2040.0 2040 2040 0.0 0 0 0.0 0.0 0.0 0 1
1814.14285714 2068 1668 5.78571428571 17 0 0.00309699954703 0.0087358684481 0.0 27 1
1520.09411765 2124 1291 37.1529411765 136 0 0.0219077387843 0.0795787009947 0.0 84 1
1970.0 1970 1970 0.0 0 0 0.0 0.0 0.0 0 1
2002.5 2044 1961 0.0 0 0 0.0 0.0 0.0 1 1
1565.04938272 2091 1334 45.3209876543 159 0 0.0275031732181 0.0969962453066 0.0 80 1
2026.44444444 2080 1986 0.888888888889 2 0 0.000439449402255 0.000998003992016 0.0 8 1
2251.66666667 2278 2209 0.0 0 0 0.0 0.0 0.0 2 1
2172.0 2172 2172 0.0 0 0 0.0 0.0 0.0 0 1
1643.640625 2099 1404 47.0625 129 0 0.0267934165938 0.0743944636678 0.0 63 1
1746.82758621 2218 1398 65.4655172414 182 0 0.0364313817465 0.106557377049 0.0 57 1
2095.0 2119 2071 0.5 1 0 0.000235849056604 0.000471698113208 0.0 1 1
2200.0 2200 2200 0.0 0 0 0.0 0.0 0.0 0 1
2109.75 2145 2063 0.25 1 0 0.000117426021606 0.000469704086426 0.0 3 1
2125.66666667 2164 2093 0.666666666667 1 0 0.000316343545939 0.000477554918816 0.0 2 1
2039.0 2039 2039 0.0 0 0 0.0 0.0 0.0 0 1
1961.0 1961 1961 0.0 0 0 0.0 0.0 0.0 0 1
2078.66666667 2093 2071 1.33333333333 3 0 0.000642957633023 0.00144648023144 0.0 2 1
2084.6 2129 1997 1.2 2 0 0.000568562029056 0.000951474785918 0.0 4 1
2138.42857143 2166 2065 2.0 5 0 0.000935552174827 0.00230308613542 0.0 6 1
1895.0 1933 1854 1.33333333333 3 0 0.000692059906838 0.00154958677686 0.0 2 1
1967.0 1967 1967 0.0 0 0 0.0 0.0 0.0 0 1
2169.75 2208 2145 0.0 0 0 0.0 0.0 0.0 3 1
1863.0 1863 1863 0.0 0 0 0.0 0.0 0.0 0 1
2089.4 2144 1989 0.6 2 0 0.00028277883201 0.000931966449208 0.0 4 1
1912.0 2159 1740 38.7 113 0 0.0192932333577 0.0531514581373 0.0 29 1
2013.66666667 2069 1953 0.666666666667 2 0 0.000321905681635 0.000965717044906 0.0 2 1
2024.0 2024 2024 0.0 0 0 0.0 0.0 0.0 0 1
2144.0 2144 2144 0.0 0 0 0.0 0.0 0.0 0 1
2128.0 2128 2128 0.0 0 0 0.0 0.0 0.0 0 1
1986.5 2035 1938 0.5 1 0 0.000257864878804 0.000515729757607 0.0 1 1
1643.03508772 2312 1341 53.7192982456 196 0 0.0307335063686 0.106986899563 0.0 56 1
2144.75 2282 2098 1.75 4 0 0.000813714123883 0.00185185185185 0.0 7 1
1833.0 1891 1723 0.75 1 0 0.000401027203048 0.000546746856206 0.0 3 1
2187.04545455 2299 1972 2.63636363636 6 0 0.00119778890433 0.00277777777778 0.0 21 1
2010.0 2010 2010 0.0 0 0 0.0 0.0 0.0 0 1
2057.0 2086 2028 0.5 1 0 0.000239578342118 0.000479156684236 0.0 1 1
2083.0 2083 2083 0.0 0 0 0.0 0.0 0.0 0 1
2144.0 2144 2144 0.0 0 0 0.0 0.0 0.0 0 1
2130.0 2130 2130 0.0 0 0 0.0 0.0 0.0 0 1
2181.6 2275 2085 0.4 1 0 0.000181998046325 0.000462962962963 0.0 4 1
1890.05555556 2004 1748 21.0277777778 69 0 0.0111135811899 0.0358814352574 0.0 35 1
2050.33333333 2126 1969 1.0 2 0 0.000475331498411 0.00093984962406 0.0 2 1
2023.0 2027 2019 0.0 0 0 0.0 0.0 0.0 1 1
1877.0 1922 1787 0.0 0 0 0.0 0.0 0.0 2 1
2051.33333333 2163 2014 1.0 2 0 0.00048802955608 0.000992063492063 0.0 5 1
2138.4 2173 2102 2.2 4 0 0.0010199574527 0.00184928340268 0.0 4 1
2270.0 2270 2270 0.0 0 0 0.0 0.0 0.0 0 1
1982.5 2014 1951 0.5 1 0 0.000248138957816 0.000496277915633 0.0 1 1
1192.72072072 1957 869 77.7477477477 280 0 0.0554829353961 0.192150449714 0.0 110 1
2172.0 2176 2168 0.5 1 0 0.000229673863114 0.000459347726229 0.0 1 1
1755.89041096 2105 1495 22.6438356164 83 0 0.0123230657655 0.0441489361702 0.0 72 1
1578.16666667 2210 1254 60.5740740741 138 0 0.036460937418 0.0787878787879 0.0 53 1
1954.2 1986 1931 1.0 2 0 0.000509096186335 0.0010060362173 0.0 4 1
2068.0 2068 2068 0.0 0 0 0.0 0.0 0.0 0 1
1981.0 1981 1981 0.0 0 0 0.0 0.0 0.0 0 1
2108.0 2114 2102 0.0 0 0 0.0 0.0 0.0 1 1
1126.65333333 2099 699 121.786666667 313 0 0.0888502913681 0.224794622853 0.0 74 1
998.093333333 2025 717 113.0 448 0 0.085250750141 0.272838002436 0.0 74 1
2100.0 2100 2100 0.0 0 0 0.0 0.0 0.0 0 1
2092.66666667 2139 2059 0.888888888889 2 0 0.000422230344776 0.000970402717128 0.0 8 1
1175.74683544 2101 772 106.126582278 364 0 0.0753753512982 0.243315508021 0.0 78 1
1182.72857143 2135 791 122.042857143 470 0 0.0866823177296 0.297280202404 0.0 69 1
2016.0 2070 1955 0.333333333333 1 0 0.000164690382082 0.000494071146245 0.0 2 1
1988.66666667 2022 1926 0.666666666667 1 0 0.000338078686658 0.000518941359626 0.0 2 1
941.270114943 1985 650 51.5344827586 274 0 0.0441718258246 0.175641025641 0.0 173 1
2069.11111111 2164 1996 0.222222222222 2 0 0.000109307536755 0.000983767830792 0.0 8 1
2141.0 2141 2141 0.0 0 0 0.0 0.0 0.0 0 1
2146.0 2146 2146 0.0 0 0 0.0 0.0 0.0 0 1
1996.28571429 2041 1921 0.714285714286 3 0 0.000350418863814 0.00146771037182 0.0 6 1
1628.6 2068 1321 43.85 128 0 0.0265473662961 0.0817369093231 0.0 59 1
1949.71875 2148 1820 19.84375 56 0 0.00992841612897 0.0286885245902 0.0 31 1
2078.0 2078 2078 0.0 0 0 0.0 0.0 0.0 0 1
2263.0 2263 2263 0.0 0 0 0.0 0.0 0.0 0 1
2134.25 2170 2099 0.5 2 0 0.000230202578269 0.000920810313076 0.0 3 1
2042.75 2079 1961 0.75 1 0 0.000362156157251 0.000486854917235 0.0 3 1
2256.0 2256 2256 0.0 0 0 0.0 0.0 0.0 0 1
2051.4 2078 2024 1.0 2 0 0.000488032297051 0.000978952520803 0.0 4 1
1600.84883721 2125 1371 46.2325581395 158 0 0.0260758806972 0.092886537331 0.0 85 1
2149.8 2244 2064 0.4 1 0 0.000185518875117 0.000482160077146 0.0 4 1
1739.69230769 2118 1404 50.1538461538 118 0 0.0276101216123 0.06104500776 0.0 51 1
1969.0 1969 1969 0.0 0 0 0.0 0.0 0.0 0 1
1947.0 1947 1947 0.0 0 0 0.0 0.0 0.0 0 1
2110.0 2110 2110 0.0 0 0 0.0 0.0 0.0 0 1
2158.5 2208 2026 1.125 2 0 0.000513687930346 0.000925069380204 0.0 7 1
1063.67073171 1950 668 95.3658536585 323 0 0.0704463973467 0.17934480844 0.0 81 1
2122.3 2176 2062 0.3 2 0 0.000141269793948 0.000945626477541 0.0 9 1
2160.66666667 2228 2099 1.0 2 0 0.000453560959647 0.000896860986547 0.0 2 1
2117.33333333 2185 2058 1.0 2 0 0.000477696980601 0.000947418285173 0.0 2 1
1589.65333333 1976 1302 46.56 120 0 0.0283630822963 0.0739371534196 0.0 74 1
2157.0 2228 2086 0.5 1 0 0.000224315836698 0.000448631673396 0.0 1 1
1600.22058824 2062 1307 53.6323529412 180 0 0.030239141821 0.10283073368 0.0 67 1
1657.70175439 2169 1460 66.7719298246 206 0 0.0378942325637 0.114635503617 0.0 56 1
2175.0 2175 2175 0.0 0 0 0.0 0.0 0.0 0 1
2251.0 2251 2251 0.0 0 0 0.0 0.0 0.0 0 1
1924.22916667 2245 1666 31.875 110 0 0.0162400580382 0.0554156171285 0.0 47 1
2131.0 2131 2131 0.0 0 0 0.0 0.0 0.0 0 1
2192.0 2192 2192 0.0 0 0 0.0 0.0 0.0 0 1
2026.0 2026 2026 0.0 0 0 0.0 0.0 0.0 0 1
1616.15 2280 1232 43.45 154 0 0.0244709594315 0.0856983861992 0.0 79 1
1638.71014493 2043 1345 51.6811594203 145 0 0.0302039314641 0.0824800910125 0.0 68 1
2228.0 2233 2223 1.0 2 0 0.000449438202247 0.000898876404494 0.0 1 1
1986.0 1986 1986 0.0 0 0 0.0 0.0 0.0 0 1
2221.33333333 2280 2190 0.666666666667 1 0 0.000297995024761 0.000455580865604 0.0 2 1
1231.65765766 2093 802 90.8288288288 252 0 0.0695085453932 0.181681681682 0.0 110 1
2007.0 2007 2007 0.0 0 0 0.0 0.0 0.0 0 1
2113.0 2113 2113 0.0 0 0 0.0 0.0 0.0 0 1
2105.33333333 2113 2095 0.666666666667 1 0 0.000317085868512 0.000477099236641 0.0 2 1
1226.05479452 2140 834 123.328767123 407 0 0.0798005558319 0.200711382114 0.0 72 1
2085.0 2085 2085 0.0 0 0 0.0 0.0 0.0 0 1
2196.0 2196 2196 0.0 0 0 0.0 0.0 0.0 0 1
1111.2972973 2155 759 117.5 414 0 0.0931976087724 0.285 0.0 73 1
2178.6 2220 2142 0.2 1 0 9.33271115259e-05 0.000466635557629 0.0 4 1
2146.25 2198 2120 0.75 1 0 0.000348652988504 0.000471475719 0.0 3 1
1919.17647059 2040 1783 2.23529411765 6 0 0.0011445193862 0.00294695481336 0.0 16 1
2142.0 2171 2113 0.0 0 0 0.0 0.0 0.0 1 1
2082.0 2082 2082 0.0 0 0 0.0 0.0 0.0 0 1
2031.0 2031 2031 0.0 0 0 0.0 0.0 0.0 0 1
2093.0 2093 2093 0.0 0 0 0.0 0.0 0.0 0 1
2026.33333333 2064 1987 0.666666666667 1 0 0.000329093203288 0.000503018108652 0.0 2 1
1972.5 2007 1938 0.5 1 0 0.000249003984064 0.000498007968127 0.0 1 1
2157.0 2157 2157 0.0 0 0 0.0 0.0 0.0 0 1
2152.0 2152 2152 0.0 0 0 0.0 0.0 0.0 0 1
2141.2 2200 2055 0.0 0 0 0.0 0.0 0.0 4 1
1995.75 2047 1965 1.25 3 0 0.000628991348692 0.0015015015015 0.0 3 1
2098.0 2098 2098 0.0 0 0 0.0 0.0 0.0 0 1
2060.0 2060 2060 0.0 0 0 0.0 0.0 0.0 0 1
2099.0 2099 2099 0.0 0 0 0.0 0.0 0.0 0 1
2035.0 2083 1987 0.5 1 0 0.000239923224568 0.000479846449136 0.0 1 1
2100.42857143 2186 2025 0.571428571429 1 0 0.000271447847663 0.000485908649174 0.0 6 1
2197.0 2197 2197 0.0 0 0 0.0 0.0 0.0 0 1
2166.0 2166 2166 0.0 0 0 0.0 0.0 0.0 0 1
2040.0 2040 2040 0.0 0 0 0.0 0.0 0.0 0 1
2121.66666667 2137 2096 0.666666666667 1 0 0.000312183367051 0.000468823253633 0.0 2 1
1973.42857143 2018 1907 2.0 4 0 0.00101903879629 0.00209314495029 0.0 6 1
2132.5 2140 2125 0.5 1 0 0.000233535730967 0.000467071461934 0.0 1 1
2003.0 2094 1916 2.35714285714 5 0 0.00118482591431 0.00253421186011 0.0 13 1
1645.56716418 2168 1381 54.4776119403 147 0 0.0307211461604 0.0855646100116 0.0 66 1
2167.0 2207 2127 1.0 2 0 0.000452693526483 0.000905387052965 0.0 1 1
1190.38983051 2116 812 142.779661017 396 0 0.0966853132468 0.24115755627 0.0 58 1
1933.0 1933 1933 0.0 0 0 0.0 0.0 0.0 0 1
1825.52777778 2134 1619 17.0277777778 73 0 0.00878395504452 0.0369620253165 0.0 71 1
1998.6 2050 1959 0.0 0 0 0.0 0.0 0.0 4 1
1029.7 2224 707 123.236363636 542 0 0.0942746263666 0.321470937129 0.0 109 1
1911.16666667 1939 1867 0.5 2 0 0.000259384926241 0.00103466114847 0.0 5 1
1926.77777778 1972 1856 0.666666666667 1 0 0.000344706957876 0.000526592943655 0.0 8 1
1095.77142857 2085 760 114.714285714 446 0 0.0814252565658 0.28438538206 0.0 69 1
1989.0 1995 1983 0.5 1 0 0.000250501002004 0.000501002004008 0.0 1 1
1937.33333333 2001 1869 0.666666666667 2 0 0.00033283408221 0.00099850224663 0.0 2 1
1140.14925373 1970 724 128.462686567 414 0 0.093425510614 0.282033426184 0.0 66 1
1790.03571429 2076 1568 18.8392857143 81 0 0.0102401983168 0.0421875 0.0 55 1
2166.0 2166 2166 0.0 0 0 0.0 0.0 0.0 0 1
2046.0 2046 2046 0.0 0 0 0.0 0.0 0.0 0 1
2070.14285714 2274 1908 2.21428571429 6 0 0.00107055440714 0.00293255131965 0.0 13 1
2118.33333333 2171 2084 0.0 0 0 0.0 0.0 0.0 2 1
2056.0 2101 2001 0.666666666667 1 0 0.000327764478708 0.0004995004995 0.0 2 1
2011.66666667 2059 1985 0.0 0 0 0.0 0.0 0.0 2 1
1660.83333333 2097 1344 56.1851851852 167 0 0.0319057596214 0.0921658986175 0.0 53 1
2082.6 2234 1939 1.0 2 0 0.000475285690597 0.000894454382826 0.0 9 1
1968.25 2040 1919 1.75 3 0 0.000886899850854 0.00156087408949 0.0 7 1
2049.0 2049 2049 0.0 0 0 0.0 0.0 0.0 0 1
2053.0 2053 2053 0.0 0 0 0.0 0.0 0.0 0 1
2232.0 2232 2232 0.0 0 0 0.0 0.0 0.0 0 1
1939.0 1939 1939 0.0 0 0 0.0 0.0 0.0 1 1
1929.0 1945 1913 0.5 1 0 0.000256937307297 0.000513874614594 0.0 1 1
2035.0 2035 2035 0.0 0 0 0.0 0.0 0.0 0 1
2055.5 2077 2034 0.5 1 0 0.000240615976901 0.000481231953802 0.0 1 1
1254.88095238 2174 788 103.738095238 422 0 0.073164695505 0.282520325203 0.0 83 1
2171.0 2171 2171 0.0 0 0 0.0 0.0 0.0 0 1
2081.0 2081 2081 0.0 0 0 0.0 0.0 0.0 0 1
2050.0 2050 2050 0.0 0 0 0.0 0.0 0.0 0 1
1984.66666667 2031 1944 0.0 0 0 0.0 0.0 0.0 2 1
1887.0 1887 1887 0.0 0 0 0.0 0.0 0.0 0 1
1966.5 2030 1910 0.75 1 0 0.000380367855835 0.000523286237572 0.0 3 1
2104.0 2104 2104 0.0 0 0 0.0 0.0 0.0 0 1
2177.0 2198 2156 0.0 0 0 0.0 0.0 0.0 1 1
1872.69565217 2230 1566 26.7608695652 106 0 0.0134155853618 0.0493482309125 0.0 45 1
2102.5 2132 2073 0.5 1 0 0.000241080038573 0.000482160077146 0.0 1 1
1867.0 1867 1867 0.0 0 0 0.0 0.0 0.0 0 1
2047.4 2103 1983 1.2 3 0 0.000589850065206 0.00151057401813 0.0 4 1
1900.0 1900 1900 0.0 0 0 0.0 0.0 0.0 0 1
2186.66666667 2229 2132 1.0 2 0 0.000452369455656 0.000908677873694 0.0 2 1
2287.0 2287 2287 0.0 0 0 0.0 0.0 0.0 0 1
1239.16129032 2057 773 140.048387097 471 0 0.0987652614652 0.277548615203 0.0 61 1
1204.1875 2083 839 121.46875 302 0 0.0877749239699 0.208707671044 0.0 63 1
1945.0 1953 1937 0.0 0 0 0.0 0.0 0.0 1 1
1859.25 1918 1804 0.5 1 0 0.000268780340638 0.000554016620499 0.0 3 1
1766.95 2076 1587 21.7 74 0 0.0118397379805 0.0382824624935 0.0 39 1
1870.6 1896 1849 0.4 1 0 0.000212553353631 0.000535618639529 0.0 4 1
1359.69402985 2126 633 75.5597014925 282 0 0.0610340621231 0.270373921381 0.0 133 1
1932.70833333 2118 1802 11.875 28 0 0.00602604581586 0.0137389597645 0.0 23 1
2157.5 2166 2149 0.0 0 0 0.0 0.0 0.0 1 1
2100.9 2303 1925 1.25 3 0 0.000589252863598 0.00132508833922 0.0 19 1
1903.5 1921 1886 0.5 1 0 0.000264970853206 0.000529941706412 0.0 1 1
1996.0 1996 1996 0.0 0 0 0.0 0.0 0.0 0 1
2250.0 2279 2221 0.0 0 0 0.0 0.0 0.0 2 1
2108.0 2108 2108 0.0 0 0 0.0 0.0 0.0 0 1
1872.64285714 1997 1722 18.2857142857 43 0 0.00960926054846 0.0222913426646 0.0 41 1
1063.28318584 2133 822 84.7079646018 364 0 0.0638501578458 0.258156028369 0.0 112 1
2254.0 2254 2254 0.0 0 0 0.0 0.0 0.0 0 1
2056.0 2056 2056 0.0 0 0 0.0 0.0 0.0 0 1
1053.76136364 2117 719 111.715909091 516 0 0.0811245773411 0.305122494432 0.0 87 1
1113.66906475 2100 804 72.5899280576 345 0 0.0534979228228 0.238420652999 0.0 138 1
2042.4 2135 1955 0.6 1 0 0.000291635296023 0.000501253132832 0.0 4 1
2114.0 2114 2114 0.0 0 0 0.0 0.0 0.0 0 1
1615.15384615 1944 1411 42.6153846154 104 0 0.0249370919199 0.0581683168317 0.0 64 1
2034.33333333 2084 1981 0.333333333333 1 0 0.000163478829492 0.000490436488475 0.0 2 1
1824.42105263 2020 1724 14.4736842105 45 0 0.00781402446761 0.0236220472441 0.0 18 1
2214.0 2214 2214 0.0 0 0 0.0 0.0 0.0 0 1
2017.0 2017 2017 0.0 0 0 0.0 0.0 0.0 0 1
2036.5 2079 1994 0.0 0 0 0.0 0.0 0.0 1 1
2024.0 2024 2024 0.0 0 0 0.0 0.0 0.0 0 1
2031.66666667 2069 2008 0.0 0 0 0.0 0.0 0.0 2 1
1980.0 2045 1895 1.7 3 0 0.000855019601619 0.00153374233129 0.0 9 1
1944.0 1944 1944 0.0 0 0 0.0 0.0 0.0 0 1
1960.66666667 1984 1917 0.666666666667 2 0 0.000336190956463 0.00100857286939 0.0 2 1
2066.0 2066 2066 0.0 0 0 0.0 0.0 0.0 0 1
1697.64 2077 1459 25.16 65 0 0.0141722149576 0.0354030501089 0.0 49 1
2033.5 2071 1996 0.5 1 0 0.000241312741313 0.000482625482625 0.0 1 1
2047.0 2047 2047 0.0 0 0 0.0 0.0 0.0 0 1
2114.0 2167 2069 0.4 1 0 0.000187853216964 0.000478011472275 0.0 4 1
2101.5 2113 2090 0.0 0 0 0.0 0.0 0.0 1 1
2007.8 2091 1923 0.8 1 0 0.000396706962728 0.000519750519751 0.0 4 1
1864.5 1889 1840 0.5 1 0 0.00026455026455 0.000529100529101 0.0 1 1
1879.36 2101 1639 16.02 73 0 0.0083540875424 0.0373401534527 0.0 49 1
1928.34210526 2163 1743 31.5263157895 119 0 0.0154160167815 0.0568019093079 0.0 37 1
1845.6 1901 1818 0.6 1 0 0.000324932757214 0.000549752611325 0.0 4 1
1976.0 1976 1976 0.0 0 0 0.0 0.0 0.0 0 1
1891.5 1895 1888 0.0 0 0 0.0 0.0 0.0 1 1
2093.0 2093 2093 0.0 0 0 0.0 0.0 0.0 0 1
2076.0 2076 2076 0.0 0 0 0.0 0.0 0.0 0 1
2054.33333333 2085 2032 1.0 2 0 0.000485316295142 0.0009765625 0.0 2 1
1917.4 1993 1832 0.6 2 0 0.000307019248961 0.00103359173127 0.0 4 1
1118.67123288 2130 807 128.616438356 443 0 0.0872109351664 0.279746835443 0.0 72 1
1990.0 1990 1990 0.0 0 0 0.0 0.0 0.0 0 1
1871.0 1902 1828 0.25 1 0 0.000134480923163 0.000546746856206 0.0 7 1
1086.55072464 2070 820 134.304347826 322 0 0.103655126166 0.213669542137 0.0 68 1
1944.0 1944 1944 0.0 0 0 0.0 0.0 0.0 0 1
2251.0 2251 2251 0.0 0 0 0.0 0.0 0.0 0 1
1962.0 1966 1958 0.5 1 0 0.000255232261358 0.000510464522716 0.0 1 1
996.568627451 2068 698 66.5620915033 254 0 0.0542074738996 0.181102362205 0.0 152 1
2028.0 2028 2028 0.0 0 0 0.0 0.0 0.0 0 1
1896.0 1896 1896 0.0 0 0 0.0 0.0 0.0 0 1
1246.1884058 2199 767 127.0 383 0 0.0852738478382 0.233252131547 0.0 68 1
2160.0 2160 2160 0.0 0 0 0.0 0.0 0.0 0 1
2147.0 2147 2147 0.0 0 0 0.0 0.0 0.0 0 1
2107.0 2107 2107 0.0 0 0 0.0 0.0 0.0 0 1
1600.69736842 2205 1260 46.1052631579 145 0 0.027061657946 0.0851438637698 0.0 75 1
1155.7826087 2092 808 136.289855072 363 0 0.0980382509883 0.255274261603 0.0 68 1
1497.88764045 2014 1268 34.595505618 113 0 0.0215989239652 0.0730918499353 0.0 88 1
2018.0 2018 2018 0.0 0 0 0.0 0.0 0.0 0 1
1877.93103448 2134 1725 9.89655172414 25 0 0.00519352440926 0.0132766861391 0.0 28 1
2152.0 2152 2152 0.0 0 0 0.0 0.0 0.0 0 1
1902.0 1967 1863 0.666666666667 1 0 0.000346965043971 0.000532765050613 0.0 2 1
2082.30769231 2228 1947 1.92307692308 5 0 0.00092973598228 0.00241312741313 0.0 12 1
1947.0 1947 1947 0.0 0 0 0.0 0.0 0.0 0 1
888.223300971 2153 417 118.533980583 392 0 0.109208820361 0.242686170213 0.0 102 1
2004.0 2004 2004 0.0 0 0 0.0 0.0 0.0 0 1
2039.0 2039 2039 0.0 0 0 0.0 0.0 0.0 0 1
2038.33333333 2065 2008 0.333333333333 1 0 0.000165920026547 0.000497760079642 0.0 2 1
2098.57142857 2136 2072 0.571428571429 2 0 0.000272664536343 0.000958313368471 0.0 6 1
1166.06666667 2070 717 120.84 368 0 0.0908275796264 0.276695245518 0.0 74 1
1813.95 1947 1696 2.35 7 0 0.00129417685814 0.00392596747056 0.0 19 1
1977.0 1977 1977 0.0 0 0 0.0 0.0 0.0 0 1
1761.75675676 1954 1625 22.6486486486 70 0 0.0123062441425 0.0374732334047 0.0 36 1
1997.75 2034 1967 0.25 1 0 0.000126710593006 0.000506842372022 0.0 3 1
1805.07272727 2195 1498 37.2545454545 105 0 0.0199531423896 0.056 0.0 54 1
2059.0 2059 2059 0.0 0 0 0.0 0.0 0.0 0 1
2094.5 2157 2032 0.5 1 0 0.000233550455625 0.000470809792844 0.0 3 1
2052.0 2052 2052 0.0 0 0 0.0 0.0 0.0 0 1
1954.0 1976 1932 0.5 1 0 0.000258665287118 0.000517330574237 0.0 1 1
1749.93220339 2184 1539 23.6101694915 116 0 0.0124602029462 0.0576540755467 0.0 58 1
2005.4 2062 1954 0.4 1 0 0.000198263317456 0.000506585612969 0.0 4 1
1882.85714286 1970 1827 1.71428571429 3 0 0.000913879389086 0.00162778079219 0.0 6 1
1856.75 1921 1793 0.0 0 0 0.0 0.0 0.0 3 1
2019.75 2119 1928 1.0 2 0 0.000496536608778 0.00100704934542 0.0 7 1
2106.8 2141 2066 0.7 3 0 0.000331835538133 0.00143266475645 0.0 9 1
2248.0 2280 2208 0.5 1 0 0.000219636263438 0.00044014084507 0.0 3 1
2214.0 2214 2214 0.0 0 0 0.0 0.0 0.0 0 1
1973.0 1981 1965 0.0 0 0 0.0 0.0 0.0 1 1
1198.49152542 2114 835 134.0 427 0 0.090947674333 0.261639344262 0.0 58 1
2051.66666667 2092 1998 0.333333333333 1 0 0.000166750041688 0.000500250125063 0.0 2 1
1853.26470588 2114 1703 24.0882352941 75 0 0.0126712650103 0.038961038961 0.0 33 1
2202.0 2202 2202 0.0 0 0 0.0 0.0 0.0 0 1
1169.13432836 2135 837 153.626865672 425 0 0.104224497128 0.251700680272 0.0 66 1
2095.0 2095 2095 0.0 0 0 0.0 0.0 0.0 0 1
1206.04761905 2112 833 149.158730159 321 0 0.104076923676 0.223537604457 0.0 62 1
2226.5 2248 2205 0.0 0 0 0.0 0.0 0.0 1 1
2118.0 2118 2118 0.0 0 0 0.0 0.0 0.0 0 1
2025.0 2025 2025 0.0 0 0 0.0 0.0 0.0 0 1
2050.0 2050 2050 0.0 0 0 0.0 0.0 0.0 0 1
2278.33333333 2287 2272 0.333333333333 1 0 0.000146649068778 0.000439947206335 0.0 2 1
2110.0 2135 2085 1.5 3 0 0.000701590271282 0.00140318054256 0.0 1 1
2249.33333333 2275 2228 0.333333333333 1 0 0.000146455770357 0.000439367311072 0.0 2 1
2032.0 2032 2032 0.0 0 0 0.0 0.0 0.0 0 1
2170.0 2171 2169 0.5 1 0 0.000230202578269 0.000460405156538 0.0 1 1
1958.0 1987 1924 0.2 1 0 0.000101368474404 0.000506842372022 0.0 4 1
1983.5 2016 1959 0.75 2 0 0.000373020570378 0.000991080277502 0.0 3 1
1619.95867769 2256 1287 28.8016528926 120 0 0.0173171954195 0.0774193548387 0.0 120 1
2075.5 2077 2074 0.5 1 0 0.000240615976901 0.000481231953802 0.0 1 1
2117.55555556 2193 2047 0.777777777778 3 0 0.000361601625812 0.00137677833869 0.0 8 1
1541.18181818 2025 1385 47.4696969697 145 0 0.0286527233335 0.0839650145773 0.0 65 1
2044.6 2108 1994 2.2 5 0 0.00108581752465 0.00249376558603 0.0 4 1
2047.25 2083 2019 0.5 1 0 0.000246071573889 0.00049504950495 0.0 3 1
1116.02222222 2253 517 129.377777778 279 0 0.108461457533 0.295838020247 0.0 89 1
2135.0 2137 2133 0.5 1 0 0.000233863423761 0.000467726847521 0.0 1 1
2053.375 2168 1974 1.125 3 0 0.00054836584892 0.00149700598802 0.0 7 1
731.569105691 2164 230 102.235772358 272 0 0.117388245132 0.281292059219 0.0 122 1
2097.6 2171 2062 0.8 2 0 0.000376763095653 0.000920386562356 0.0 4 1
1143.78378378 2078 796 125.27027027 494 0 0.0847895044239 0.275334608031 0.0 73 1
2048.0 2060 2036 0.0 0 0 0.0 0.0 0.0 1 1
1269.14814815 2212 857 95.6419753086 312 0 0.0655065759893 0.222698072805 0.0 80 1
2086.0 2118 2054 0.5 1 0 0.00023596035866 0.000471920717319 0.0 1 1
2124.0 2165 2083 0.5 1 0 0.000239923224568 0.000479846449136 0.0 1 1
2271.0 2271 2271 0.0 0 0 0.0 0.0 0.0 0 1
1022.94791667 2094 747 89.9270833333 379 0 0.0703344230301 0.27644055434 0.0 95 1
2152.0 2215 2102 1.0 2 0 0.000467277960037 0.000950570342205 0.0 2 1
2149.0 2149 2149 0.0 0 0 0.0 0.0 0.0 0 1
1598.40909091 2226 1333 47.1060606061 148 0 0.027831865877 0.0872641509434 0.0 65 1
1138.45588235 1986 791 142.676470588 411 0 0.110776735569 0.295719844358 0.0 67 1
1928.0 1994 1893 1.4 3 0 0.000726458795538 0.00157232704403 0.0 4 1
1969.5 1989 1950 0.5 1 0 0.000256278831369 0.000512557662737 0.0 1 1
876.291666667 2112 450 122.5 341 0 0.109186213726 0.291434927697 0.0 95 1
2034.5 2080 1989 0.5 1 0 0.000251256281407 0.000502512562814 0.0 1 1
2092.75 2150 2028 0.75 2 0 0.000353348783814 0.00092936802974 0.0 3 1
2215.0 2215 2215 0.0 0 0 0.0 0.0 0.0 0 1
1955.2 1974 1932 1.4 3 0 0.000714495541081 0.00154639175258 0.0 4 1
2009.2 2049 1936 0.4 1 0 0.000200813427855 0.000516262261229 0.0 4 1
2306.5 2309 2304 0.0 0 0 0.0 0.0 0.0 1 1
2029.66666667 2054 2008 0.666666666667 1 0 0.000328126028169 0.000497760079642 0.0 2 1
2040.0 2040 2040 0.0 0 0 0.0 0.0 0.0 0 1
2153.33333333 2208 2110 0.0 0 0 0.0 0.0 0.0 2 1
1920.0 1920 1920 0.0 0 0 0.0 0.0 0.0 0 1
2157.0 2234 2088 0.666666666667 1 0 0.000304181190712 0.00046511627907 0.0 2 1
2107.0 2134 2080 1.0 2 0 0.000468164794007 0.000936329588015 0.0 1 1
2083.0 2083 2083 0.0 0 0 0.0 0.0 0.0 0 1
1923.33333333 1972 1869 0.0 0 0 0.0 0.0 0.0 2 1
1826.86111111 2183 1649 41.6944444444 117 0 0.0211412986663 0.0571142284569 0.0 35 1
2115.75 2173 2060 0.75 1 0 0.000351397212657 0.000482858522453 0.0 3 1
1861.75 1995 1739 19.5576923077 72 0 0.0103885787638 0.0397570403092 0.0 51 1
2017.0 2017 2017 0.0 0 0 0.0 0.0 0.0 0 1
2184.5 2193 2176 0.0 0 0 0.0 0.0 0.0 1 1
1955.0 1955 1955 0.0 0 0 0.0 0.0 0.0 0 1
1467.75471698 2004 1235 66.1509433962 203 0 0.0405244908526 0.110326086957 0.0 52 1
2125.0 2125 2125 0.0 0 0 0.0 0.0 0.0 0 1
2123.0 2220 2067 0.333333333333 1 0 0.0001556344384 0.000483558994197 0.0 5 1
1977.0 2030 1913 0.5 1 0 0.000247842571873 0.000499001996008 0.0 3 1
2151.0 2151 2151 0.0 0 0 0.0 0.0 0.0 0 1
2129.5 2179 2080 0.5 1 0 0.000240269101394 0.000480538202787 0.0 1 1
1100.54444444 2208 717 112.655555556 468 0 0.0772944319747 0.256157635468 0.0 89 1
2143.58333333 2183 2055 0.75 3 0 0.000349911801931 0.00138376383764 0.0 11 1
1846.24444444 2111 1637 6.42222222222 19 0 0.00354462207816 0.0108944954128 0.0 44 1
1133.51578947 2102 718 96.4 331 0 0.0731392161902 0.241922773838 0.0 94 1
1975.6 2020 1942 1.0 2 0 0.000504369076127 0.0010055304173 0.0 4 1
1968.0 1968 1968 0.0 0 0 0.0 0.0 0.0 0 1
2086.0 2086 2086 0.0 0 0 0.0 0.0 0.0 0 1
1752.5 2103 1578 42.6666666667 123 0 0.0238322832974 0.0677777777778 0.0 29 1
1125.1011236 2137 752 104.157303371 335 0 0.075437796805 0.238455715367 0.0 88 1
2308.0 2308 2308 0.0 0 0 0.0 0.0 0.0 0 1
1053.64534884 2053 408 76.0290697674 374 0 0.0739485057665 0.413507109005 0.0 171 1
1576.56862745 1942 1319 43.862745098 138 0 0.0261362391913 0.076200993926 0.0 50 1
2027.33333333 2132 1977 0.166666666667 1 0 8.37942014413e-05 0.000502765208648 0.0 5 1
1996.0 1996 1996 0.0 0 0 0.0 0.0 0.0 0 1
1957.5 1973 1942 0.5 1 0 0.000257334019557 0.000514668039115 0.0 1 1
2035.66666667 2103 1936 0.666666666667 1 0 0.00033319584638 0.000516262261229 0.0 2 1
1942.0 1942 1942 0.0 0 0 0.0 0.0 0.0 0 1
2139.0 2176 2105 0.25 1 0 0.000116063138347 0.000464252553389 0.0 3 1
2027.0 2027 2027 0.0 0 0 0.0 0.0 0.0 0 1
1977.33333333 2036 1933 0.833333333333 2 0 0.000420265296915 0.001 0.0 5 1
2090.9375 2247 1954 1.8125 6 0 0.000864199861442 0.00295130349238 0.0 15 1
2078.33333333 2146 2011 0.333333333333 1 0 0.000160333493667 0.000481000481 0.0 2 1
2101.0 2135 2059 0.666666666667 1 0 0.000314032814432 0.000473933649289 0.0 2 1
1858.71153846 2122 1696 41.3653846154 131 0 0.0211385176679 0.0655655655656 0.0 51 1
2036.5 2067 2006 0.5 1 0 0.000241779497099 0.000483558994197 0.0 1 1
1231.43037975 2153 871 98.1392405063 267 0 0.0681996718989 0.189102564103 0.0 78 1
2132.25 2193 2055 0.75 1 0 0.00035330034905 0.000486381322957 0.0 3 1
1839.23076923 1937 1708 17.5384615385 43 0 0.00964125576046 0.0245573957738 0.0 25 1
2114.0 2114 2114 0.0 0 0 0.0 0.0 0.0 0 1
2062.62068966 2256 1912 9.75862068966 25 0 0.00466716191782 0.0113947128532 0.0 28 1
2029.91666667 2078 1963 0.75 2 0 0.000365138235046 0.00098814229249 0.0 11 1
2027.0 2027 2027 0.0 0 0 0.0 0.0 0.0 0 1
2206.0 2206 2206 0.0 0 0 0.0 0.0 0.0 0 1
2109.28571429 2247 1957 2.0 5 0 0.000923398895804 0.00222024866785 0.0 6 1
2000.2 2051 1906 0.8 2 0 0.000392889158141 0.000982800982801 0.0 4 1
2125.5 2160 2091 0.5 1 0 0.00023137436372 0.000462748727441 0.0 1 1
2112.33333333 2142 2095 0.0 0 0 0.0 0.0 0.0 2 1
1980.0 1980 1980 0.0 0 0 0.0 0.0 0.0 0 1
2232.0 2232 2232 0.0 0 0 0.0 0.0 0.0 0 1
1689.70967742 2142 1462 43.7419354839 143 0 0.0233121620631 0.0710735586481 0.0 61 1
2001.0 2060 1958 1.5 3 0 0.000747247736453 0.00149775336995 0.0 3 1
1954.0 1954 1954 0.0 0 0 0.0 0.0 0.0 0 1
2053.0 2053 2053 0.0 0 0 0.0 0.0 0.0 0 1
1118.4488189 2031 399 95.9133858268 333 0 0.0922225078061 0.36788874842 0.0 126 1
2068.0 2068 2068 0.0 0 0 0.0 0.0 0.0 0 1
2024.0 2024 2024 0.0 0 0 0.0 0.0 0.0 0 1
1956.33333333 1992 1922 0.666666666667 2 0 0.0003465003465 0.0010395010395 0.0 2 1
2050.0 2050 2050 0.0 0 0 0.0 0.0 0.0 0 1
2051.0 2071 2031 0.5 1 0 0.000241312741313 0.000482625482625 0.0 1 1
2173.5 2210 2137 1.0 2 0 0.000467508181393 0.000935016362786 0.0 1 1
2060.0 2066 2054 0.0 0 0 0.0 0.0 0.0 1 1
1165.60416667 2119 691 110.75 362 0 0.0854708791968 0.250345781466 0.0 95 1
2092.0 2149 2004 0.333333333333 1 0 0.000166251039069 0.000498753117207 0.0 2 1
1454.48051948 2011 1201 46.1298701299 165 0 0.0295246396925 0.100794135614 0.0 76 1
2023.0 2047 1982 0.333333333333 1 0 0.000163318634656 0.000489955903969 0.0 2 1
2246.33333333 2256 2237 0.666666666667 1 0 0.000296631180471 0.000446827524576 0.0 2 1
984.789473684 2110 660 60.7039473684 292 0 0.0478492314659 0.195435092725 0.0 151 1
1012.40229885 2239 450 132.252873563 437 0 0.108996395904 0.376503237743 0.0 86 1
2008.0 2008 2008 0.0 0 0 0.0 0.0 0.0 0 1
1758.23076923 2122 1560 40.9230769231 119 0 0.0218394010685 0.0592334494774 0.0 38 1
857.705357143 2244 452 109.482142857 478 0 0.101412362853 0.327397260274 0.0 111 1
2127.5 2134 2121 0.0 0 0 0.0 0.0 0.0 1 1
1992.0 1992 1992 0.0 0 0 0.0 0.0 0.0 0 1
1203.96385542 1974 865 110.614457831 336 0 0.079611637259 0.21953010279 0.0 82 1
2032.0 2032 2032 0.0 0 0 0.0 0.0 0.0 0 1
2003.0 2003 2003 0.0 0 0 0.0 0.0 0.0 0 1
1577.01369863 1991 1353 48.5479452055 123 0 0.0289949623973 0.0698466780239 0.0 72 1
2179.0 2236 2122 0.0 0 0 0.0 0.0 0.0 1 1
1055.31724138 2083 488 89.2551724138 431 0 0.07586511953 0.274028629857 0.0 144 1
1979.0 1997 1961 0.5 1 0 0.000254841997961 0.000509683995923 0.0 1 1
2067.0 2103 2031 0.0 0 0 0.0 0.0 0.0 1 1
2105.0 2105 2105 0.0 0 0 0.0 0.0 0.0 0 1
2108.5 2151 2066 0.0 0 0 0.0 0.0 0.0 1 1
2041.8 2125 1988 0.8 1 0 0.000391420028641 0.000502765208648 0.0 4 1
2065.5 2073 2058 0.5 1 0 0.000242836328315 0.000485672656629 0.0 1 1
1955.0 1955 1955 0.0 0 0 0.0 0.0 0.0 0 1
2086.0 2122 2050 0.5 1 0 0.000235515779557 0.000471031559114 0.0 1 1
2009.0 2047 1976 0.333333333333 1 0 0.000162760416667 0.00048828125 0.0 2 1
1934.6 2031 1863 0.2 1 0 9.84251968504e-05 0.000492125984252 0.0 4 1
2103.0 2103 2103 0.0 0 0 0.0 0.0 0.0 0 1
1946.0 1981 1912 0.5 2 0 0.000254323499491 0.00101729399797 0.0 3 1
2039.0 2039 2039 0.0 0 0 0.0 0.0 0.0 0 1
1148.96202532 2156 750 123.341772152 392 0 0.0914566950539 0.267759562842 0.0 78 1
2158.2 2227 2094 0.4 1 0 0.000182273544843 0.000462534690102 0.0 4 1
1905.75 2036 1819 1.66666666667 4 0 0.000869437228101 0.00206291903043 0.0 11 1
2106.33333333 2184 2018 0.0 0 0 0.0 0.0 0.0 2 1
1562.95918367 2057 1305 75.1020408163 206 0 0.0441404357544 0.114317425083 0.0 48 1
2184.0 2184 2184 0.0 0 0 0.0 0.0 0.0 0 1
2096.0 2096 2096 0.0 0 0 0.0 0.0 0.0 0 1
2143.25 2165 2114 0.75 1 0 0.000348202068513 0.000468164794007 0.0 3 1
2138.0 2138 2138 0.0 0 0 0.0 0.0 0.0 0 1
1739.53658537 2010 1543 27.1707317073 111 0 0.0144890177245 0.0558350100604 0.0 40 1
2183.16666667 2242 2111 1.33333333333 3 0 0.00061058149156 0.00133630289532 0.0 5 1
2063.5 2125 2028 0.5 1 0 0.000239542941055 0.000487804878049 0.0 3 1
2308.0 2316 2300 0.0 0 0 0.0 0.0 0.0 1 1
1945.85714286 1978 1916 0.571428571429 1 0 0.000292174154443 0.000519750519751 0.0 6 1
2073.5 2110 2043 1.0 2 0 0.000485869891274 0.000977995110024 0.0 3 1
966.897435897 2031 607 107.102564103 492 0 0.0829769457451 0.358801498127 0.0 77 1
2113.0 2113 2113 0.0 0 0 0.0 0.0 0.0 0 1
1996.66666667 2026 1963 0.666666666667 1 0 0.000336221822984 0.00050916496945 0.0 2 1
2149.66666667 2195 2088 0.333333333333 1 0 0.000153822488848 0.000461467466544 0.0 2 1
2089.0 2123 2051 0.666666666667 2 0 0.000318217979316 0.000954653937947 0.0 2 1
2099.75 2158 2025 0.0 0 0 0.0 0.0 0.0 3 1
2150.5 2186 2115 0.0 0 0 0.0 0.0 0.0 1 1
1980.0 1980 1980 0.0 0 0 0.0 0.0 0.0 0 1
1234.32258065 2237 769 81.2983870968 314 0 0.0573310854005 0.225412778177 0.0 123 1
2195.0 2195 2195 0.0 0 0 0.0 0.0 0.0 0 1
2085.0 2107 2043 0.333333333333 1 0 0.000158277936056 0.000474833808167 0.0 2 1
2005.0 2059 1951 0.5 1 0 0.000242718446602 0.000485436893204 0.0 1 1
2213.0 2213 2213 0.0 0 0 0.0 0.0 0.0 0 1
2213.0 2233 2193 0.0 0 0 0.0 0.0 0.0 1 1
2047.0 2047 2047 0.0 0 0 0.0 0.0 0.0 0 1
2098.0 2098 2098 0.0 0 0 0.0 0.0 0.0 0 1
1140.91176471 2107 796 133.367647059 358 0 0.0977042326264 0.250176180409 0.0 67 1
2076.0 2076 2076 0.0 0 0 0.0 0.0 0.0 0 1
1999.0 1999 1999 0.0 0 0 0.0 0.0 0.0 0 1
2066.0 2066 2066 0.0 0 0 0.0 0.0 0.0 0 1
2185.0 2214 2169 0.333333333333 1 0 0.000153397760393 0.000460193281178 0.0 2 1
2100.0 2100 2100 0.0 0 0 0.0 0.0 0.0 0 1
2066.0 2066 2066 0.0 0 0 0.0 0.0 0.0 0 1
2167.0 2167 2167 0.0 0 0 0.0 0.0 0.0 0 1
2221.0 2225 2217 0.0 0 0 0.0 0.0 0.0 1 1
2050.0 2050 2050 0.0 0 0 0.0 0.0 0.0 0 1
1938.5 1982 1895 0.0 0 0 0.0 0.0 0.0 1 1
2196.0 2196 2196 0.0 0 0 0.0 0.0 0.0 0 1
2292.0 2292 2292 0.0 0 0 0.0 0.0 0.0 0 1
2159.5 2198 2121 1.0 2 0 0.000454545454545 0.000909090909091 0.0 1 1
2087.0 2108 2066 0.0 0 0 0.0 0.0 0.0 1 1
2015.0 2027 2003 0.0 0 0 0.0 0.0 0.0 1 1
2121.0 2121 2121 0.0 0 0 0.0 0.0 0.0 0 1
2256.0 2256 2256 0.0 0 0 0.0 0.0 0.0 0 1
1657.08064516 2163 1410 53.0967741935 224 0 0.0304550567529 0.121673003802 0.0 61 1
1139.78313253 2093 726 91.3975903614 283 0 0.0704193169307 0.194915254237 0.0 82 1
1996.0 2004 1988 0.5 1 0 0.000249376558603 0.000498753117207 0.0 1 1
2044.0 2044 2044 0.0 0 0 0.0 0.0 0.0 0 1
2138.0 2179 2096 1.4 3 0 0.000650382059138 0.00137867647059 0.0 4 1
2013.0 2013 2013 0.0 0 0 0.0 0.0 0.0 0 1
2016.0 2016 2016 0.0 0 0 0.0 0.0 0.0 0 1
1509.32926829 2098 1264 46.6585365854 141 0 0.0290293520202 0.0809879379667 0.0 81 1
2094.625 2246 1960 2.875 6 0 0.00136955959817 0.00295130349238 0.0 15 1
1107.47692308 2168 739 59.2 241 0 0.0477959747661 0.20885466795 0.0 129 1
2229.0 2266 2205 0.333333333333 1 0 0.000147037200412 0.000441111601235 0.0 2 1
2039.83333333 2093 1987 1.16666666667 2 0 0.000573274553265 0.0010055304173 0.0 5 1
1980.0 1991 1969 0.5 1 0 0.000251004016064 0.000502008032129 0.0 1 1
2111.0 2111 2111 0.0 0 0 0.0 0.0 0.0 0 1
1568.52272727 2120 1318 40.3636363636 118 0 0.0246537879175 0.0676923076923 0.0 87 1
2014.0 2014 2014 0.0 0 0 0.0 0.0 0.0 0 1
1894.66666667 1940 1869 0.333333333333 1 0 0.000171732783788 0.000515198351365 0.0 2 1
2052.33333333 2069 2031 0.333333333333 1 0 0.000164041994751 0.000492125984252 0.0 2 1
1994.0 1994 1994 0.0 0 0 0.0 0.0 0.0 0 1
2091.66666667 2137 2057 0.666666666667 2 0 0.000320051208193 0.00096015362458 0.0 2 1
2043.0 2043 2043 0.0 0 0 0.0 0.0 0.0 0 1
1955.0 1955 1955 0.0 0 0 0.0 0.0 0.0 0 1
2133.0 2133 2133 0.0 0 0 0.0 0.0 0.0 0 1
1628.38554217 2107 1342 43.9518072289 168 0 0.025767566231 0.0982456140351 0.0 82 1
2084.6 2128 2033 0.8 2 0 0.000382951071732 0.000956480153037 0.0 4 1
1834.0 1834 1834 0.0 0 0 0.0 0.0 0.0 1 1
2018.0 2039 1992 0.333333333333 1 0 0.00016339869281 0.000490196078431 0.0 2 1
1088.56321839 2022 724 98.1724137931 302 0 0.0733121099517 0.221570066031 0.0 86 1
2186.0 2186 2186 0.0 0 0 0.0 0.0 0.0 0 1
2032.0 2032 2032 0.0 0 0 0.0 0.0 0.0 0 1
2053.0 2053 2053 0.0 0 0 0.0 0.0 0.0 0 1
2124.0 2128 2120 0.5 1 0 0.000234852043213 0.000469704086426 0.0 1 1
2045.0 2045 2045 0.0 0 0 0.0 0.0 0.0 0 1
2132.0 2132 2132 0.0 0 0 0.0 0.0 0.0 0 1
2075.33333333 2092 2060 0.666666666667 2 0 0.000321130378934 0.000963391136802 0.0 2 1
2229.5 2256 2203 0.0 0 0 0.0 0.0 0.0 1 1
1978.66666667 2000 1949 0.333333333333 1 0 0.000166583374979 0.000499750124938 0.0 2 1
2136.5 2179 2094 0.5 1 0 0.000229357798165 0.00045871559633 0.0 1 1
2005.66666667 2053 1960 0.5 1 0 0.000249591658349 0.00050994390617 0.0 5 1
1890.21621622 2343 1714 34.1621621622 129 0 0.0176399263708 0.0642201834862 0.0 36 1
1008.65 2070 572 118.966666667 331 0 0.0982625898523 0.257005604484 0.0 119 1
2057.66666667 2081 2043 1.0 2 0 0.000488599996024 0.000977995110024 0.0 2 1
1915.66666667 1936 1886 0.333333333333 1 0 0.000173070266528 0.000519210799585 0.0 2 1
2059.5 2128 2023 0.75 1 0 0.000361989873765 0.0004914004914 0.0 3 1
1886.0 1886 1886 0.0 0 0 0.0 0.0 0.0 0 1
1963.0 1963 1963 0.0 0 0 0.0 0.0 0.0 0 1
1940.28571429 2074 1819 1.35714285714 3 0 0.000690263197697 0.00151591712986 0.0 13 1
1240.04444444 2063 802 94.2666666667 253 0 0.0675809279549 0.161068044789 0.0 89 1
1892.22222222 1993 1811 19.2777777778 60 0 0.00998530743054 0.0306278713629 0.0 35 1
2030.5 2054 2007 0.5 1 0 0.000249003984064 0.000498007968127 0.0 1 1
2096.0 2096 2096 0.0 0 0 0.0 0.0 0.0 0 1
1979.5 2132 1857 1.58333333333 4 0 0.000778151672995 0.00188501413761 0.0 11 1
1128.58666667 1987 783 111.373333333 253 0 0.0845133936838 0.207929515419 0.0 74 1
2189.66666667 2226 2161 0.666666666667 1 0 0.000302373259837 0.000458085203848 0.0 2 1
1990.0 2018 1962 0.0 0 0 0.0 0.0 0.0 1 1
2016.5 2030 2003 0.5 1 0 0.000249500998004 0.000499001996008 0.0 1 1
1978.73333333 2076 1885 1.6 5 0 0.000803573875516 0.00247402276101 0.0 14 1
2051.75 2093 2035 0.25 1 0 0.000119388729704 0.000477554918816 0.0 3 1
1905.0 1905 1905 0.0 0 0 0.0 0.0 0.0 0 1
2022.0 2022 2022 0.0 0 0 0.0 0.0 0.0 0 1
1894.33333333 1907 1878 1.33333333333 2 0 0.000700100171854 0.00105263157895 0.0 2 1
2023.16666667 2038 1996 0.5 2 0 0.00024602395557 0.000985707244948 0.0 5 1
1077.72839506 1990 784 108.37037037 458 0 0.0783520595543 0.294117647059 0.0 80 1
2082.5 2115 2016 0.0 0 0 0.0 0.0 0.0 3 1
1932.0 1950 1914 0.5 1 0 0.000256278831369 0.000512557662737 0.0 1 1
1168.87012987 2121 808 115.636363636 302 0 0.0829726278421 0.225806451613 0.0 76 1
1900.0 1900 1900 0.0 0 0 0.0 0.0 0.0 0 1
2150.0 2159 2141 0.0 0 0 0.0 0.0 0.0 1 1
2176.0 2176 2176 0.0 0 0 0.0 0.0 0.0 0 1
1773.0862069 2075 1612 17.0517241379 85 0 0.00901624808877 0.0426395939086 0.0 57 1
2120.0 2187 2075 0.333333333333 1 0 0.000152346130408 0.000457038391225 0.0 2 1
1874.07142857 2075 1740 16.4761904762 61 0 0.00867460055266 0.0327780763031 0.0 41 1
2084.0 2100 2068 0.5 1 0 0.000237981913375 0.000475963826749 0.0 1 1
2080.66666667 2124 2039 0.666666666667 1 0 0.000320261437908 0.000490196078431 0.0 2 1
1650.68 2028 1468 68.76 176 0 0.0378976247479 0.0967564595932 0.0 49 1
1953.0 1976 1930 0.0 0 0 0.0 0.0 0.0 1 1
2095.5 2121 2070 0.5 1 0 0.000241429261226 0.000482858522453 0.0 1 1
1654.89908257 2161 1309 28.3302752294 131 0 0.017184167445 0.0769682726204 0.0 108 1
2106.66666667 2137 2063 0.333333333333 1 0 0.000155908949174 0.000467726847521 0.0 2 1
1648.47368421 2121 1336 65.5438596491 208 0 0.0371325845939 0.116788321168 0.0 56 1
952.729411765 2045 540 94.6117647059 313 0 0.0848288410367 0.262164846077 0.0 169 1
2062.75 2084 2049 0.75 1 0 0.000362627156334 0.000487567040468 0.0 3 1
2071.875 2165 2008 2.4375 6 0 0.00117912695001 0.00289156626506 0.0 15 1
2009.66666667 2019 1997 1.33333333333 2 0 0.000660721645223 0.000992555831266 0.0 2 1
1978.5 2003 1954 0.0 0 0 0.0 0.0 0.0 1 1
2013.0 2013 2013 0.0 0 0 0.0 0.0 0.0 0 1
2023.25 2141 1886 1.25 3 0 0.000610504876257 0.0014917951268 0.0 7 1
1990.0 2027 1960 0.0 0 0 0.0 0.0 0.0 3 1
2021.0 2035 2008 0.666666666667 1 0 0.000328654562587 0.000494804552202 0.0 2 1
1562.80519481 2017 1281 35.4415584416 111 0 0.021284556636 0.0654481132075 0.0 76 1
2000.0 2000 2000 0.0 0 0 0.0 0.0 0.0 0 1
1927.33333333 1949 1899 0.666666666667 1 0 0.000343205459485 0.000516795865633 0.0 2 1
2038.0 2038 2038 0.0 0 0 0.0 0.0 0.0 0 1
2183.0 2183 2183 0.0 0 0 0.0 0.0 0.0 0 1
2112.0 2131 2093 0.5 1 0 0.000234521575985 0.00046904315197 0.0 1 1
2000.5 2012 1989 0.5 1 0 0.000248385494287 0.000496770988574 0.0 1 1
1228.36708861 2194 820 106.405063291 288 0 0.0788477406781 0.227018385292 0.0 78 1
1048.24271845 2099 758 89.5048543689 285 0 0.0706977121417 0.227817745803 0.0 102 1
1758.82758621 1904 1616 21.724137931 63 0 0.0120310529799 0.0333509793542 0.0 28 1
1725.625 1982 1587 25.9791666667 92 0 0.0148595691624 0.052036199095 0.0 47 1
1589.75280899 2301 1243 37.5505617978 123 0 0.0224357430546 0.0706084959816 0.0 88 1
1774.86885246 2088 1588 33.0655737705 110 0 0.0177112748677 0.0599781897492 0.0 60 1
1999.0 1999 1999 0.0 0 0 0.0 0.0 0.0 0 1
1585.20895522 2043 1312 36.7462686567 100 0 0.0221298799318 0.0564191134139 0.0 66 1
1962.0 2106 1870 12.2424242424 48 0 0.00623009214284 0.0247040658775 0.0 32 1
2047.0 2047 2047 0.0 0 0 0.0 0.0 0.0 0 1
1154.57627119 1941 852 131.372881356 293 0 0.0968766656089 0.210116731518 0.0 58 1
1851.0 1876 1826 0.5 1 0 0.000266382525306 0.000532765050613 0.0 1 1
1895.91666667 2098 1715 1.75 6 0 0.000924627921209 0.00322061191626 0.0 11 1
2187.0 2187 2187 0.0 0 0 0.0 0.0 0.0 0 1
2055.65 2186 1946 2.2 9 0 0.00106692598685 0.00428163653663 0.0 19 1
2094.66666667 2118 2081 0.666666666667 1 0 0.000319897927387 0.000480307396734 0.0 2 1
2047.75 2131 1931 1.0 2 0 0.000480810171499 0.000975134080936 0.0 7 1
1982.66666667 2003 1950 0.333333333333 1 0 0.000170852554246 0.000512557662737 0.0 2 1
2002.5 2011 1994 0.0 0 0 0.0 0.0 0.0 1 1
1997.0 2061 1941 1.0 2 0 0.000500118533116 0.00101781170483 0.0 5 1
1201.12698413 2046 843 123.238095238 323 0 0.0846111302214 0.230714285714 0.0 62 1
2042.88888889 2103 2000 1.55555555556 3 0 0.000757036901599 0.00146555935515 0.0 8 1
1935.0 1935 1935 0.0 0 0 0.0 0.0 0.0 0 1
2192.5 2212 2173 0.5 1 0 0.000225937641211 0.000451875282422 0.0 1 1
2021.0 2066 1976 0.5 1 0 0.000252908447142 0.000505816894284 0.0 1 1
2060.0 2163 1971 0.333333333333 1 0 0.000154035736291 0.000462107208872 0.0 2 1
2167.16666667 2252 2100 1.0 3 0 0.000449964440286 0.00133037694013 0.0 5 1
2213.0 2213 2213 0.0 0 0 0.0 0.0 0.0 0 1
1141.26470588 2117 788 148.676470588 540 0 0.0953997578696 0.330882352941 0.0 67 1
2051.8 2156 1961 1.0 2 0 0.00048476121945 0.000971817298348 0.0 4 1
2214.0 2214 2214 0.0 0 0 0.0 0.0 0.0 0 1
1139.60526316 2182 746 124.723684211 314 0 0.0922281701916 0.251804330393 0.0 75 1
818.109375 2013 401 88.53125 477 0 0.0874733013155 0.32760989011 0.0 127 1
2089.0 2089 2089 0.0 0 0 0.0 0.0 0.0 0 1
2127.0 2127 2127 0.0 0 0 0.0 0.0 0.0 0 1
2019.0 2084 1958 2.2 4 0 0.00109586122623 0.00203873598369 0.0 4 1
2122.0 2122 2122 0.0 0 0 0.0 0.0 0.0 0 1
1746.375 2098 1532 29.453125 118 0 0.017237148244 0.0686445607912 0.0 63 1
2004.0 2008 2000 0.5 1 0 0.000249875062469 0.000499750124938 0.0 1 1
2140.0 2140 2140 0.0 0 0 0.0 0.0 0.0 0 1
1902.0 1905 1899 0.5 1 0 0.000262329485834 0.000524658971668 0.0 1 1
2058.75 2126 2008 0.0 0 0 0.0 0.0 0.0 3 1
1209.80722892 2171 807 106.819277108 315 0 0.0771527107642 0.230477634572 0.0 82 1
875.27184466 2102 397 110.776699029 402 0 0.102065955475 0.289000718907 0.0 102 1
2129.0 2155 2103 0.5 1 0 0.000231910946197 0.000463821892393 0.0 1 1
2216.0 2216 2216 0.0 0 0 0.0 0.0 0.0 0 1
2005.0 2005 2005 0.0 0 0 0.0 0.0 0.0 0 1
2144.0 2144 2144 0.0 0 0 0.0 0.0 0.0 0 1
2059.0 2059 2059 0.5 1 0 0.000242718446602 0.000485436893204 0.0 1 1
2074.66666667 2149 2004 2.77777777778 6 0 0.00133468248038 0.00287494010541 0.0 8 1
1877.33333333 1971 1801 1.33333333333 2 0 0.000695932866704 0.00107411385607 0.0 2 1
1616.56716418 2115 1253 54.2835820896 175 0 0.0304139436019 0.0880281690141 0.0 66 1
1116.3255814 2110 805 90.988372093 320 0 0.0658111564581 0.181508791832 0.0 85 1
2087.5 2090 2085 0.0 0 0 0.0 0.0 0.0 1 1
2190.0 2190 2190 0.0 0 0 0.0 0.0 0.0 0 1
2167.66666667 2175 2163 0.666666666667 1 0 0.000307222010801 0.000462107208872 0.0 2 1
2016.66666667 2052 1995 0.0 0 0 0.0 0.0 0.0 2 1
1983.0 2009 1969 0.333333333333 1 0 0.00016583747927 0.000497512437811 0.0 2 1
2053.0 2091 2015 0.5 1 0 0.000239005736138 0.000478011472275 0.0 1 1
1912.5 1933 1892 0.5 1 0 0.000258531540848 0.000517063081696 0.0 1 1
1968.25 2020 1921 1.0 2 0 0.000504863280887 0.0010162601626 0.0 3 1
1955.0 1955 1955 0.0 0 0 0.0 0.0 0.0 0 1
1936.5 1938 1935 0.0 0 0 0.0 0.0 0.0 1 1
2153.6 2221 2083 0.2 1 0 9.41619585687e-05 0.000470809792844 0.0 4 1
2023.16666667 2094 1940 1.08333333333 5 0 0.000527416796993 0.00238208670796 0.0 11 1
1969.5 1980 1959 1.0 2 0 0.00050994390617 0.00101988781234 0.0 1 1
2124.0 2124 2124 0.0 0 0 0.0 0.0 0.0 0 1
2050.5 2174 1956 1.16666666667 3 0 0.000558808271461 0.001443001443 0.0 5 1
2073.0 2086 2060 0.0 0 0 0.0 0.0 0.0 1 1
2150.0 2150 2150 0.0 0 0 0.0 0.0 0.0 0 1
2107.66666667 2162 2070 0.333333333333 1 0 0.000160952840818 0.000482858522453 0.0 2 1
2039.14285714 2101 1995 0.428571428571 2 0 0.000208249028374 0.000969461948619 0.0 6 1
1934.42857143 2014 1899 1.14285714286 3 0 0.000580563614007 0.00148735746158 0.0 6 1
2178.66666667 2198 2167 1.0 2 0 0.000458379574143 0.000920386562356 0.0 2 1
2011.8 2163 1901 2.4 4 0 0.00119085462722 0.00207684319834 0.0 9 1
2197.5 2201 2194 0.0 0 0 0.0 0.0 0.0 1 1
2240.0 2258 2222 0.5 1 0 0.000221336874723 0.000442673749447 0.0 1 1
1118.70886076 2164 834 117.924050633 403 0 0.083491884152 0.245390070922 0.0 78 1
2135.0 2135 2135 0.0 0 0 0.0 0.0 0.0 0 1
2121.83333333 2178 2045 0.5 1 0 0.000234708219619 0.00048828125 0.0 5 1
2005.0 2005 2005 0.0 0 0 0.0 0.0 0.0 0 1
1986.75 2014 1959 0.0 0 0 0.0 0.0 0.0 3 1
1147.46753247 2051 794 117.493506494 323 0 0.0869989606763 0.235507246377 0.0 76 1
2194.0 2194 2194 0.0 0 0 0.0 0.0 0.0 0 1
2171.0 2171 2171 0.0 0 0 0.0 0.0 0.0 0 1
1159.97530864 2310 439 139.75308642 485 0 0.12905000837 0.435588507878 0.0 80 1
2086.33333333 2142 2049 1.0 3 0 0.0004662004662 0.0013986013986 0.0 2 1
2246.66666667 2280 2182 0.0 0 0 0.0 0.0 0.0 2 1
2027.0 2029 2025 0.5 1 0 0.000246791707799 0.000493583415597 0.0 1 1
1982.83333333 2007 1918 0.666666666667 2 0 0.000333003324045 0.00100200400802 0.0 5 1
1157.22857143 2010 820 105.185714286 268 0 0.080859111555 0.235708003518 0.0 69 1
2169.5 2202 2137 0.0 0 0 0.0 0.0 0.0 1 1
2069.0 2069 2069 0.0 0 0 0.0 0.0 0.0 0 1
1860.28947368 2080 1694 32.7105263158 92 0 0.0168437937957 0.0479666319082 0.0 37 1
1569.71717172 2212 1174 31.8686868687 149 0 0.0208475783629 0.0995879120879 0.0 98 1
2194.0 2194 2194 0.0 0 0 0.0 0.0 0.0 0 1
2020.0 2020 2020 0.0 0 0 0.0 0.0 0.0 0 1
1960.0 1960 1960 0.0 0 0 0.0 0.0 0.0 0 1
2075.0 2152 2003 1.25 3 0 0.000602088587571 0.00146986771191 0.0 7 1
1959.43243243 2189 1774 9.27027027027 28 0 0.00484035561443 0.0151761517615 0.0 36 1
2142.33333333 2187 2077 0.0 0 0 0.0 0.0 0.0 2 1
1134.82022472 2301 764 112.516853933 315 0 0.0811989416891 0.241852487136 0.0 88 1
1936.0 1936 1936 0.0 0 0 0.0 0.0 0.0 0 1
2083.33333333 2104 2051 0.333333333333 1 0 0.000162443144899 0.000487329434698 0.0 2 1
2075.8 2100 2047 0.0 0 0 0.0 0.0 0.0 4 1
2087.0 2100 2068 1.0 2 0 0.000478266687943 0.000951474785918 0.0 2 1
1114.37301587 2080 710 81.4047619048 271 0 0.0648927623452 0.204682779456 0.0 125 1
1993.0 1993 1993 0.0 0 0 0.0 0.0 0.0 0 1
