2188.0 2202 2174 0.0 0 0 0.0 0.0 0.0 1 1
2090.0 2090 2090 0.0 0 0 0.0 0.0 0.0 0 1
2083.25 2110 2009 0.5 2 0 0.000237079184448 0.00094831673779 0.0 3 1
2115.0 2151 2079 0.5 1 0 0.000232342007435 0.00046468401487 0.0 1 1
263.988888889 1845 0 183.3 1251 0 0.517935547197 1.0 0.0 89 1
2151.0 2151 2151 0.0 0 0 0.0 0.0 0.0 0 1
1975.4 2001 1952 0.2 1 0 9.99000999001e-05 0.0004995004995 0.0 4 1
1939.0 1939 1939 0.0 0 0 0.0 0.0 0.0 0 1
420.872093023 2060 0 194.720930233 1497 0 0.600815678973 1.0 0.0 85 0
2092.0 2092 2092 0.0 0 0 0.0 0.0 0.0 0 1
258.963302752 2137 0 167.614678899 1646 0 0.548004490743 1.0 0.0 108 0
1876.0 1876 1876 0.0 0 0 0.0 0.0 0.0 0 1
2183.0 2183 2183 0.0 0 0 0.0 0.0 0.0 0 1
320.917808219 2173 0 231.328767123 1425 0 0.599421164613 1.0 0.0 72 1
1900.0 1944 1841 0.285714285714 1 0 0.000148914405063 0.000528262017961 0.0 6 1
376.4 2094 0 242.307692308 1276 0 0.638155998098 1.0 0.0 64 1
277.0 2100 7 216.222222222 1508 0 0.452612163109 0.933114035088 0.0 80 1
2193.33333333 2219 2168 1.0 2 0 0.000457369812209 0.000921658986175 0.0 2 1
165.903508772 2111 0 168.377192982 1529 0 0.645692084043 1.0 0.0 113 0
1931.5 1986 1877 0.0 0 0 0.0 0.0 0.0 1 1
2011.9 2146 1922 1.9 5 0 0.000943989471509 0.00254582484725 0.0 9 1
1992.0 1995 1989 0.5 1 0 0.000250501002004 0.000501002004008 0.0 1 1
2015.0 2049 1981 0.5 1 0 0.000252270433905 0.00050454086781 0.0 1 1
2118.0 2118 2118 0.0 0 0 0.0 0.0 0.0 0 1
257.113207547 2113 0 164.405660377 1444 0 0.603552448319 1.0 0.0 105 0
352.563636364 2035 3 305.490909091 1474 0 0.638731274109 0.949090909091 0.0 54 1
363.659574468 2254 0 167.170212766 1404 0 0.51579621654 1.0 0.0 93 1
228.647619048 2000 0 155.219047619 1497 0 0.650202430051 1.0 0.0 104 0
2141.0 2154 2128 0.5 1 0 0.000232018561485 0.00046403712297 0.0 1 1
346.372881356 1965 3 266.525423729 1348 0 0.566464906219 0.908565928778 0.0 58 1
247.077777778 2116 0 172.744444444 1254 0 0.795765734428 1.0 0.0 89 0
2008.33333333 2053 1961 0.666666666667 1 0 0.000332179637719 0.000509683995923 0.0 2 1
2077.0 2077 2077 0.0 0 0 0.0 0.0 0.0 0 1
472.414285714 2002 0 245.042857143 1358 0 0.630907839284 1.0 0.0 69 0
235.217391304 2023 0 185.489130435 1349 0 0.603449016568 1.0 0.0 91 1
2176.16666667 2247 2110 1.0 2 0 0.0004536887526 0.000902527075812 0.0 5 1
1974.75 1994 1963 0.75 1 0 0.000378864608965 0.000508388408744 0.0 3 1
2076.0 2076 2076 0.0 0 0 0.0 0.0 0.0 0 1
277.125 2019 0 233.916666667 1384 0 0.633512995116 1.0 0.0 71 0
2004.6 2114 1929 1.0 2 0 0.000500121902355 0.00103573278094 0.0 4 1
2106.0 2106 2106 0.0 0 0 0.0 0.0 0.0 0 1
331.422535211 2146 0 250.957746479 1442 0 0.680184644418 1.0 0.0 70 1
1970.5 1984 1957 0.5 1 0 0.000251889168766 0.000503778337531 0.0 1 1
1959.0 1959 1959 0.0 0 0 0.0 0.0 0.0 0 1
2020.0 2020 2020 0.0 0 0 0.0 0.0 0.0 0 1
2015.0 2015 2015 0.0 0 0 0.0 0.0 0.0 0 1
1865.16666667 1961 1786 0.333333333333 2 0 0.000175901495163 0.00105540897098 0.0 5 1
2176.0 2176 2176 0.0 0 0 0.0 0.0 0.0 0 1
2204.5 2215 2194 1.0 2 0 0.000451059990979 0.000902119981958 0.0 1 1
2059.5 2072 2047 0.0 0 0 0.0 0.0 0.0 1 1
277.669811321 2072 0 156.801886792 1340 0 0.57933093267 1.0 0.0 105 1
242.523255814 2151 0 200.139534884 1587 0 0.693155659618 1.0 0.0 85 0
2041.0 2041 2041 0.0 0 0 0.0 0.0 0.0 0 1
329.253521127 1972 0 227.845070423 1392 0 0.58662748394 1.0 0.0 70 1
321.833333333 2088 0 192.422222222 1448 0 0.62057036914 1.0 0.0 89 0
283.205882353 2058 0 168.607843137 1511 0 0.684121173075 1.0 0.0 101 0
2148.0 2174 2129 0.666666666667 1 0 0.000312112325368 0.000469483568075 0.0 2 1
346.709677419 1892 0 272.709677419 1442 0 0.683450564175 1.0 0.0 61 1
2086.5 2135 2038 0.0 0 0 0.0 0.0 0.0 1 1
2021.0 2021 2021 0.0 0 0 0.0 0.0 0.0 0 1
323.902777778 2025 0 247.972222222 1555 0 0.630496527057 1.0 0.0 71 0
2232.0 2280 2189 0.0 0 0 0.0 0.0 0.0 2 1
2160.75 2285 2105 0.75 2 0 0.00035484066031 0.000949216896061 0.0 3 1
384.966101695 1993 0 283.915254237 1342 0 0.703420624341 1.0 0.0 58 0
2097.5 2138 2057 0.0 0 0 0.0 0.0 0.0 1 1
2000.0 2003 1997 0.0 0 0 0.0 0.0 0.0 1 1
2116.5 2120 2113 1.0 2 0 0.000471253534402 0.000942507068803 0.0 1 1
1935.2 1963 1916 0.6 1 0 0.000311637288356 0.000521648408972 0.0 4 1
473.333333333 2063 10 225.424242424 1258 0 0.481398248233 0.951111111111 0.0 65 1
359.706896552 1987 0 294.689655172 1465 0 0.729871086307 1.0 0.0 57 0
2109.5 2131 2088 0.0 0 0 0.0 0.0 0.0 1 1
352.288135593 2164 0 293.728813559 1414 0 0.699999467996 1.0 0.0 58 1
2000.66666667 2018 1987 1.0 2 0 0.000497705706184 0.000990099009901 0.0 2 1
247.4 2082 0 205.647058824 1355 0 0.711073453869 1.0 0.0 84 1
2091.0 2091 2091 0.0 0 0 0.0 0.0 0.0 0 1
1949.0 1949 1949 0.0 0 0 0.0 0.0 0.0 0 1
2095.0 2124 2045 0.666666666667 1 0 0.000314318263914 0.000472366556448 0.0 2 1
236.607843137 2207 0 203.176470588 1560 0 0.612716570656 1.0 0.0 101 0
1882.66666667 1887 1880 0.333333333333 1 0 0.000177116542685 0.000531349628055 0.0 2 1
305.582089552 2056 0 231.104477612 1373 0 0.751872451002 1.0 0.0 66 0
2036.0 2110 1955 0.166666666667 1 0 7.89515237644e-05 0.000473709142586 0.0 5 1
2117.33333333 2147 2087 0.666666666667 1 0 0.00031249002185 0.000471920717319 0.0 2 1
2009.0 2009 2009 0.0 0 0 0.0 0.0 0.0 0 1
348.089285714 2064 4 298.0 1458 0 0.586782606966 0.924610051993 0.0 55 1
2216.0 2216 2216 0.0 0 0 0.0 0.0 0.0 0 1
217.308510638 1951 0 170.0 1286 0 0.629353810237 1.0 0.0 93 0
2114.25 2283 1954 1.25 3 0 0.000574222270597 0.00137425561154 0.0 7 1
430.176470588 2168 0 268.573529412 1387 0 0.656812160329 1.0 0.0 67 0
1998.0 1998 1998 0.0 0 0 0.0 0.0 0.0 0 1
255.870588235 2017 0 202.188235294 1472 0 0.616321924307 1.0 0.0 84 1
2082.0 2082 2082 0.0 0 0 0.0 0.0 0.0 0 1
435.629032258 2208 5 253.725806452 1309 0 0.512042100647 0.941935483871 0.0 61 1
277.777777778 1992 0 248.698412698 1336 0 0.721665311986 1.0 0.0 62 1
298.58 2206 0 180.85 1425 0 0.630085046993 1.0 0.0 99 1
1873.0 1873 1873 0.0 0 0 0.0 0.0 0.0 0 1
2103.6 2225 2014 0.0 0 0 0.0 0.0 0.0 4 1
2134.0 2161 2107 0.0 0 0 0.0 0.0 0.0 1 1
2204.0 2204 2204 0.0 0 0 0.0 0.0 0.0 0 1
311.0 2041 2 232.797297297 1482 0 0.595969562008 0.939240506329 0.0 73 1
2070.0 2088 2034 0.333333333333 1 0 0.000159565980533 0.000478697941599 0.0 2 1
1925.0 1940 1910 0.5 1 0 0.000257599175683 0.000515198351365 0.0 1 1
1920.75 1967 1887 0.75 1 0 0.000393458664714 0.000529661016949 0.0 3 1
2019.0 2019 2019 0.0 0 0 0.0 0.0 0.0 0 1
418.384615385 2083 0 257.323076923 1450 0 0.668013324952 1.0 0.0 64 1
216.188235294 1911 0 188.717647059 1255 0 0.698756149361 1.0 0.0 84 0
2165.0 2165 2165 0.0 0 0 0.0 0.0 0.0 0 1
2122.0 2127 2117 0.0 0 0 0.0 0.0 0.0 1 1
2065.0 2065 2065 0.0 0 0 0.0 0.0 0.0 0 1
2132.0 2132 2132 0.0 0 0 0.0 0.0 0.0 0 1
2309.75 2343 2281 0.25 1 0 0.000108038029386 0.000432152117545 0.0 3 1
358.513888889 2092 0 228.236111111 1392 0 0.663882061747 1.0 0.0 71 1
343.3 2166 0 234.175 1470 0 0.680427716192 1.0 0.0 79 0
2036.5 2087 1986 0.5 1 0 0.000239463601533 0.000478927203065 0.0 1 1
2112.5 2128 2097 0.0 0 0 0.0 0.0 0.0 1 1
2239.0 2273 2205 0.5 1 0 0.000226654578422 0.000453309156845 0.0 1 1
2131.0 2133 2129 0.0 0 0 0.0 0.0 0.0 1 1
1977.0 2034 1937 0.0 0 0 0.0 0.0 0.0 3 1
1940.0 1940 1940 0.0 0 0 0.0 0.0 0.0 0 1
2020.0 2020 2020 0.0 0 0 0.0 0.0 0.0 0 1
357.906976744 2189 0 204.790697674 1478 0 0.643720158708 1.0 0.0 85 0
297.590163934 2002 0 238.868852459 1360 0 0.741334300106 1.0 0.0 60 0
409.736842105 2229 4 306.175438596 1418 0 0.623320878684 0.915976331361 0.0 56 1
231.917647059 2302 3 210.258823529 1453 0 0.542881986833 0.918088737201 0.0 84 1
2000.33333333 2035 1932 1.66666666667 4 0 0.000817715481766 0.0019617459539 0.0 2 1
1974.0 1990 1957 0.5 1 0 0.000253100626813 0.000506585612969 0.0 3 1
1903.0 1903 1903 0.0 0 0 0.0 0.0 0.0 0 1
381.277777778 2155 3 311.12962963 1490 0 0.582750822122 0.943661971831 0.0 53 1
2188.0 2188 2188 0.0 0 0 0.0 0.0 0.0 0 1
388.149425287 2052 0 186.390804598 1328 0 0.659314107236 1.0 0.0 86 0
1993.0 1993 1993 0.0 0 0 0.0 0.0 0.0 0 1
2084.0 2096 2072 0.0 0 0 0.0 0.0 0.0 1 1
2057.0 2091 2023 0.0 0 0 0.0 0.0 0.0 1 1
2043.5 2052 2035 0.5 1 0 0.0002435460302 0.000487092060399 0.0 1 1
1854.0 1854 1854 0.0 0 0 0.0 0.0 0.0 0 1
273.758241758 2028 1 182.692307692 1565 0 0.548562193553 0.95487804878 0.0 90 1
375.98245614 2165 0 332.526315789 1552 0 0.661988731816 1.0 0.0 56 1
2117.2 2157 2063 2.0 4 0 0.000946575972741 0.00193517174649 0.0 4 1
1921.0 1968 1848 0.666666666667 1 0 0.00034040634628 0.000513347022587 0.0 2 1
356.303571429 2101 0 155.357142857 1463 0 0.664666643287 1.0 0.0 111 0
2086.0 2111 2061 0.0 0 0 0.0 0.0 0.0 1 1
1953.66666667 2014 1916 0.0 0 0 0.0 0.0 0.0 2 1
2165.5 2191 2140 0.0 0 0 0.0 0.0 0.0 1 1
188.382978723 2147 0 181.638297872 1494 0 0.682681423884 1.0 0.0 93 1
421.766233766 2205 1 202.064935065 1266 0 0.500726254497 0.948113207547 0.0 76 1
402.287878788 2193 0 260.181818182 1476 0 0.691248866059 1.0 0.0 65 1
2020.71428571 2060 1955 0.714285714286 1 0 0.000355460059845 0.000511247443763 0.0 6 1
2035.0 2058 2012 0.5 1 0 0.000242836328315 0.000485672656629 0.0 1 1
2202.0 2202 2202 0.0 0 0 0.0 0.0 0.0 0 1
385.125 2016 3 300.464285714 1489 0 0.576421762749 0.933628318584 0.0 55 1
2126.25 2177 2038 0.75 1 0 0.000347798131153 0.000470588235294 0.0 3 1
249.5 2071 0 217.395348837 1418 0 0.656411214624 1.0 0.0 85 1
1929.0 1929 1929 0.0 0 0 0.0 0.0 0.0 0 1
2145.5 2210 2093 0.5 1 0 0.000231838467157 0.000475059382423 0.0 5 1
313.448275862 2003 0 283.913793103 1354 0 0.667520906275 1.0 0.0 57 1
1960.14285714 2045 1913 0.428571428571 2 0 0.000216643968923 0.00102774922919 0.0 6 1
261.036144578 2078 0 205.951807229 1452 0 0.626573054863 1.0 0.0 82 0
277.111111111 2030 0 202.827160494 1462 0 0.674441122479 1.0 0.0 80 1
2064.0 2064 2064 0.0 0 0 0.0 0.0 0.0 0 1
279.841463415 2085 0 216.5 1456 0 0.581718946217 0.950276243094 0.0 81 1
2062.2 2091 2030 1.0 3 0 0.000491690545798 0.00147565174619 0.0 4 1
313.652173913 2008 0 265.405797101 1548 0 0.703006484762 1.0 0.0 68 0
535.3 2059 2 203.1375 1306 0 0.50318260566 0.951832460733 0.0 79 1
2002.77777778 2059 1945 1.66666666667 3 0 0.000827057579586 0.00145489815713 0.0 8 1
2039.0 2121 1976 1.33333333333 3 0 0.000648580237116 0.0014409221902 0.0 5 1
358.924528302 2072 8 313.339622642 1331 0 0.595209139996 0.943925233645 0.0 52 1
241.326732673 2058 0 179.930693069 1465 0 0.582628343927 1.0 0.0 100 0
2033.0 2033 2033 0.0 0 0 0.0 0.0 0.0 0 1
2014.0 2014 2014 0.0 0 0 0.0 0.0 0.0 0 1
2022.0 2022 2022 0.0 0 0 0.0 0.0 0.0 0 1
2213.5 2255 2170 0.75 2 0 0.000333540176877 0.000886132033673 0.0 3 1
2138.0 2176 2100 0.5 1 0 0.000237981913375 0.000475963826749 0.0 1 1
254.046153846 1994 0 267.861538462 1364 0 0.677397119027 1.0 0.0 64 0
265.447058824 2045 0 194.023529412 1488 0 0.659781843031 1.0 0.0 84 1
254.407407407 2116 0 208.358024691 1346 0 0.731328022024 1.0 0.0 80 0
2102.75 2151 2072 0.5 2 0 0.000236183278224 0.000944733112896 0.0 3 1
450.577464789 2001 0 204.338028169 1229 0 0.506966087976 1.0 0.0 70 1
2074.66666667 2083 2063 1.66666666667 3 0 0.000803771310154 0.00145208131655 0.0 2 1
2057.0 2057 2057 0.0 0 0 0.0 0.0 0.0 0 1
2008.14285714 2127 1900 0.714285714286 1 0 0.00035116505398 0.000521376433785 0.0 6 1
2240.14285714 2311 2164 0.428571428571 1 0 0.000193061219029 0.000461893764434 0.0 6 1
312.666666667 2098 1 311.383333333 1483 0 0.630873412596 0.93690851735 0.0 59 1
347.289855072 2043 2 239.739130435 1372 0 0.623314545823 0.927254098361 0.0 68 1
389.070588235 2122 0 191.988235294 1401 0 0.623519379422 1.0 0.0 84 0
236.228915663 1955 0 211.204819277 1474 0 0.695429837825 1.0 0.0 82 0
2149.0 2149 2149 0.0 0 0 0.0 0.0 0.0 0 1
1952.0 1952 1952 0.0 0 0 0.0 0.0 0.0 0 1
2140.0 2140 2140 0.0 0 0 0.0 0.0 0.0 0 1
341.617647059 1989 0 256.794117647 1424 0 0.690755873467 1.0 0.0 67 0
256.694117647 2314 0 219.164705882 1554 0 0.665958253568 1.0 0.0 84 0
2047.25 2084 1989 0.25 1 0 0.000119904076739 0.000479616306954 0.0 3 1
2010.0 2023 1996 0.4 2 0 0.0002002002002 0.001001001001 0.0 4 1
2128.5 2160 2101 0.0 0 0 0.0 0.0 0.0 3 1
2099.0 2099 2099 0.0 0 0 0.0 0.0 0.0 0 1
288.347826087 2068 0 270.579710145 1470 0 0.681110294387 1.0 0.0 68 1
2040.0 2049 2031 0.5 1 0 0.000246062992126 0.000492125984252 0.0 1 1
1998.5 2006 1991 0.0 0 0 0.0 0.0 0.0 1 1
2151.0 2151 2151 0.0 0 0 0.0 0.0 0.0 0 1
2205.25 2302 2161 0.5 1 0 0.000229371746577 0.00046232085067 0.0 3 1
324.552238806 1913 0 236.328358209 1272 0 0.646932136914 1.0 0.0 66 1
407.109090909 2008 1 286.145454545 1366 0 0.626177982543 0.958333333333 0.0 54 1
259.0 2105 0 233.065789474 1483 0 0.695147562591 1.0 0.0 75 1
287.698412698 2123 0 283.444444444 1502 0 0.728554427312 1.0 0.0 62 0
1914.2 2004 1856 0.6 2 0 0.000302388406357 0.000997008973081 0.0 4 1
232.118421053 2013 0 239.934210526 1588 0 0.631689632545 1.0 0.0 75 1
2133.0 2133 2133 0.0 0 0 0.0 0.0 0.0 0 1
1958.66666667 1981 1928 0.333333333333 1 0 0.00016818028927 0.00050454086781 0.0 2 1
430.831775701 2022 1 158.775700935 1455 0 0.481845483195 0.957553058677 0.0 106 1
2024.0 2024 2024 0.0 0 0 0.0 0.0 0.0 0 1
2092.0 2092 2092 0.0 0 0 0.0 0.0 0.0 0 1
2138.0 2159 2112 0.5 1 0 0.000234055932411 0.000473260766682 0.0 3 1
2126.75 2161 2085 0.75 2 0 0.000357949554239 0.000958313368471 0.0 3 1
302.172043011 1995 0 179.505376344 1250 0 0.650682944686 1.0 0.0 92 0
545.028169014 2124 0 253.507042254 1619 0 0.623214172247 1.0 0.0 70 0
2113.0 2113 2113 0.0 0 0 0.0 0.0 0.0 0 1
2066.0 2080 2052 0.0 0 0 0.0 0.0 0.0 1 1
2101.0 2101 2101 0.0 0 0 0.0 0.0 0.0 0 1
211.979591837 2104 0 174.316326531 1443 0 0.669934723419 1.0 0.0 97 1
2056.0 2056 2056 0.0 0 0 0.0 0.0 0.0 0 1
334.5 2184 0 269.323529412 1449 0 0.735740779085 1.0 0.0 67 0
2195.0 2195 2195 0.0 0 0 0.0 0.0 0.0 0 1
2007.25 2055 1954 0.75 2 0 0.000366094108245 0.000977995110024 0.0 3 1
297.445945946 2087 0 251.297297297 1537 0 0.638119446424 1.0 0.0 73 0
2043.0 2043 2043 0.0 0 0 0.0 0.0 0.0 0 1
364.682926829 2111 1 210.682926829 1445 0 0.540337843539 0.927385892116 0.0 81 1
242.0 1965 0 146.086206897 1444 0 0.636911422161 1.0 0.0 115 0
2120.33333333 2174 2077 1.33333333333 3 0 0.000619758377496 0.00137804317869 0.0 2 1
359.833333333 2184 1 273.257575758 1574 0 0.621904113186 0.929577464789 0.0 65 1
278.681818182 2141 0 244.181818182 1306 0 0.633784930049 1.0 0.0 65 1
2107.5 2144 2071 0.0 0 0 0.0 0.0 0.0 1 1
1904.0 1922 1877 1.0 2 0 0.000525979012491 0.0010643959553 0.0 4 1
1944.33333333 2017 1869 0.666666666667 1 0 0.000349368793625 0.000534759358289 0.0 2 1
2127.0 2127 2127 0.0 0 0 0.0 0.0 0.0 0 1
452.885245902 2229 4 270.573770492 1426 0 0.623453900094 0.956043956044 0.0 60 1
2179.5 2194 2165 0.0 0 0 0.0 0.0 0.0 1 1
306.636363636 2201 0 235.545454545 1574 0 0.721754101886 1.0 0.0 76 0
1937.33333333 1959 1918 0.666666666667 1 0 0.000343769607895 0.000521104742053 0.0 2 1
2079.0 2133 2048 1.66666666667 4 0 0.000801325261514 0.00194931773879 0.0 5 1
1991.0 1991 1991 0.0 0 0 0.0 0.0 0.0 0 1
361.254901961 2262 3 331.823529412 1544 0 0.615681813664 0.95 0.0 50 1
2168.0 2168 2168 0.0 0 0 0.0 0.0 0.0 0 1
2058.0 2058 2058 0.0 0 0 0.0 0.0 0.0 0 1
284.0 2059 0 180.011764706 1272 0 0.541704233116 0.942 0.0 84 1
233.9 1983 0 191.988888889 1419 0 0.572537387983 1.0 0.0 89 1
243.522222222 2001 3 184.288888889 1350 0 0.601491396318 0.932323232323 0.0 89 1
316.373333333 2282 0 254.333333333 1572 0 0.699330681905 1.0 0.0 74 1
328.88372093 2156 0 193.534883721 1344 0 0.677143410785 1.0 0.0 85 1
537.731343284 2159 0 238.208955224 1184 0 0.634604998857 1.0 0.0 66 1
1975.0 1975 1975 0.0 0 0 0.0 0.0 0.0 0 1
2087.0 2087 2087 0.0 0 0 0.0 0.0 0.0 0 1
2175.0 2242 2107 1.0 2 0 0.000465039599404 0.00094831673779 0.0 7 1
2147.33333333 2262 2038 1.22222222222 3 0 0.000564282529757 0.00140252454418 0.0 8 1
1954.0 1954 1954 0.0 0 0 0.0 0.0 0.0 0 1
2070.5 2111 2030 0.0 0 0 0.0 0.0 0.0 1 1
2082.0 2082 2082 0.0 0 0 0.0 0.0 0.0 0 1
2163.0 2163 2163 0.0 0 0 0.0 0.0 0.0 0 1
1900.0 1925 1875 0.0 0 0 0.0 0.0 0.0 1 1
1870.0 1899 1841 0.0 0 0 0.0 0.0 0.0 1 1
190.192307692 2011 0 166.134615385 1435 0 0.706175469795 1.0 0.0 103 0
317.669902913 2255 0 177.854368932 1512 0 0.672508226237 1.0 0.0 102 0
301.965517241 1992 0 299.5 1431 0 0.652659770052 1.0 0.0 57 1
298.766233766 2254 0 240.064935065 1556 0 0.671656478269 1.0 0.0 76 1
2071.33333333 2137 1999 0.333333333333 1 0 0.000166666666667 0.0005 0.0 2 1
309.123076923 1993 1 266.0 1489 0 0.633786877196 0.934156378601 0.0 64 1
251.654320988 2191 0 208.024691358 1293 0 0.689641207022 1.0 0.0 80 1
1947.2 1990 1874 0.4 1 0 0.000207625778226 0.000533333333333 0.0 4 1
2034.85714286 2108 1957 1.14285714286 2 0 0.000561094701397 0.000991571641051 0.0 6 1
2116.0 2160 2072 0.0 0 0 0.0 0.0 0.0 1 1
1987.0 2011 1963 0.0 0 0 0.0 0.0 0.0 1 1
309.942857143 2169 0 279.628571429 1605 0 0.76951422159 1.0 0.0 69 0
2004.63636364 2037 1976 1.72727272727 4 0 0.000861933965728 0.0020202020202 0.0 10 1
2077.0 2077 2077 0.0 0 0 0.0 0.0 0.0 0 1
351.253968254 2149 1 247.904761905 1308 0 0.660225861972 0.928571428571 0.0 62 1
1987.0 1987 1987 0.0 0 0 0.0 0.0 0.0 0 1
283.873239437 2204 1 252.098591549 1476 0 0.619475667367 0.95 0.0 70 1
2084.0 2084 2084 0.0 0 0 0.0 0.0 0.0 0 1
1842.75 1877 1807 0.5 1 0 0.000271394677071 0.000553097345133 0.0 3 1
1857.0 1857 1857 0.0 0 0 0.0 0.0 0.0 0 1
1904.0 1904 1904 0.0 0 0 0.0 0.0 0.0 0 1
2110.25 2134 2082 1.0 2 0 0.000471859489855 0.000936329588015 0.0 3 1
1989.5 1994 1985 0.0 0 0 0.0 0.0 0.0 1 1
347.078125 2115 0 263.140625 1324 0 0.666997480955 1.0 0.0 63 1
323.043478261 2079 0 187.52173913 1421 0 0.606194143795 1.0 0.0 91 1
302.444444444 2255 0 266.569444444 1499 0 0.690278001757 1.0 0.0 71 0
2167.25 2231 2070 0.5 2 0 0.000231053604436 0.000924214417745 0.0 3 1
418.109589041 2141 1 238.684931507 1381 0 0.581809549159 0.955974842767 0.0 72 1
1985.0 1994 1976 0.5 1 0 0.000250626566416 0.000501253132832 0.0 1 1
2021.0 2038 2004 1.0 2 0 0.000490196078431 0.000980392156863 0.0 1 1
2170.0 2170 2170 0.0 0 0 0.0 0.0 0.0 0 1
2179.0 2179 2179 0.0 0 0 0.0 0.0 0.0 0 1
345.119402985 2034 0 262.134328358 1428 0 0.691169762307 1.0 0.0 66 1
217.170212766 2225 2 185.138297872 1385 0 0.609671373655 0.956862745098 0.0 93 1
2056.0 2056 2056 0.0 0 0 0.0 0.0 0.0 0 1
2213.0 2213 2213 0.0 0 0 0.0 0.0 0.0 0 1
1985.0 1985 1985 0.0 0 0 0.0 0.0 0.0 0 1
2146.0 2188 2078 0.333333333333 1 0 0.000152276534186 0.000456829602558 0.0 2 1
2090.6 2162 1986 1.4 3 0 0.000659052833394 0.0014164305949 0.0 4 1
2097.0 2097 2097 0.0 0 0 0.0 0.0 0.0 0 1
1879.0 1889 1869 0.5 1 0 0.00026455026455 0.000529100529101 0.0 1 1
240.637168142 2128 0 158.495575221 1396 0 0.589824410537 1.0 0.0 112 0
413.081081081 2019 3 228.891891892 1567 0 0.522247869657 0.944071588367 0.0 73 1
2123.0 2167 2079 0.5 1 0 0.000230627306273 0.000461254612546 0.0 1 1
444.031746032 2145 1 256.53968254 1331 0 0.633600011642 0.949152542373 0.0 62 1
2271.5 2325 2218 0.5 1 0 0.000214961306965 0.000429922613929 0.0 1 1
1947.5 1956 1939 0.5 1 0 0.000255493101686 0.000510986203373 0.0 1 1
295.714285714 2179 0 217.404761905 1538 0 0.597928504527 1.0 0.0 83 1
215.987341772 2079 0 226.911392405 1480 0 0.73236010679 1.0 0.0 78 0
417.816901408 2107 1 251.084507042 1432 0 0.548416608423 0.957360406091 0.0 70 1
304.875 2146 0 174.259615385 1598 0 0.565497196539 1.0 0.0 103 0
2120.5 2141 2100 0.5 1 0 0.000233426704015 0.00046685340803 0.0 1 1
2101.0 2118 2084 0.5 1 0 0.000239808153477 0.000479616306954 0.0 1 1
345.75 2226 0 217.670454545 1554 0 0.60503720378 1.0 0.0 87 1
2189.5 2232 2147 0.5 1 0 0.000232774674115 0.000465549348231 0.0 1 1
1959.0 1959 1959 0.0 0 0 0.0 0.0 0.0 0 1
2044.0 2044 2044 0.0 0 0 0.0 0.0 0.0 0 1
363.475 2038 0 220.2875 1403 0 0.729461574999 1.0 0.0 79 1
2119.5 2143 2096 0.5 1 0 0.000238435860753 0.000476871721507 0.0 1 1
175.220183486 2157 0 165.174311927 1461 0 0.578209355394 1.0 0.0 108 1
291.044117647 2033 0 249.220588235 1392 0 0.716269849994 1.0 0.0 67 0
2123.0 2123 2123 0.0 0 0 0.0 0.0 0.0 0 1
312.240506329 2163 0 208.037974684 1412 0 0.575276793286 1.0 0.0 78 1
307.0625 2102 0 188.833333333 1391 0 0.665789092548 1.0 0.0 95 0
2064.0 2081 2047 0.5 1 0 0.000244140625 0.00048828125 0.0 1 1
2002.0 2002 2002 0.0 0 0 0.0 0.0 0.0 0 1
341.378378378 2047 1 245.108108108 1391 0 0.612333243518 0.954545454545 0.0 73 1
2138.0 2138 2138 0.0 0 0 0.0 0.0 0.0 0 1
2166.5 2172 2161 0.5 1 0 0.000231267345051 0.000462534690102 0.0 1 1
1911.0 1911 1911 0.0 0 0 0.0 0.0 0.0 0 1
2009.0 2064 1942 1.25 4 0 0.000617598569129 0.0019436345967 0.0 7 1
2068.0 2075 2061 0.5 1 0 0.000242483026188 0.000484966052376 0.0 1 1
2155.0 2155 2155 0.0 0 0 0.0 0.0 0.0 0 1
257.716216216 2093 0 214.256756757 1277 0 0.68436910028 1.0 0.0 73 0
544.508196721 2063 3 279.918032787 1405 0 0.522198623003 0.935578330893 0.0 60 1
323.508474576 2132 0 291.406779661 1387 0 0.712053650651 1.0 0.0 58 1
2038.0 2038 2038 0.0 0 0 0.0 0.0 0.0 0 1
381.263157895 2173 0 220.052631579 1499 0 0.722261935024 1.0 0.0 75 0
2068.0 2098 2038 0.5 1 0 0.000238208670796 0.000476417341591 0.0 1 1
1855.0 1855 1855 0.0 0 0 0.0 0.0 0.0 0 1
2180.0 2180 2180 0.0 0 0 0.0 0.0 0.0 0 1
197.925233645 2144 0 165.14953271 1421 0 0.660427299699 1.0 0.0 106 1
2129.0 2129 2129 0.0 0 0 0.0 0.0 0.0 0 1
2148.0 2148 2148 0.0 0 0 0.0 0.0 0.0 0 1
2223.0 2249 2197 0.5 1 0 0.000222222222222 0.000444444444444 0.0 1 1
2167.5 2189 2146 0.5 1 0 0.000228310502283 0.000456621004566 0.0 1 1
2076.0 2076 2076 0.0 0 0 0.0 0.0 0.0 0 1
1976.0 1976 1976 0.0 0 0 0.0 0.0 0.0 0 1
369.915662651 2004 0 210.180722892 1409 0 0.64281911653 1.0 0.0 82 0
2029.57142857 2142 1939 1.42857142857 3 0 0.00069430233225 0.00149105367793 0.0 6 1
229.16091954 2106 0 201.413793103 1416 0 0.665206763955 1.0 0.0 86 0
470.127272727 2103 0 313.163636364 1441 0 0.63551776058 1.0 0.0 54 1
1850.5 1885 1785 0.5 1 0 0.00026941796792 0.000544069640914 0.0 5 1
312.317460317 2133 1 286.888888889 1395 0 0.669275033504 0.954545454545 0.0 62 1
2060.0 2077 2043 1.0 2 0 0.000488997555012 0.000977995110024 0.0 1 1
1953.0 1953 1953 0.0 0 0 0.0 0.0 0.0 0 1
2058.33333333 2086 2033 0.666666666667 1 0 0.000325928985245 0.000491642084562 0.0 2 1
2172.33333333 2184 2163 0.666666666667 1 0 0.000307574811986 0.000462107208872 0.0 2 1
2087.0 2132 2021 0.0 0 0 0.0 0.0 0.0 3 1
1923.33333333 1970 1849 1.83333333333 3 0 0.000954564287748 0.00156739811912 0.0 5 1
351.78313253 2216 0 216.734939759 1444 0 0.649625823195 1.0 0.0 82 1
2148.83333333 2193 2107 0.833333333333 1 0 0.000386203234738 0.000473036896878 0.0 5 1
2066.0 2066 2066 0.0 0 0 0.0 0.0 0.0 0 1
2028.0 2030 2026 0.0 0 0 0.0 0.0 0.0 1 1
2068.5 2078 2059 0.0 0 0 0.0 0.0 0.0 1 1
342.948275862 2088 0 269.189655172 1419 0 0.69169713296 1.0 0.0 57 0
2103.5 2166 2044 1.33333333333 2 0 0.000626030251416 0.000935891436593 0.0 5 1
2189.0 2189 2189 0.0 0 0 0.0 0.0 0.0 0 1
2075.0 2075 2075 0.0 0 0 0.0 0.0 0.0 0 1
1966.0 1966 1966 0.0 0 0 0.0 0.0 0.0 0 1
2077.8 2087 2060 1.0 2 0 0.000480458028007 0.000959692898273 0.0 4 1
1910.0 1910 1910 0.0 0 0 0.0 0.0 0.0 0 1
1916.33333333 1991 1878 0.666666666667 1 0 0.000344546714236 0.000531632110579 0.0 2 1
2140.75 2197 2084 0.25 1 0 0.00011655011655 0.0004662004662 0.0 3 1
2047.25 2075 2014 0.5 2 0 0.000242248062016 0.000968992248062 0.0 3 1
2118.0 2194 2025 0.333333333333 1 0 0.000156054931336 0.000468164794007 0.0 2 1
1915.5 1935 1896 0.0 0 0 0.0 0.0 0.0 1 1
217.063063063 2255 0 171.54954955 1547 0 0.482854169218 0.96875 0.0 110 1
1927.5 1963 1892 0.0 0 0 0.0 0.0 0.0 1 1
2017.25 2052 1974 0.5 1 0 0.00024547415315 0.000494804552202 0.0 3 1
382.877192982 2419 1 302.807017544 1455 0 0.651331144727 0.946737683089 0.0 56 1
2271.0 2271 2271 0.0 0 0 0.0 0.0 0.0 0 1
357.384615385 1946 3 288.346153846 1278 0 0.592503702413 0.930458970793 0.0 51 1
2063.4 2106 2022 0.8 2 0 0.000382560020723 0.000955566172957 0.0 4 1
2034.25 2129 1983 0.625 2 0 0.000302482067937 0.000938526513374 0.0 7 1
315.14516129 2219 0 291.887096774 1533 0 0.732271452035 1.0 0.0 61 0
336.099009901 2335 0 177.712871287 1465 0 0.582752202574 1.0 0.0 100 1
2079.5 2089 2070 0.5 1 0 0.000239234449761 0.000478468899522 0.0 1 1
2059.42857143 2081 2030 1.42857142857 3 0 0.000693310254372 0.0014627011214 0.0 6 1
289.517647059 2107 0 191.388235294 1383 0 0.620819970385 1.0 0.0 84 1
332.833333333 1946 4 320.666666667 1516 0 0.640679002168 0.943722943723 0.0 53 1
1886.0 1886 1886 0.0 0 0 0.0 0.0 0.0 0 1
2024.0 2024 2024 0.0 0 0 0.0 0.0 0.0 0 1
2083.66666667 2106 2061 0.0 0 0 0.0 0.0 0.0 2 1
2155.0 2155 2155 0.0 0 0 0.0 0.0 0.0 0 1
2051.66666667 2081 2005 0.666666666667 1 0 0.000326270627758 0.00049850448654 0.0 2 1
290.805555556 2188 0 235.930555556 1455 0 0.635179920061 1.0 0.0 71 1
322.358208955 2115 0 265.746268657 1603 0 0.633978863106 1.0 0.0 66 1
1967.16666667 2053 1882 0.5 2 0 0.000248143154208 0.00100200400802 0.0 5 1
226.164835165 1924 0 201.21978022 1526 0 0.675961861885 1.0 0.0 90 0
2059.0 2166 1888 0.909090909091 2 0 0.000430670878567 0.000975134080936 0.0 10 1
1985.0 1985 1985 0.0 0 0 0.0 0.0 0.0 0 1
382.333333333 2218 5 283.983333333 1456 0 0.546005828279 0.938393839384 0.0 59 1
432.723076923 1933 0 252.123076923 1359 0 0.594920035284 1.0 0.0 64 1
349.772727273 2161 1 260.46969697 1474 0 0.623412037351 0.965517241379 0.0 65 1
231.117021277 2090 0 200.574468085 1472 0 0.631450255185 1.0 0.0 93 0
447.754716981 2140 2 329.547169811 1567 0 0.524700330867 0.939498703544 0.0 52 1
1985.0 1985 1985 0.0 0 0 0.0 0.0 0.0 0 1
469.338709677 2203 1 278.112903226 1411 0 0.583885268973 0.93023255814 0.0 61 1
2101.25 2136 2072 0.25 1 0 0.000118147448015 0.00047258979206 0.0 3 1
1835.0 1839 1831 0.0 0 0 0.0 0.0 0.0 1 1
211.663793103 2089 0 160.896551724 1473 0 0.586132177369 1.0 0.0 115 1
270.285714286 2003 0 255.485714286 1445 0 0.726640987819 1.0 0.0 69 0
2109.0 2109 2109 0.0 0 0 0.0 0.0 0.0 0 1
1993.75 2085 1928 0.0 0 0 0.0 0.0 0.0 3 1
352.625 2283 0 224.5375 1605 0 0.672120655049 1.0 0.0 79 0
2140.5 2179 2102 0.0 0 0 0.0 0.0 0.0 1 1
1959.33333333 1966 1951 0.0 0 0 0.0 0.0 0.0 2 1
375.698113208 2190 3 311.452830189 1379 0 0.647974136604 0.956081081081 0.0 52 1
2304.0 2324 2284 0.5 1 0 0.000218818380744 0.000437636761488 0.0 1 1
2114.4 2178 2062 1.0 2 0 0.000467684993117 0.000917431192661 0.0 4 1
2102.0 2102 2102 0.0 0 0 0.0 0.0 0.0 0 1
294.671232877 2029 0 240.328767123 1394 0 0.613956855452 1.0 0.0 72 1
367.310344828 1922 0 281.965517241 1377 0 0.678282765704 1.0 0.0 57 1
379.508474576 2051 0 281.254237288 1361 0 0.654102531296 1.0 0.0 58 1
323.743902439 2106 0 205.146341463 1361 0 0.710249605992 1.0 0.0 81 0
2199.0 2199 2199 0.0 0 0 0.0 0.0 0.0 0 1
365.965517241 2059 0 269.913793103 1363 0 0.684401431669 1.0 0.0 57 0
1954.8 2002 1860 1.4 3 0 0.000709502383402 0.00151285930408 0.0 9 1
2025.5 2050 2001 0.0 0 0 0.0 0.0 0.0 1 1
2116.0 2116 2116 0.0 0 0 0.0 0.0 0.0 0 1
2083.5 2111 2043 0.75 1 0 0.00035972802882 0.000489236790607 0.0 3 1
1970.0 2010 1930 0.5 1 0 0.000248632521134 0.000497265042268 0.0 1 1
183.100917431 2187 0 176.917431193 1576 0 0.643229655001 1.0 0.0 108 0
532.830769231 2193 1 272.953846154 1546 0 0.590163243406 0.959459459459 0.0 64 1
292.441558442 2027 0 210.844155844 1343 0 0.658156263113 1.0 0.0 76 0
327.142857143 2082 1 248.471428571 1485 0 0.620623918407 0.944444444444 0.0 69 1
417.780821918 2187 0 235.301369863 1493 0 0.595134755361 1.0 0.0 72 1
2194.14285714 2257 2100 0.142857142857 1 0 6.51720542231e-05 0.000456204379562 0.0 6 1
2129.0 2129 2129 0.0 0 0 0.0 0.0 0.0 0 1
287.905405405 1982 0 224.013513514 1394 0 0.736716577098 1.0 0.0 73 0
1971.0 1971 1971 0.0 0 0 0.0 0.0 0.0 0 1
344.312 2237 0 136.176 1378 0 0.599695372075 1.0 0.0 124 0
186.601503759 1961 0 134.661654135 1383 0 0.678675470665 1.0 0.0 132 0
2108.0 2108 2108 0.0 0 0 0.0 0.0 0.0 0 1
306.64 2092 2 241.693333333 1444 0 0.576559120991 0.95652173913 0.0 74 1
2118.5 2143 2094 0.5 1 0 0.000233208955224 0.000466417910448 0.0 1 1
2167.0 2167 2167 0.0 0 0 0.0 0.0 0.0 0 1
2066.66666667 2077 2061 0.333333333333 1 0 0.000161655350792 0.000484966052376 0.0 2 1
2015.0 2015 2015 0.0 0 0 0.0 0.0 0.0 0 1
2143.0 2143 2143 0.0 0 0 0.0 0.0 0.0 0 1
2098.0 2098 2098 0.0 0 0 0.0 0.0 0.0 0 1
2003.0 2063 1934 0.333333333333 1 0 0.000165590329525 0.000496770988574 0.0 2 1
295.080645161 2049 3 270.274193548 1562 0 0.507411528794 0.945692883895 0.0 61 1
1911.0 1940 1882 0.0 0 0 0.0 0.0 0.0 1 1
2239.0 2239 2239 0.0 0 0 0.0 0.0 0.0 0 1
185.096 2051 0 135.72 1302 0 0.643319429847 1.0 0.0 124 0
2104.0 2104 2104 0.0 0 0 0.0 0.0 0.0 0 1
313.238095238 2166 0 212.464285714 1445 0 0.595069151178 1.0 0.0 83 0
2194.33333333 2216 2176 0.333333333333 1 0 0.000152068126521 0.000456204379562 0.0 2 1
2003.0 2003 2003 0.0 0 0 0.0 0.0 0.0 0 1
363.929577465 2146 1 231.633802817 1319 0 0.546538003073 0.967741935484 0.0 70 1
361.265625 2064 1 264.125 1356 0 0.584795690078 0.961538461538 0.0 63 1
1938.25 1954 1928 0.5 1 0 0.000256478060897 0.000514403292181 0.0 3 1
245.125 2172 0 216.522727273 1543 0 0.737082037561 1.0 0.0 87 1
2118.0 2118 2118 0.0 0 0 0.0 0.0 0.0 0 1
398.506024096 2244 0 202.831325301 1502 0 0.61534011068 1.0 0.0 82 1
1941.0 1941 1941 0.0 0 0 0.0 0.0 0.0 0 1
2219.0 2245 2193 0.5 1 0 0.000222617987533 0.000445235975067 0.0 1 1
303.726027397 1982 3 238.931506849 1370 0 0.515655427195 0.94 0.0 72 1
2129.16666667 2176 2094 0.833333333333 2 0 0.000391854281801 0.000933271115259 0.0 5 1
2065.0 2083 2047 0.5 1 0 0.000244140625 0.00048828125 0.0 1 1
458.823529412 2083 0 247.220588235 1377 0 0.678067517532 1.0 0.0 67 0
2179.0 2179 2179 0.0 0 0 0.0 0.0 0.0 0 1
2242.0 2260 2228 0.333333333333 1 0 0.000148875986303 0.00044662795891 0.0 2 1
1943.0 1943 1943 0.0 0 0 0.0 0.0 0.0 0 1
2091.0 2094 2088 1.0 2 0 0.000477099236641 0.000954198473282 0.0 1 1
2151.5 2163 2140 0.5 1 0 0.000233535730967 0.000467071461934 0.0 1 1
1959.0 1959 1959 0.0 0 0 0.0 0.0 0.0 0 1
337.629213483 2015 0 205.483146067 1525 0 0.66307956159 1.0 0.0 88 0
2177.0 2177 2177 0.0 0 0 0.0 0.0 0.0 0 1
2051.0 2075 2027 0.0 0 0 0.0 0.0 0.0 1 1
2094.75 2124 2057 1.5 3 0 0.000718012534299 0.00142314990512 0.0 3 1
410.730769231 2274 0 340.019230769 1533 0 0.69807674719 1.0 0.0 51 1
2030.0 2030 2030 0.0 0 0 0.0 0.0 0.0 0 1
311.384615385 2013 0 235.512820513 1464 0 0.685423461762 1.0 0.0 77 0
2013.0 2036 1990 0.5 1 0 0.000245459008346 0.000490918016691 0.0 1 1
2031.0 2044 2007 0.666666666667 1 0 0.000326157938471 0.000489476260401 0.0 2 1
1906.0 1906 1906 0.0 0 0 0.0 0.0 0.0 0 1
1974.0 1974 1974 0.0 0 0 0.0 0.0 0.0 0 1
398.921875 2020 0 258.828125 1342 0 0.596683772476 1.0 0.0 63 0
289.882352941 2233 0 218.658823529 1572 0 0.650579805859 1.0 0.0 84 0
1993.42857143 2119 1851 0.714285714286 2 0 0.000359060781733 0.00101061141991 0.0 6 1
368.054545455 1991 1 286.0 1308 0 0.577253298437 0.97619047619 0.0 54 1
213.505747126 1968 0 198.390804598 1279 0 0.593320614516 1.0 0.0 86 1
2176.0 2176 2176 0.0 0 0 0.0 0.0 0.0 0 1
2134.0 2134 2134 0.0 0 0 0.0 0.0 0.0 0 1
2023.75 2043 2015 1.0 2 0 0.000492330389101 0.000977995110024 0.0 3 1
2144.33333333 2173 2127 0.666666666667 1 0 0.000309528387374 0.000468603561387 0.0 2 1
349.88 2141 0 230.893333333 1476 0 0.673691774633 1.0 0.0 74 0
1961.0 1993 1929 0.5 1 0 0.00025075225677 0.000501504513541 0.0 1 1
453.493670886 2003 0 220.075949367 1479 0 0.591615495494 1.0 0.0 78 0
337.293333333 2249 0 251.6 1602 0 0.651247540623 1.0 0.0 74 0
2035.0 2035 2035 0.0 0 0 0.0 0.0 0.0 0 1
2171.0 2195 2147 0.0 0 0 0.0 0.0 0.0 1 1
1903.0 1903 1903 0.0 0 0 0.0 0.0 0.0 0 1
264.967032967 2059 0 189.879120879 1492 0 0.644914727633 1.0 0.0 90 0
1981.0 1981 1981 0.0 0 0 0.0 0.0 0.0 0 1
2155.33333333 2224 2090 0.666666666667 2 0 0.000299490865529 0.000898472596586 0.0 2 1
2110.0 2125 2088 1.0 2 0 0.000470811673999 0.000940291490362 0.0 2 1
2090.0 2104 2076 1.0 2 0 0.000481231953802 0.000962463907603 0.0 1 1
291.356164384 1988 0 212.780821918 1220 0 0.725844521734 1.0 0.0 72 0
2151.0 2151 2151 0.0 0 0 0.0 0.0 0.0 0 1
289.101123596 2067 0 189.865168539 1398 0 0.636561653518 1.0 0.0 88 0
491.22 2180 2 352.64 1547 0 0.601970822501 0.943661971831 0.0 49 1
217.717948718 1973 4 209.307692308 1436 0 0.616230781056 0.926261319534 0.0 77 1
2100.0 2100 2100 0.0 0 0 0.0 0.0 0.0 0 1
283.644444444 2242 0 212.022222222 1651 0 0.665989637446 1.0 0.0 89 0
372.285714286 2037 3 275.457142857 1686 0 0.591894351177 0.951536643026 0.0 69 1
2156.66666667 2199 2120 0.333333333333 1 0 0.000157158573 0.000471475719 0.0 2 1
276.573033708 2195 4 206.393258427 1520 0 0.501665220272 0.935574229692 0.0 88 1
1911.66666667 1956 1863 0.666666666667 1 0 0.000344211537448 0.000521648408972 0.0 2 1
1985.5 2005 1966 0.0 0 0 0.0 0.0 0.0 1 1
2148.0 2171 2125 0.0 0 0 0.0 0.0 0.0 1 1
221.653061224 2049 0 191.193877551 1384 0 0.729452933709 1.0 0.0 97 1
2016.5 2056 1977 1.0 2 0 0.000485908649174 0.000971817298348 0.0 1 1
2294.0 2294 2294 0.0 0 0 0.0 0.0 0.0 0 1
2166.0 2166 2166 0.0 0 0 0.0 0.0 0.0 0 1
2079.85714286 2108 2025 1.57142857143 4 0 0.000759693088184 0.0019714144899 0.0 6 1
222.292682927 2065 0 195.804878049 1278 0 0.673115272728 1.0 0.0 81 0
367.704918033 1999 0 270.344262295 1414 0 0.704596802495 1.0 0.0 60 1
2179.5 2247 2112 0.0 0 0 0.0 0.0 0.0 1 1
164.71 1987 0 173.51 1360 0 0.732421733854 1.0 0.0 99 0
302.119402985 2096 1 259.820895522 1343 0 0.619504658966 0.940298507463 0.0 66 1
278.09375 2158 0 190.041666667 1385 0 0.607633307222 1.0 0.0 95 1
335.098591549 2068 0 255.197183099 1541 0 0.701590977443 1.0 0.0 70 0
2073.66666667 2084 2068 0.0 0 0 0.0 0.0 0.0 2 1
1991.66666667 2009 1976 0.0 0 0 0.0 0.0 0.0 2 1
2008.0 2041 1954 0.0 0 0 0.0 0.0 0.0 2 1
2047.5 2082 2013 0.0 0 0 0.0 0.0 0.0 1 1
2025.0 2025 2025 0.0 0 0 0.0 0.0 0.0 0 1
296.338461538 2120 2 270.753846154 1457 0 0.632902667491 0.961038961039 0.0 64 1
2082.66666667 2140 2043 0.666666666667 1 0 0.000318769417513 0.000489236790607 0.0 2 1
234.246753247 2126 1 230.766233766 1574 0 0.55666487849 0.935689045936 0.0 76 1
293.319587629 1940 0 164.670103093 1267 0 0.512391408605 1.0 0.0 96 0
231.485148515 2084 0 184.277227723 1525 0 0.638134417395 1.0 0.0 100 0
251.098765432 2239 0 242.851851852 1543 0 0.670920963017 1.0 0.0 80 0
291.233766234 2000 0 220.298701299 1369 0 0.637328874711 1.0 0.0 76 1
1952.66666667 1973 1930 1.66666666667 3 0 0.000846730343409 0.00151821862348 0.0 2 1
419.373333333 1998 1 223.013333333 1320 0 0.573833554191 0.946210268949 0.0 74 1
2126.0 2126 2126 0.0 0 0 0.0 0.0 0.0 0 1
2069.0 2069 2069 0.0 0 0 0.0 0.0 0.0 0 1
310.5 2116 0 194.866666667 1429 0 0.726610275004 1.0 0.0 89 0
2098.0 2098 2098 0.0 0 0 0.0 0.0 0.0 0 1
324.538461538 2085 1 265.615384615 1539 0 0.602542906985 0.935278030994 0.0 64 1
2132.5 2176 2089 0.0 0 0 0.0 0.0 0.0 1 1
2073.0 2073 2073 0.0 0 0 0.0 0.0 0.0 0 1
363.921052632 2173 0 215.105263158 1318 0 0.723756630401 1.0 0.0 75 0
2029.5 2059 2000 0.0 0 0 0.0 0.0 0.0 1 1
1974.0 1974 1974 0.0 0 0 0.0 0.0 0.0 0 1
2011.5 2085 1948 0.5 2 0 0.00025157153607 0.00101265822785 0.0 5 1
2130.0 2130 2130 0.0 0 0 0.0 0.0 0.0 0 1
2041.0 2041 2041 0.0 0 0 0.0 0.0 0.0 0 1
356.795918367 2021 1 371.408163265 1572 0 0.660393493407 0.947115384615 0.0 48 1
2011.0 2011 2011 0.0 0 0 0.0 0.0 0.0 0 1
2059.0 2059 2059 0.0 0 0 0.0 0.0 0.0 0 1
2255.0 2255 2255 0.0 0 0 0.0 0.0 0.0 0 1
2060.0 2060 2060 0.0 0 0 0.0 0.0 0.0 0 1
2162.2 2202 2115 1.0 2 0 0.000460365937459 0.000908677873694 0.0 4 1
2028.4 2076 1973 1.2 2 0 0.000597135634979 0.00101265822785 0.0 4 1
2020.75 2049 2001 0.5 1 0 0.000249625623877 0.0004995004995 0.0 3 1
257.043956044 2016 0 181.956043956 1473 0 0.669972858406 1.0 0.0 90 0
316.582278481 1961 0 214.898734177 1361 0 0.613573950911 1.0 0.0 78 0
273.452631579 2233 1 190.778947368 1395 0 0.572193655004 0.929545454545 0.0 94 1
1975.0 1975 1975 0.0 0 0 0.0 0.0 0.0 0 1
1962.0 1962 1962 0.0 0 0 0.0 0.0 0.0 0 1
2200.33333333 2219 2187 0.333333333333 1 0 0.00015015015015 0.00045045045045 0.0 2 1
2128.5 2151 2106 0.5 1 0 0.000232342007435 0.00046468401487 0.0 1 1
570.868852459 2127 2 296.573770492 1492 0 0.518977745054 0.943355119826 0.0 60 1
645.761904762 2197 1 202.928571429 1389 0 0.480087725494 0.96875 0.0 83 1
1910.33333333 1952 1855 0.666666666667 1 0 0.000343837763193 0.000519480519481 0.0 2 1
2099.0 2099 2099 0.0 0 0 0.0 0.0 0.0 0 1
1875.0 1875 1875 0.0 0 0 0.0 0.0 0.0 0 1
2141.5 2187 2096 1.0 2 0 0.000456829602558 0.000913659205116 0.0 1 1
238.186666667 1998 0 233.2 1268 0 0.650905922144 1.0 0.0 74 1
2036.0 2036 2036 0.0 0 0 0.0 0.0 0.0 0 1
2005.28 2193 1907 1.48 4 0 0.000736998833333 0.00202122283982 0.0 24 1
236.346534653 1960 0 180.336633663 1472 0 0.607364448153 1.0 0.0 100 0
405.655913978 2102 0 187.806451613 1377 0 0.573933892355 1.0 0.0 92 0
270.75 2180 0 203.333333333 1365 0 0.681470203869 1.0 0.0 83 0
294.743589744 2079 0 224.974358974 1362 0 0.69054798657 1.0 0.0 77 0
367.714285714 2146 0 240.828571429 1450 0 0.559134083113 1.0 0.0 69 0
392.902777778 2165 0 246.291666667 1452 0 0.626206403971 1.0 0.0 71 1
2077.0 2077 2077 0.0 0 0 0.0 0.0 0.0 0 1
1991.0 1991 1991 0.0 0 0 0.0 0.0 0.0 0 1
2232.5 2259 2206 1.0 2 0 0.000452898550725 0.000905797101449 0.0 1 1
1977.0 2005 1949 0.0 0 0 0.0 0.0 0.0 1 1
2182.0 2182 2182 0.0 0 0 0.0 0.0 0.0 0 1
401.013333333 2186 0 231.88 1465 0 0.660533875855 1.0 0.0 74 0
2128.5 2136 2121 0.5 1 0 0.000233972859148 0.000467945718297 0.0 1 1
332.556701031 2063 0 186.463917526 1505 0 0.689506684128 1.0 0.0 96 0
2002.66666667 2023 1988 0.666666666667 1 0 0.000331523882249 0.000500500500501 0.0 2 1
271.41025641 2080 0 217.153846154 1395 0 0.714977363587 1.0 0.0 77 1
2265.0 2265 2265 0.0 0 0 0.0 0.0 0.0 0 1
2087.0 2106 2068 0.5 1 0 0.000237304224015 0.00047460844803 0.0 1 1
2144.0 2144 2144 0.0 0 0 0.0 0.0 0.0 0 1
2223.0 2223 2223 0.0 0 0 0.0 0.0 0.0 0 1
2023.0 2023 2023 0.0 0 0 0.0 0.0 0.0 0 1
258.6 2164 0 210.3 1404 0 0.561985886112 1.0 0.0 79 1
349.80952381 2062 3 256.222222222 1396 0 0.549045995922 0.934856175973 0.0 62 1
207.037037037 2290 0 176.740740741 1631 0 0.608993903306 1.0 0.0 107 1
460.858974359 2180 0 224.961538462 1633 0 0.632654717071 1.0 0.0 77 1
218.924528302 2147 0 165.188679245 1642 0 0.680954332864 1.0 0.0 105 0
380.610169492 2006 1 296.508474576 1475 0 0.631656832589 0.947027027027 0.0 58 1
273.656716418 2044 0 251.805970149 1404 0 0.73226851238 1.0 0.0 66 1
2065.75 2113 2014 0.5 1 0 0.000242328703128 0.000496277915633 0.0 3 1
2163.5 2198 2129 0.5 1 0 0.000227376080036 0.000454752160073 0.0 1 1
368.310344828 2062 0 300.103448276 1481 0 0.723150013305 1.0 0.0 57 0
421.018867925 2033 0 318.150943396 1396 0 0.723759484238 1.0 0.0 52 0
2086.0 2086 2086 0.0 0 0 0.0 0.0 0.0 0 1
2016.5 2065 1990 0.25 1 0 0.000121006776379 0.000484027105518 0.0 3 1
205.431818182 2122 0 203.454545455 1452 0 0.689732590448 1.0 0.0 87 0
356.028985507 2165 0 252.942028986 1435 0 0.669496289072 1.0 0.0 68 1
323.7625 2097 0 205.6 1487 0 0.607542823491 1.0 0.0 79 0
2056.75 2087 2039 0.5 1 0 0.000241091024067 0.000485436893204 0.0 3 1
288.3 2012 0 255.171428571 1402 0 0.678632442885 1.0 0.0 69 0
1948.0 2051 1901 2.0 5 0 0.00102277898742 0.00261917234154 0.0 7 1
2067.0 2067 2067 0.0 0 0 0.0 0.0 0.0 0 1
2072.5 2076 2069 0.0 0 0 0.0 0.0 0.0 1 1
1941.3 2020 1847 1.7 4 0 0.000873941571778 0.00211081794195 0.0 9 1
2123.0 2123 2123 0.0 0 0 0.0 0.0 0.0 0 1
2093.25 2141 2066 0.75 1 0 0.000356640112176 0.000481695568401 0.0 3 1
293.567567568 2130 0 244.554054054 1375 0 0.754917617126 1.0 0.0 73 0
296.650793651 1993 0 283.412698413 1433 0 0.737625267235 1.0 0.0 62 0
2151.5 2193 2110 0.0 0 0 0.0 0.0 0.0 1 1
368.276315789 2080 0 213.263157895 1427 0 0.53612669027 1.0 0.0 75 1
1972.625 2023 1911 0.875 3 0 0.000445060886523 0.00154004106776 0.0 7 1
206.89 2022 0 174.61 1475 0 0.552486659099 1.0 0.0 99 1
1932.0 1932 1932 0.0 0 0 0.0 0.0 0.0 0 1
2222.0 2222 2222 0.0 0 0 0.0 0.0 0.0 0 1
2181.0 2219 2143 0.5 1 0 0.000225225225225 0.00045045045045 0.0 1 1
2117.0 2117 2117 0.0 0 0 0.0 0.0 0.0 0 1
232.300884956 2028 0 149.10619469 1370 0 0.471469795393 1.0 0.0 112 1
2067.0 2067 2067 0.0 0 0 0.0 0.0 0.0 0 1
418.53030303 2126 1 250.409090909 1406 0 0.606233289528 0.94617868676 0.0 65 1
263.654320988 2013 0 225.271604938 1334 0 0.665351386701 1.0 0.0 80 1
2089.0 2106 2072 0.0 0 0 0.0 0.0 0.0 1 1
2133.0 2133 2133 0.0 0 0 0.0 0.0 0.0 0 1
263.527777778 2129 0 245.0 1420 0 0.730462725709 1.0 0.0 71 0
523.068965517 2224 0 190.67816092 1368 0 0.606780218486 1.0 0.0 86 0
2019.4 2076 1982 0.2 1 0 9.62927298989e-05 0.000481463649494 0.0 4 1
1989.33333333 2024 1957 0.0 0 0 0.0 0.0 0.0 2 1
313.547945205 2295 0 258.95890411 1601 0 0.670997618211 1.0 0.0 72 0
2051.33333333 2095 2015 0.666666666667 1 0 0.000324376994224 0.000496031746032 0.0 2 1
1986.0 1986 1986 0.0 0 0 0.0 0.0 0.0 0 1
1958.8 2026 1908 1.0 2 0 0.000510575358438 0.00103039670273 0.0 4 1
2002.0 2002 2002 0.0 0 0 0.0 0.0 0.0 0 1
262.705882353 1901 2 257.75 1509 0 0.619902097906 0.937346437346 0.0 67 1
359.19047619 2174 4 261.349206349 1298 0 0.507829616268 0.935368043088 0.0 62 1
445.203703704 2063 1 325.740740741 1536 0 0.649177833082 0.975609756098 0.0 53 1
288.0 2103 0 168.604395604 1217 0 0.541042814333 1.0 0.0 90 1
318.850746269 2022 2 274.104477612 1461 0 0.586817319533 0.956685499058 0.0 66 1
1957.66666667 1971 1950 1.0 2 0 0.000512207644677 0.00102459016393 0.0 2 1
2094.66666667 2122 2072 1.0 2 0 0.000475684834555 0.000956022944551 0.0 2 1
373.685185185 2049 0 295.277777778 1223 0 0.659745506826 0.931841302136 0.0 53 1
2149.0 2156 2142 0.5 1 0 0.000233317778815 0.000466635557629 0.0 1 1
2015.0 2108 1948 1.0 2 0 0.000492749027224 0.000982800982801 0.0 5 1
565.683333333 2151 8 276.133333333 1452 0 0.514922073825 0.94609929078 0.0 59 1
244.9375 2152 3 183.46875 1558 0 0.537066068257 0.937007874016 0.0 95 1
1948.0 1948 1948 0.0 0 0 0.0 0.0 0.0 0 1
276.85915493 2122 3 264.957746479 1669 0 0.567261186674 0.964071856287 0.0 70 1
1896.8 1973 1776 0.8 2 0 0.000416993937296 0.00103305785124 0.0 4 1
1912.0 1912 1912 0.0 0 0 0.0 0.0 0.0 0 1
1982.0 1982 1982 0.0 0 0 0.0 0.0 0.0 0 1
2104.0 2104 2104 0.0 0 0 0.0 0.0 0.0 0 1
431.214285714 2029 0 229.985714286 1459 0 0.704778817913 1.0 0.0 69 1
504.333333333 2037 10 249.942028986 1388 0 0.462109829961 0.93572778828 0.0 68 1
354.038961039 2242 0 219.662337662 1533 0 0.654750389805 1.0 0.0 76 0
2003.5 2025 1982 0.5 1 0 0.000246791707799 0.000493583415597 0.0 1 1
2097.0 2097 2097 0.0 0 0 0.0 0.0 0.0 0 1
2036.0 2036 2036 0.0 0 0 0.0 0.0 0.0 0 1
2028.0 2028 2028 0.0 0 0 0.0 0.0 0.0 0 1
2134.0 2134 2134 0.0 0 0 0.0 0.0 0.0 0 1
2016.0 2031 2001 0.5 1 0 0.00024975024975 0.0004995004995 0.0 1 1
276.307692308 1976 0 216.038461538 1393 0 0.693859400958 1.0 0.0 77 0
2009.0 2017 2001 0.5 1 0 0.000247770069376 0.000495540138751 0.0 1 1
379.8125 2140 1 253.3125 1394 0 0.61316224205 0.960122699387 0.0 63 1
2097.0 2097 2097 0.0 0 0 0.0 0.0 0.0 0 1
355.169491525 2167 1 298.372881356 1575 0 0.645858388678 0.942917547569 0.0 58 1
332.835616438 2142 0 245.123287671 1473 0 0.62196616813 1.0 0.0 72 1
327.822222222 2139 0 199.677777778 1498 0 0.679923406275 1.0 0.0 89 0
1992.6 2025 1954 0.6 1 0 0.000303939486774 0.000511508951407 0.0 4 1
2027.0 2027 2027 0.0 0 0 0.0 0.0 0.0 0 1
1968.75 2008 1945 0.0 0 0 0.0 0.0 0.0 3 1
2050.5 2070 2031 0.5 1 0 0.000241429261226 0.000482858522453 0.0 1 1
1988.0 1992 1984 0.5 1 0 0.000250878073256 0.000501756146513 0.0 1 1
2001.5 2004 1999 0.5 1 0 0.00025 0.0005 0.0 1 1
2070.0 2070 2070 0.0 0 0 0.0 0.0 0.0 0 1
2033.53846154 2261 1910 0.923076923077 4 0 0.000448943520427 0.00176600441501 0.0 12 1
2004.0 2004 2004 0.0 0 0 0.0 0.0 0.0 0 1
351.705882353 2203 0 194.117647059 1364 0 0.669757530687 1.0 0.0 84 0
1949.0 1949 1949 0.0 0 0 0.0 0.0 0.0 0 1
2010.2 2065 1923 0.7 2 0 0.000348440899433 0.000984251968504 0.0 9 1
2089.66666667 2130 2025 0.666666666667 1 0 0.000314025498486 0.000472813238771 0.0 2 1
2123.0 2123 2123 0.0 0 0 0.0 0.0 0.0 0 1
256.148648649 2130 0 243.283783784 1551 0 0.77245999871 1.0 0.0 73 0
2158.0 2158 2158 0.0 0 0 0.0 0.0 0.0 0 1
1951.14285714 2027 1879 0.714285714286 2 0 0.000368216373166 0.00103145951521 0.0 6 1
2099.25 2141 2046 1.0 2 0 0.00047335460944 0.000954198473282 0.0 3 1
268.191489362 2324 0 194.138297872 1542 0 0.652018785507 1.0 0.0 93 0
2038.0 2038 2038 0.0 0 0 0.0 0.0 0.0 0 1
2052.875 2208 1911 2.25 5 0 0.00106349411148 0.00230946882217 0.0 7 1
1894.0 1910 1886 0.333333333333 1 0 0.000174428745857 0.000523286237572 0.0 2 1
228.382022472 2065 0 195.505617978 1503 0 0.585170789801 1.0 0.0 88 0
1945.0 1945 1945 0.0 0 0 0.0 0.0 0.0 0 1
375.733333333 2229 6 308.566666667 1615 0 0.592361225559 0.925465838509 0.0 59 1
2094.0 2100 2083 0.666666666667 1 0 0.000318603425295 0.000479846449136 0.0 2 1
2159.0 2170 2148 1.0 2 0 0.000460405156538 0.000920810313076 0.0 1 1
2078.0 2078 2078 0.0 0 0 0.0 0.0 0.0 0 1
187.457943925 2188 0 173.560747664 1555 0 0.610017207873 1.0 0.0 106 1
377.1 2067 1 275.216666667 1397 0 0.650461675734 0.936507936508 0.0 59 1
449.461538462 2378 0 331.5 1559 0 0.60282687684 0.933712121212 0.0 51 1
242.043478261 1967 1 217.014492754 1321 0 0.578727716681 0.952797202797 0.0 68 1
1927.5 1962 1901 0.5 1 0 0.00025982684151 0.000524109014675 0.0 3 1
376.454545455 2206 2 253.257575758 1421 0 0.586868062196 0.958083832335 0.0 65 1
2210.0 2210 2210 0.0 0 0 0.0 0.0 0.0 0 1
2163.33333333 2227 2098 0.333333333333 1 0 0.00015880578053 0.000476417341591 0.0 2 1
2032.2 2074 1988 0.6 2 0 0.000300507512688 0.00100502512563 0.0 4 1
340.15625 2029 0 274.34375 1472 0 0.685726393275 1.0 0.0 63 0
1969.0 1969 1969 0.0 0 0 0.0 0.0 0.0 0 1
322.703703704 2203 3 212.172839506 1382 0 0.576233657719 0.936857562408 0.0 80 1
456.326530612 2245 3 368.959183673 1537 0 0.603234892503 0.9265625 0.0 48 1
272.092307692 2081 0 240.369230769 1309 0 0.722617202305 1.0 0.0 64 0
1986.5 2006 1967 0.0 0 0 0.0 0.0 0.0 1 1
2067.66666667 2082 2045 0.666666666667 1 0 0.000322945121855 0.000488758553275 0.0 2 1
396.876712329 2045 3 195.205479452 1197 0 0.538462683319 0.970873786408 0.0 72 1
2104.5 2126 2083 0.0 0 0 0.0 0.0 0.0 1 1
189.078740157 1928 0 128.590551181 1217 0 0.576911924409 1.0 0.0 126 0
2007.0 2007 2007 0.0 0 0 0.0 0.0 0.0 0 1
1955.0 1955 1955 0.0 0 0 0.0 0.0 0.0 0 1
305.803030303 1994 1 243.848484848 1266 0 0.644214912098 0.933333333333 0.0 65 1
1948.0 1948 1948 0.0 0 0 0.0 0.0 0.0 0 1
194.814516129 2028 0 148.435483871 1431 0 0.671304999072 1.0 0.0 123 0
343.2 1982 0 249.671428571 1409 0 0.685776489414 1.0 0.0 69 0
1916.0 1916 1916 0.0 0 0 0.0 0.0 0.0 0 1
2141.0 2141 2141 0.0 0 0 0.0 0.0 0.0 0 1
1994.85714286 2061 1942 0.714285714286 1 0 0.000355828111714 0.00050454086781 0.0 6 1
2129.5 2143 2116 0.5 1 0 0.000233208955224 0.000466417910448 0.0 1 1
449.145833333 2143 2 185.53125 1316 0 0.566033703553 0.941747572816 0.0 95 1
2034.0 2034 2034 0.0 0 0 0.0 0.0 0.0 0 1
392.01 2155 0 184.06 1575 0 0.564289670822 1.0 0.0 99 0
310.12987013 1920 0 225.753246753 1371 0 0.616595020917 1.0 0.0 76 1
348.193548387 2233 0 283.774193548 1579 0 0.602551483301 1.0 0.0 61 1
2092.5 2103 2082 0.0 0 0 0.0 0.0 0.0 1 1
255.558139535 2207 0 195.709302326 1291 0 0.64717277808 1.0 0.0 85 1
2060.0 2094 2025 0.333333333333 1 0 0.000161655350792 0.000484966052376 0.0 2 1
2018.8 2057 1974 0.2 1 0 9.765625e-05 0.00048828125 0.0 4 1
380.828125 2097 1 288.609375 1571 0 0.647818001639 0.951060358891 0.0 63 1
1984.0 2000 1968 0.0 0 0 0.0 0.0 0.0 1 1
2114.0 2129 2099 0.0 0 0 0.0 0.0 0.0 1 1
2136.33333333 2172 2094 0.333333333333 1 0 0.000155472636816 0.000466417910448 0.0 2 1
1972.0 1972 1972 0.0 0 0 0.0 0.0 0.0 0 1
2037.33333333 2060 2018 0.666666666667 1 0 0.000325533949988 0.0004914004914 0.0 2 1
2039.0 2039 2039 0.0 0 0 0.0 0.0 0.0 0 1
344.5 2213 0 292.870967742 1436 0 0.723286462353 1.0 0.0 61 0
2222.0 2242 2202 0.5 1 0 0.000222915737851 0.000445831475702 0.0 1 1
372.5 1885 0 227.632352941 1376 0 0.654524533118 1.0 0.0 67 0
251.28125 2109 0 127.8203125 1389 0 0.499223251856 1.0 0.0 127 1
2124.0 2124 2124 0.0 0 0 0.0 0.0 0.0 0 1
2088.0 2088 2088 0.0 0 0 0.0 0.0 0.0 0 1
204.981308411 2026 0 166.925233645 1447 0 0.689761395646 1.0 0.0 106 0
2129.5 2211 2048 0.0 0 0 0.0 0.0 0.0 1 1
1908.0 1908 1908 0.0 0 0 0.0 0.0 0.0 0 1
2188.0 2188 2188 0.0 0 0 0.0 0.0 0.0 0 1
312.73015873 2151 0 266.650793651 1428 0 0.66791597188 1.0 0.0 62 1
2086.0 2118 2064 0.666666666667 1 0 0.000318727406177 0.000484261501211 0.0 2 1
2130.0 2130 2130 0.0 0 0 0.0 0.0 0.0 0 1
2091.66666667 2121 2074 0.333333333333 1 0 0.000157084511467 0.000471253534402 0.0 2 1
2119.0 2119 2119 0.0 0 0 0.0 0.0 0.0 0 1
2102.0 2113 2091 0.0 0 0 0.0 0.0 0.0 1 1
2025.0 2025 2025 0.0 0 0 0.0 0.0 0.0 0 1
1940.25 2046 1843 0.583333333333 2 0 0.000291402214708 0.000990589400693 0.0 11 1
2071.375 2136 1943 1.125 2 0 0.000535747706997 0.000938526513374 0.0 7 1
384.243243243 2086 0 233.081081081 1459 0 0.609265584737 1.0 0.0 73 1
376.885714286 2094 2 243.042857143 1415 0 0.597761376377 0.934640522876 0.0 69 1
301.489795918 1974 10 298.387755102 1347 0 0.591144999908 0.944256756757 0.0 48 1
336.52 2000 3 215.72 1216 0 0.493372568187 0.939524838013 0.0 74 1
238.298701299 2011 0 206.194805195 1345 0 0.777839909098 1.0 0.0 76 0
2000.0 2029 1971 0.0 0 0 0.0 0.0 0.0 1 1
2097.0 2230 1946 0.25 1 0 0.000112057373375 0.000448229493501 0.0 3 1
219.696428571 2102 0 166.285714286 1540 0 0.653201863246 1.0 0.0 111 1
1923.14285714 1961 1876 0.857142857143 2 0 0.000444503669876 0.00101884870097 0.0 6 1
2108.0 2108 2108 0.0 0 0 0.0 0.0 0.0 0 1
2132.5 2165 2100 0.5 1 0 0.000230840258541 0.000461680517082 0.0 1 1
2210.0 2210 2210 0.0 0 0 0.0 0.0 0.0 0 1
1930.0 1971 1889 0.0 0 0 0.0 0.0 0.0 1 1
280.967741935 2048 6 275.983870968 1430 0 0.540248325996 0.945652173913 0.0 61 1
224.825242718 2127 0 169.038834951 1338 0 0.686620139651 1.0 0.0 102 1
222.754901961 2141 0 185.421568627 1621 0 0.532429209287 1.0 0.0 101 0
2138.0 2138 2138 0.0 0 0 0.0 0.0 0.0 0 1
2057.0 2057 2057 0.0 0 0 0.0 0.0 0.0 0 1
237.1125 2090 0 221.9375 1458 0 0.719119806461 1.0 0.0 79 0
309.453333333 2348 1 234.2 1541 0 0.588589366369 0.937768240343 0.0 74 1
360.456790123 2045 0 217.222222222 1316 0 0.628713539656 1.0 0.0 80 1
383.690909091 2022 8 286.509090909 1293 0 0.558414350697 0.934959349593 0.0 54 1
2093.5 2121 2066 0.0 0 0 0.0 0.0 0.0 1 1
301.194029851 2163 0 266.014925373 1481 0 0.686114793384 1.0 0.0 66 0
2142.0 2142 2142 0.0 0 0 0.0 0.0 0.0 0 1
2107.0 2129 2084 0.8 2 0 0.000379257261644 0.000955109837631 0.0 4 1
300.113924051 1933 0 195.632911392 1245 0 0.690435434685 1.0 0.0 78 0
2205.88888889 2250 2141 1.22222222222 3 0 0.000550891258893 0.00133155792277 0.0 8 1
461.795180723 2292 0 212.78313253 1385 0 0.612965264636 1.0 0.0 82 1
1967.66666667 1985 1953 0.666666666667 1 0 0.000337390557231 0.000508646998983 0.0 2 1
2185.0 2217 2153 0.5 1 0 0.000225428313796 0.000450856627592 0.0 1 1
172.182692308 2033 0 172.951923077 1484 0 0.634466295601 1.0 0.0 103 0
1835.25 1895 1808 0.25 1 0 0.000137287204833 0.00054914881933 0.0 3 1
379.131868132 1998 0 180.978021978 1371 0 0.59565424101 1.0 0.0 90 1
296.617647059 2107 0 264.352941176 1583 0 0.701069879813 1.0 0.0 67 1
379.137254902 2049 6 334.176470588 1559 0 0.628226318024 0.948051948052 0.0 50 1
2042.0 2042 2042 0.0 0 0 0.0 0.0 0.0 0 1
432.161616162 2071 0 166.939393939 1426 0 0.605517547569 1.0 0.0 98 0
231.302083333 2104 2 182.604166667 1529 0 0.479270711131 0.960854092527 0.0 95 1
552.945945946 2085 0 167.153153153 1521 0 0.524384453578 1.0 0.0 110 0
2058.0 2067 2049 0.0 0 0 0.0 0.0 0.0 1 1
2181.72727273 2263 2106 0.636363636364 2 0 0.00029537907177 0.000941619585687 0.0 10 1
440.690909091 2338 2 329.218181818 1532 0 0.587169898302 0.961805555556 0.0 54 1
2185.0 2185 2185 0.0 0 0 0.0 0.0 0.0 0 1
450.098039216 2118 3 354.745098039 1590 0 0.637933440748 0.950581395349 0.0 50 1
328.37704918 1910 2 271.852459016 1320 0 0.642644199793 0.953488372093 0.0 60 1
200.210526316 2071 0 194.536842105 1583 0 0.72138878778 1.0 0.0 94 0
320.230769231 2117 0 327.307692308 1470 0 0.71677372683 1.0 0.0 51 0
1913.0 1913 1913 0.0 0 0 0.0 0.0 0.0 0 1
591.127906977 2211 0 205.406976744 1463 0 0.577259142818 1.0 0.0 85 0
2015.0 2015 2015 0.0 0 0 0.0 0.0 0.0 0 1
1994.0 1994 1994 0.0 0 0 0.0 0.0 0.0 0 1
639.813186813 2160 4 156.43956044 1168 0 0.371943184253 0.911717495987 0.0 90 1
345.918032787 1974 0 261.737704918 1211 0 0.66444333966 1.0 0.0 60 1
287.294736842 2157 0 197.715789474 1563 0 0.622579527336 1.0 0.0 94 1
597.76 2177 0 218.88 1307 0 0.608817126463 1.0 0.0 74 1
2071.0 2071 2071 0.0 0 0 0.0 0.0 0.0 0 1
2224.5 2265 2158 0.25 1 0 0.000112917795845 0.000451671183379 0.0 3 1
2205.0 2205 2205 0.0 0 0 0.0 0.0 0.0 0 1
1917.5 1956 1886 0.25 1 0 0.000132485426603 0.000529941706412 0.0 3 1
394.151515152 2176 0 281.272727273 1429 0 0.677809268482 1.0 0.0 65 0
413.305084746 2057 3 283.033898305 1465 0 0.626910627425 0.926666666667 0.0 58 1
1949.5 1955 1944 0.5 1 0 0.000255623721881 0.000511247443763 0.0 1 1
2155.75 2193 2135 0.75 1 0 0.000346671273784 0.000467289719626 0.0 3 1
2170.0 2170 2170 0.0 0 0 0.0 0.0 0.0 0 1
2164.5 2165 2164 0.5 1 0 0.000230946882217 0.000461893764434 0.0 1 1
328.181818182 2133 3 238.606060606 1209 0 0.555216142099 0.932119205298 0.0 65 1
325.445945946 2250 0 255.027027027 1580 0 0.668695005082 1.0 0.0 73 1
2056.75 2079 2027 1.0 2 0 0.000481814995113 0.000966183574879 0.0 3 1
2009.5 2048 1971 0.0 0 0 0.0 0.0 0.0 1 1
337.35483871 2148 2 263.080645161 1300 0 0.621651561101 0.941176470588 0.0 61 1
1977.0 1979 1975 0.5 1 0 0.000252525252525 0.000505050505051 0.0 1 1
2093.5 2096 2091 1.0 2 0 0.000477783086479 0.000955566172957 0.0 1 1
2052.33333333 2071 2028 0.0 0 0 0.0 0.0 0.0 2 1
2121.25 2258 2003 0.5 2 0 0.000234868422804 0.000919540229885 0.0 7 1
2115.0 2133 2097 0.5 1 0 0.000234301780694 0.000468603561387 0.0 1 1
2003.0 2003 2003 0.0 0 0 0.0 0.0 0.0 0 1
2014.0 2014 2014 0.0 0 0 0.0 0.0 0.0 0 1
2166.0 2166 2166 0.0 0 0 0.0 0.0 0.0 0 1
324.921348315 2041 0 207.04494382 1376 0 0.615030539263 1.0 0.0 88 0
2224.0 2224 2224 0.0 0 0 0.0 0.0 0.0 0 1
249.907692308 2077 0 256.553846154 1452 0 0.717075141648 1.0 0.0 64 1
2103.0 2165 2041 0.5 1 0 0.00024485798237 0.00048971596474 0.0 1 1
2094.0 2094 2094 0.0 0 0 0.0 0.0 0.0 0 1
2164.5 2180 2149 0.0 0 0 0.0 0.0 0.0 1 1
316.164948454 2049 0 179.020618557 1413 0 0.672725475712 1.0 0.0 96 0
2083.33333333 2178 2021 0.666666666667 1 0 0.000315418515865 0.000487329434698 0.0 2 1
2005.25 2101 1951 0.75 1 0 0.00037101605524 0.000512295081967 0.0 3 1
2021.0 2021 2021 0.0 0 0 0.0 0.0 0.0 0 1
212.791208791 2032 0 190.758241758 1422 0 0.627220080624 1.0 0.0 90 1
356.964285714 2135 5 305.446428571 1422 0 0.582031590342 0.937931034483 0.0 55 1
2075.66666667 2105 2051 0.333333333333 1 0 0.000162443144899 0.000487329434698 0.0 2 1
2180.0 2180 2180 0.0 0 0 0.0 0.0 0.0 0 1
209.266055046 2354 0 181.651376147 1437 0 0.541558898061 1.0 0.0 108 1
2149.0 2149 2149 0.0 0 0 0.0 0.0 0.0 0 1
358.25 2155 0 206.011904762 1454 0 0.551846595489 1.0 0.0 83 1
1958.0 1985 1931 1.0 2 0 0.000517330574237 0.00103466114847 0.0 1 1
420.425925926 2076 10 305.240740741 1437 0 0.554690131662 0.94140625 0.0 53 1
1993.3 2118 1907 1.3 2 0 0.000656513681874 0.00104766893662 0.0 9 1
1939.125 1977 1879 1.375 3 0 0.000711163471943 0.00154162384378 0.0 7 1
2166.0 2175 2157 0.5 1 0 0.000229779411765 0.000459558823529 0.0 1 1
2094.0 2094 2094 0.0 0 0 0.0 0.0 0.0 0 1
2033.5 2034 2033 0.5 1 0 0.000245821042281 0.000491642084562 0.0 1 1
556.732394366 2090 1 238.61971831 1433 0 0.567761206067 0.93059125964 0.0 70 1
1949.0 1989 1925 0.333333333333 1 0 0.000167504187605 0.000502512562814 0.0 2 1
290.876712329 2029 0 233.698630137 1334 0 0.642949646602 1.0 0.0 72 0
1998.5 2020 1977 0.0 0 0 0.0 0.0 0.0 1 1
473.842105263 2009 0 290.175438596 1305 0 0.60439711693 1.0 0.0 56 1
1925.86666667 2058 1766 1.33333333333 3 0 0.000690513314838 0.0015923566879 0.0 14 1
2135.0 2135 2135 0.0 0 0 0.0 0.0 0.0 0 1
2072.6 2114 2023 1.2 3 0 0.000575378217469 0.001443001443 0.0 4 1
1948.0 1948 1948 0.0 0 0 0.0 0.0 0.0 0 1
1933.0 1946 1920 0.0 0 0 0.0 0.0 0.0 1 1
319.681818182 1993 0 234.939393939 1228 0 0.680886419201 1.0 0.0 65 1
2021.0 2021 2021 0.0 0 0 0.0 0.0 0.0 0 1
2015.0 2017 2013 0.5 1 0 0.000247770069376 0.000495540138751 0.0 1 1
2100.0 2100 2100 0.0 0 0 0.0 0.0 0.0 0 1
258.853658537 2134 0 208.987804878 1462 0 0.600867349951 1.0 0.0 81 0
486.736111111 2148 2 256.347222222 1615 0 0.617923984613 0.952010376135 0.0 71 1
322.048192771 1978 2 232.253012048 1669 0 0.54591072368 0.942323314379 0.0 82 1
2119.0 2119 2119 0.0 0 0 0.0 0.0 0.0 0 1
1852.57142857 1915 1809 1.42857142857 5 0 0.00078129649694 0.00274725274725 0.0 6 1
2136.0 2136 2136 0.0 0 0 0.0 0.0 0.0 0 1
236.345238095 2041 0 224.333333333 1492 0 0.756837982103 1.0 0.0 83 1
2079.11111111 2131 2038 1.0 2 0 0.000480389099196 0.000972289742343 0.0 8 1
2032.33333333 2096 1975 0.333333333333 1 0 0.000158957240502 0.000476871721507 0.0 2 1
2045.11111111 2118 1970 1.11111111111 3 0 0.000538602718493 0.001414427157 0.0 8 1
2084.0 2084 2084 0.0 0 0 0.0 0.0 0.0 0 1
385.481481481 2150 0 219.37037037 1370 0 0.693069133369 1.0 0.0 80 0
336.681818182 2050 0 205.181818182 1532 0 0.594806044968 1.0 0.0 87 0
289.426666667 2014 0 248.746666667 1566 0 0.680940349618 1.0 0.0 74 0
2203.0 2203 2203 0.0 0 0 0.0 0.0 0.0 0 1
2079.0 2085 2073 0.0 0 0 0.0 0.0 0.0 1 1
311.559322034 2041 6 264.406779661 1310 0 0.584072903689 0.938118811881 0.0 58 1
2075.0 2086 2064 0.5 1 0 0.000239578342118 0.000479156684236 0.0 1 1
2127.0 2127 2127 0.0 0 0 0.0 0.0 0.0 0 1
225.0 1972 0 172.424242424 1366 0 0.643607457891 1.0 0.0 98 0
1849.5 1854 1845 0.5 1 0 0.000269541778976 0.000539083557951 0.0 1 1
265.835164835 2102 0 186.934065934 1524 0 0.57352377752 1.0 0.0 90 1
256.319587629 2046 0 184.030927835 1450 0 0.608094579972 1.0 0.0 96 0
2201.0 2201 2201 0.0 0 0 0.0 0.0 0.0 0 1
356.296875 2118 0 253.96875 1291 0 0.711211460193 1.0 0.0 63 0
2225.0 2249 2207 0.666666666667 1 0 0.000301116333725 0.000452898550725 0.0 2 1
1978.5 2070 1916 0.75 1 0 0.000375178694331 0.000512295081967 0.0 3 1
342.970873786 2052 2 167.786407767 1431 0 0.519140873198 0.942078364566 0.0 102 1
2188.0 2188 2188 0.0 0 0 0.0 0.0 0.0 0 1
1857.5 1871 1844 0.5 1 0 0.000267094017094 0.000534188034188 0.0 1 1
313.338235294 1931 1 257.338235294 1341 0 0.607375059237 0.933734939759 0.0 67 1
2065.55555556 2165 2024 0.666666666667 2 0 0.000322935375289 0.000961538461538 0.0 8 1
2032.0 2096 1982 0.2 1 0 9.90099009901e-05 0.00049504950495 0.0 4 1
194.811320755 2072 0 165.094339623 1519 0 0.688174513951 1.0 0.0 105 0
223.626168224 2125 0 161.214953271 1536 0 0.560681677791 1.0 0.0 106 0
257.961538462 2196 0 184.519230769 1527 0 0.620985702562 1.0 0.0 103 0
223.358024691 1974 0 221.87654321 1492 0 0.752168619472 1.0 0.0 80 0
2302.0 2303 2301 0.0 0 0 0.0 0.0 0.0 1 1
2000.5 2058 1947 0.25 1 0 0.000127291242363 0.00050916496945 0.0 3 1
2057.5 2063 2052 0.5 1 0 0.000242248062016 0.000484496124031 0.0 1 1
2086.5 2134 2039 0.5 1 0 0.000245098039216 0.000490196078431 0.0 1 1
2098.0 2098 2098 0.0 0 0 0.0 0.0 0.0 0 1
356.25 2040 0 319.821428571 1502 0 0.738959515417 1.0 0.0 55 0
2042.75 2068 2000 0.25 1 0 0.000120831319478 0.000483325277912 0.0 3 1
505.527027027 2194 1 246.905405405 1652 0 0.547389245446 0.958549222798 0.0 73 1
2154.5 2180 2129 0.5 1 0 0.000229252636405 0.000458505272811 0.0 1 1
2089.0 2089 2089 0.0 0 0 0.0 0.0 0.0 0 1
244.027027027 2029 0 207.783783784 1381 0 0.64150862652 1.0 0.0 73 0
2071.0 2123 2020 0.333333333333 1 0 0.000164934850734 0.000494804552202 0.0 2 1
1986.2 2086 1871 0.0 0 0 0.0 0.0 0.0 4 1
344.388888889 1988 0 310.0 1489 0 0.636794299627 1.0 0.0 53 1
304.830985915 2126 0 268.422535211 1589 0 0.717817928753 1.0 0.0 70 0
2258.0 2258 2258 0.0 0 0 0.0 0.0 0.0 0 1
372.621621622 2165 4 213.864864865 1272 0 0.484010863889 0.948635634029 0.0 73 1
2171.5 2203 2149 0.25 1 0 0.000113430127042 0.000453720508167 0.0 3 1
280.08974359 1974 0 208.91025641 1289 0 0.675209475376 1.0 0.0 77 0
2162.0 2181 2143 0.0 0 0 0.0 0.0 0.0 1 1
1934.5 1993 1896 0.75 2 0 0.000388228899759 0.00102880658436 0.0 3 1
284.971014493 2136 0 231.202898551 1364 0 0.591964340003 1.0 0.0 68 1
300.075268817 2118 0 174.838709677 1400 0 0.651028510855 1.0 0.0 92 0
411.291666667 2079 1 242.402777778 1544 0 0.60535215364 0.94966442953 0.0 71 1
1924.0 1940 1908 0.0 0 0 0.0 0.0 0.0 1 1
2189.0 2211 2167 0.0 0 0 0.0 0.0 0.0 2 1
1903.8 1927 1868 1.4 3 0 0.000731967637809 0.0015625 0.0 4 1
2055.0 2055 2055 0.0 0 0 0.0 0.0 0.0 0 1
2052.0 2052 2052 0.0 0 0 0.0 0.0 0.0 0 1
1964.66666667 1971 1953 0.666666666667 1 0 0.000338152021074 0.00050735667174 0.0 2 1
305.985507246 2048 0 250.260869565 1433 0 0.711159182751 1.0 0.0 68 1
307.819444444 1910 0 207.444444444 1224 0 0.677141100117 1.0 0.0 71 0
292.986486486 2061 1 238.27027027 1524 0 0.577097915747 0.947368421053 0.0 73 1
2085.75 2196 2014 0.5 1 0 0.000234506164523 0.000482858522453 0.0 3 1
278.674698795 2100 0 210.915662651 1465 0 0.637135369482 1.0 0.0 82 0
2060.0 2060 2060 0.0 0 0 0.0 0.0 0.0 0 1
2022.0 2022 2022 0.0 0 0 0.0 0.0 0.0 0 1
2100.0 2100 2100 0.0 0 0 0.0 0.0 0.0 0 1
1938.5 2022 1864 1.375 2 0 0.000700069142379 0.00102301790281 0.0 7 1
2042.0 2042 2042 0.0 0 0 0.0 0.0 0.0 0 1
2073.33333333 2085 2064 0.333333333333 1 0 0.000160875160875 0.000482625482625 0.0 2 1
2114.0 2129 2099 0.0 0 0 0.0 0.0 0.0 1 1
221.085106383 2026 0 191.159574468 1439 0 0.684125771839 1.0 0.0 93 1
199.385542169 2136 0 217.698795181 1494 0 0.681241738333 1.0 0.0 82 0
2066.33333333 2068 2065 0.666666666667 1 0 0.000322606680714 0.000484027105518 0.0 2 1
293.918181818 2123 0 153.590909091 1365 0 0.649829760384 1.0 0.0 109 0
287.152542373 2031 0 304.474576271 1518 0 0.727242055515 1.0 0.0 58 1
436.254901961 2135 1 310.333333333 1412 0 0.637306344198 0.962574850299 0.0 50 1
308.815384615 2193 0 264.292307692 1408 0 0.752133619879 1.0 0.0 64 0
421.181818182 2131 5 316.036363636 1454 0 0.560890841268 0.945776850886 0.0 54 1
2043.0 2049 2037 1.0 2 0 0.000487567040468 0.000975134080936 0.0 1 1
2110.0 2110 2110 0.0 0 0 0.0 0.0 0.0 0 1
285.26984127 1979 6 264.904761905 1434 0 0.525292482172 0.933483652762 0.0 62 1
264.169491525 2003 0 280.322033898 1357 0 0.704636276268 1.0 0.0 58 0
363.076923077 2068 6 315.980769231 1385 0 0.57439642477 0.930076628352 0.0 51 1
259.26744186 2056 0 186.906976744 1287 0 0.727108401361 1.0 0.0 85 0
2039.8 2076 2011 1.0 2 0 0.000486870753483 0.000962463907603 0.0 4 1
2107.66666667 2155 2074 0.333333333333 1 0 0.000154607297464 0.000463821892393 0.0 2 1
329.138888889 2220 1 241.027777778 1399 0 0.595950177751 0.95652173913 0.0 71 1
484.746666667 2075 5 242.6 1627 0 0.481536535497 0.955521472393 0.0 74 1
2241.75 2262 2205 0.75 1 0 0.000332596499701 0.000444642063139 0.0 3 1
345.233766234 2042 1 216.480519481 1367 0 0.573055189423 0.92811296534 0.0 76 1
2063.0 2063 2063 0.0 0 0 0.0 0.0 0.0 0 1
421.282828283 2011 0 160.151515152 1198 0 0.661510452298 1.0 0.0 98 0
2103.0 2103 2103 0.0 0 0 0.0 0.0 0.0 0 1
1962.33333333 2018 1933 0.333333333333 1 0 0.000165098233449 0.000495294700347 0.0 2 1
