2030.6 2071 1975 0.6 1 0 0.000294627327556 0.000497760079642 0.0 4 1
2042.28571429 2133 1967 1.0 3 0 0.000478129293002 0.00140449438202 0.0 6 1
1997.81818182 2054 1944 0.272727272727 1 0 0.000137178280947 0.000514138817481 0.0 10 1
2145.0 2201 2096 0.75 2 0 0.000350275575923 0.00094696969697 0.0 3 1
2048.66666667 2073 2034 0.0 0 0 0.0 0.0 0.0 2 1
2006.5 2008 2005 0.5 1 0 0.000248880039821 0.000497760079642 0.0 1 1
2086.66666667 2111 2049 1.33333333333 2 0 0.000642202955618 0.000975134080936 0.0 2 1
1960.85714286 2062 1825 0.857142857143 3 0 0.00043375078263 0.0015455950541 0.0 6 1
1930.14285714 2020 1843 1.28571428571 3 0 0.000660811341315 0.00155279503106 0.0 6 1
1988.0 1988 1988 0.0 0 0 0.0 0.0 0.0 0 1
1732.41666667 2081 1432 26.8846153846 79 0 0.015550327867 0.0423138725228 0.0 155 1
2149.0 2192 2072 0.333333333333 1 0 0.000160797555877 0.000482392667631 0.0 2 1
2073.0 2073 2073 0.0 0 0 0.0 0.0 0.0 0 1
2130.66666667 2149 2094 0.0 0 0 0.0 0.0 0.0 2 1
2063.0 2063 2063 0.0 0 0 0.0 0.0 0.0 0 1
2092.5 2107 2078 0.0 0 0 0.0 0.0 0.0 1 1
1763.0 2030 1492 10.9664804469 45 0 0.00613704106348 0.0244831338411 0.0 178 1
2061.0 2061 2061 0.0 0 0 0.0 0.0 0.0 0 1
2105.0 2105 2105 0.0 0 0 0.0 0.0 0.0 0 1
2080.0 2111 2049 0.0 0 0 0.0 0.0 0.0 1 1
1919.0 1919 1919 0.0 0 0 0.0 0.0 0.0 0 1
2063.66666667 2153 2017 1.16666666667 2 0 0.00056522241271 0.000980392156863 0.0 5 1
1921.66666667 1966 1895 0.666666666667 1 0 0.000344440930649 0.000524934383202 0.0 2 1
2047.0 2116 1961 1.16666666667 4 0 0.00056188139661 0.00191387559809 0.0 11 1
2118.0 2118 2118 0.0 0 0 0.0 0.0 0.0 0 1
2198.0 2253 2143 0.0 0 0 0.0 0.0 0.0 1 1
2093.0 2101 2085 0.0 0 0 0.0 0.0 0.0 1 1
1938.34615385 2144 1775 1.61538461538 5 0 0.000806614221416 0.002457002457 0.0 25 1
1929.91666667 2028 1787 1.91666666667 5 0 0.000990984612805 0.00249875062469 0.0 23 1
2258.0 2258 2258 0.0 0 0 0.0 0.0 0.0 0 1
2069.66666667 2216 2000 0.833333333333 2 0 0.000404088055299 0.000999000999001 0.0 5 1
2109.5 2124 2095 0.5 1 0 0.000235294117647 0.000470588235294 0.0 1 1
2036.0 2057 1997 0.0 0 0 0.0 0.0 0.0 2 1
2185.0 2185 2185 0.0 0 0 0.0 0.0 0.0 0 1
1967.33333333 2022 1936 0.666666666667 1 0 0.000336320370226 0.000516262261229 0.0 5 1
2079.0 2079 2079 0.0 0 0 0.0 0.0 0.0 0 1
1940.5 1949 1932 0.5 1 0 0.00025641025641 0.000512820512821 0.0 1 1
2057.0 2057 2057 0.0 0 0 0.0 0.0 0.0 0 1
1591.63826087 2207 1238 49.0434782609 140 0 0.0307372655074 0.08625 0.0 574 1
2118.5 2156 2081 0.0 0 0 0.0 0.0 0.0 1 1
1925.0 1981 1869 0.5 1 0 0.000267379679144 0.000534759358289 0.0 1 1
1937.8 1985 1893 0.4 2 0 0.000207361327112 0.00103680663556 0.0 4 1
2118.0 2137 2099 0.5 1 0 0.000233863423761 0.000467726847521 0.0 1 1
2057.33333333 2125 2013 0.333333333333 1 0 0.000156788962057 0.000470366886171 0.0 2 1
2048.0 2048 2048 0.0 0 0 0.0 0.0 0.0 0 1
1851.5 1923 1780 0.5 1 0 0.000259875259875 0.000519750519751 0.0 1 1
1977.0 1977 1977 0.0 0 0 0.0 0.0 0.0 0 1
2103.0 2132 2073 0.0 0 0 0.0 0.0 0.0 2 1
2112.66666667 2168 2025 0.833333333333 2 0 0.000392958245096 0.000942507068803 0.0 5 1
2195.77777778 2234 2169 1.11111111111 4 0 0.000507135141283 0.00182731841023 0.0 8 1
2068.0 2068 2068 0.0 0 0 0.0 0.0 0.0 0 1
2052.78571429 2165 1923 2.42857142857 6 0 0.00115926138386 0.00286669851887 0.0 13 1
2030.0 2030 2030 0.0 0 0 0.0 0.0 0.0 0 1
2008.5 2011 2006 0.0 0 0 0.0 0.0 0.0 1 1
1961.54545455 2073 1907 1.90909090909 5 0 0.000976138174391 0.00257466529351 0.0 10 1
2001.0 2059 1925 1.11111111111 3 0 0.000556767829101 0.0015243902439 0.0 8 1
2083.66666667 2112 2065 1.33333333333 2 0 0.000643659003349 0.000967585873246 0.0 2 1
1439.07085714 2132 1048 72.3108571429 232 0 0.0500170768294 0.1663003663 0.0 874 1
1945.9375 2038 1851 1.4375 3 0 0.000743014591185 0.00157811678064 0.0 15 1
2053.5 2070 2037 0.5 1 0 0.000245338567223 0.000490677134446 0.0 1 1
2038.0 2045 2031 0.0 0 0 0.0 0.0 0.0 1 1
2031.0 2031 2031 0.0 0 0 0.0 0.0 0.0 0 1
1973.58823529 2064 1865 1.94117647059 6 0 0.000966137180681 0.00289855072464 0.0 16 1
1927.8 1980 1880 1.0 2 0 0.000515013980939 0.0010101010101 0.0 4 1
2143.5 2170 2117 0.0 0 0 0.0 0.0 0.0 1 1
2014.0 2023 2004 0.666666666667 1 0 0.000330034297426 0.000496031746032 0.0 2 1
2226.0 2226 2226 0.0 0 0 0.0 0.0 0.0 0 1
1996.5 2092 1872 0.666666666667 2 0 0.000325583094869 0.000955109837631 0.0 5 1
2060.4 2133 1989 1.0 2 0 0.000477404976714 0.000962927298989 0.0 4 1
2121.0 2121 2121 0.0 0 0 0.0 0.0 0.0 0 1
1949.96153846 2182 1836 3.38461538462 7 0 0.00172538228174 0.00364393545029 0.0 25 1
1815.0 1830 1800 0.0 0 0 0.0 0.0 0.0 1 1
2226.0 2226 2226 0.0 0 0 0.0 0.0 0.0 0 1
2075.625 2136 2048 1.5 5 0 0.000714112454823 0.00233535730967 0.0 7 1
2058.66666667 2079 2033 0.333333333333 1 0 0.000160256410256 0.000480769230769 0.0 2 1
2049.0 2049 2049 0.0 0 0 0.0 0.0 0.0 0 1
1699.72995781 2068 1504 22.6455696203 71 0 0.0132242757702 0.0422885572139 0.0 236 1
1987.0 1995 1979 0.5 1 0 0.000250501002004 0.000501002004008 0.0 1 1
1977.14285714 2019 1903 1.57142857143 3 0 0.000800057952336 0.00157397691501 0.0 6 1
2139.0 2139 2139 0.0 0 0 0.0 0.0 0.0 0 1
2043.5 2162 1935 1.21428571429 4 0 0.000588347673246 0.00184672206833 0.0 13 1
2108.0 2108 2108 0.0 0 0 0.0 0.0 0.0 0 1
2064.0 2064 2064 0.0 0 0 0.0 0.0 0.0 0 1
1846.0 1943 1741 1.0 2 0 0.000543106107363 0.00113636363636 0.0 8 1
2018.0 2100 1959 1.125 3 0 0.000551880445455 0.00144857556736 0.0 7 1
2151.0 2151 2151 0.0 0 0 0.0 0.0 0.0 0 1
2055.375 2162 1986 0.75 2 0 0.000368866844298 0.0010060362173 0.0 7 1
1768.38064516 2088 1595 9.48387096774 26 0 0.00537457860627 0.0158054711246 0.0 154 1
2005.47826087 2124 1895 3.0 7 0 0.00149511154611 0.00360824742268 0.0 22 1
2092.66666667 2142 2048 0.0 0 0 0.0 0.0 0.0 2 1
1841.95833333 2023 1698 2.33333333333 7 0 0.00124555105815 0.00369588173178 0.0 23 1
2101.0 2101 2101 0.0 0 0 0.0 0.0 0.0 0 1
1977.0 1977 1977 0.0 0 0 0.0 0.0 0.0 0 1
2141.5 2150 2133 0.5 1 0 0.000234301780694 0.000468603561387 0.0 1 1
2024.33333333 2058 1961 1.0 2 0 0.000486145100848 0.000972762645914 0.0 2 1
2183.0 2183 2183 0.0 0 0 0.0 0.0 0.0 0 1
2036.0 2053 2019 0.5 1 0 0.000243427458617 0.000486854917235 0.0 1 1
1829.33333333 1843 1808 0.0 0 0 0.0 0.0 0.0 2 1
2133.2 2197 2084 1.0 2 0 0.000474951547425 0.000958772770853 0.0 4 1
2210.0 2210 2210 0.0 0 0 0.0 0.0 0.0 0 1
2175.0 2175 2175 0.0 0 0 0.0 0.0 0.0 0 1
1972.1875 2129 1758 2.125 5 0 0.00108191358143 0.0027397260274 0.0 15 1
2012.28571429 2047 1985 1.28571428571 3 0 0.000638525269784 0.00149700598802 0.0 6 1
1813.56578947 2122 1690 6.18421052632 16 0 0.00343240795268 0.00872410032715 0.0 75 1
2152.0 2152 2152 0.0 0 0 0.0 0.0 0.0 0 1
2142.83333333 2199 2073 0.5 1 0 0.000235843944541 0.000482160077146 0.0 5 1
2065.2 2127 2007 0.4 1 0 0.000194514364047 0.000497512437811 0.0 4 1
2204.0 2204 2204 0.0 0 0 0.0 0.0 0.0 0 1
2037.0 2040 2034 0.5 1 0 0.0002457002457 0.0004914004914 0.0 1 1
2047.58333333 2119 1948 1.41666666667 3 0 0.000684996741558 0.0014137606032 0.0 11 1
2079.0 2132 2008 0.0 0 0 0.0 0.0 0.0 2 1
1877.55 2057 1768 2.45 7 0 0.00132392882302 0.00394366197183 0.0 19 1
2011.66666667 2121 1914 1.33333333333 2 0 0.000651505286874 0.000992555831266 0.0 5 1
2051.0 2064 2038 0.0 0 0 0.0 0.0 0.0 1 1
2062.38095238 2178 1960 1.95238095238 4 0 0.000945975163064 0.00199501246883 0.0 20 1
1856.55932203 2200 1618 4.69491525424 9 0 0.00255048254814 0.00513992004569 0.0 58 1
1908.0 1915 1901 0.0 0 0 0.0 0.0 0.0 1 1
2143.0 2184 2097 1.75 4 0 0.000814181248368 0.0018281535649 0.0 3 1
2257.0 2265 2249 1.5 3 0 0.000661375661376 0.00132275132275 0.0 1 1
1991.5 2023 1960 0.5 1 0 0.000247035573123 0.000494071146245 0.0 1 1
1944.0 1944 1944 0.0 0 0 0.0 0.0 0.0 0 1
1955.0 1955 1955 0.0 0 0 0.0 0.0 0.0 0 1
1849.0625 2037 1688 9.25 22 0 0.00496086385123 0.0120343839542 0.0 79 1
2146.0 2146 2146 0.0 0 0 0.0 0.0 0.0 0 1
2014.0 2140 1858 1.84615384615 5 0 0.00091212212055 0.00252908447142 0.0 12 1
2045.88888889 2097 1977 2.66666666667 8 0 0.00129375465968 0.00388349514563 0.0 8 1
2001.0 2021 1981 0.0 0 0 0.0 0.0 0.0 1 1
2145.6 2224 2044 0.6 2 0 0.0002791739391 0.000920810313076 0.0 4 1
2240.0 2240 2240 0.0 0 0 0.0 0.0 0.0 0 1
2018.0 2043 1997 0.25 1 0 0.000123885034688 0.000495540138751 0.0 3 1
2071.0 2071 2071 0.0 0 0 0.0 0.0 0.0 0 1
2113.57142857 2155 2069 1.14285714286 4 0 0.000534926260563 0.00185270958777 0.0 6 1
2081.0 2084 2078 0.5 1 0 0.0002405002405 0.000481000481 0.0 1 1
2286.0 2286 2286 0.0 0 0 0.0 0.0 0.0 0 1
2153.0 2153 2153 0.0 0 0 0.0 0.0 0.0 0 1
1879.63333333 1970 1806 3.96666666667 11 0 0.00210705804076 0.00558092338914 0.0 29 1
1917.5 1918 1917 0.0 0 0 0.0 0.0 0.0 1 1
1876.0 1876 1876 0.0 0 0 0.0 0.0 0.0 0 1
2001.57142857 2031 1972 0.571428571429 2 0 0.00028592245964 0.00100200400802 0.0 6 1
2110.33333333 2162 2049 0.666666666667 1 0 0.000311265523224 0.000471475719 0.0 2 1
2306.5 2345 2269 1.25 2 0 0.000537854493252 0.000858737655646 0.0 3 1
1845.25 1927 1773 1.0 2 0 0.000540912532986 0.00112676056338 0.0 15 1
2016.0 2056 1979 0.333333333333 1 0 0.000162048290391 0.000486144871172 0.0 2 1
1989.0 2063 1942 0.5 1 0 0.000249791040786 0.000514668039115 0.0 3 1
1958.66071429 2187 1804 4.75 11 0 0.00244090118427 0.00578642819569 0.0 55 1
2081.0 2088 2074 0.5 1 0 0.000240963855422 0.000481927710843 0.0 1 1
2073.0 2179 1968 1.4375 3 0 0.00070188455944 0.00152207001522 0.0 15 1
2215.0 2215 2215 0.0 0 0 0.0 0.0 0.0 0 1
2081.0 2081 2081 0.0 0 0 0.0 0.0 0.0 0 1
1877.5 1903 1852 0.5 1 0 0.000262605042017 0.000525210084034 0.0 1 1
1579.60615883 2090 1350 46.9092382496 149 0 0.0290808744203 0.0937106918239 0.0 616 1
2151.0 2191 2102 0.75 2 0 0.000342362311422 0.000911992704058 0.0 3 1
1943.5 1953 1934 0.5 1 0 0.000258397932817 0.000516795865633 0.0 1 1
2062.0 2106 2018 0.0 0 0 0.0 0.0 0.0 1 1
2089.5 2138 2056 1.0 2 0 0.000479377118563 0.000963855421687 0.0 3 1
2054.0 2101 2012 0.666666666667 1 0 0.000321180757003 0.000487804878049 0.0 2 1
1948.66666667 1954 1942 0.0 0 0 0.0 0.0 0.0 2 1
2014.3 2092 1918 1.2 4 0 0.000601051357622 0.00200100050025 0.0 9 1
2090.0 2112 2065 0.0 0 0 0.0 0.0 0.0 2 1
2025.0 2031 2019 0.0 0 0 0.0 0.0 0.0 1 1
2001.33333333 2052 1957 0.333333333333 1 0 0.000170241743275 0.000510725229826 0.0 2 1
2316.33333333 2335 2295 1.0 2 0 0.000432927702006 0.000870700914236 0.0 2 1
1823.18390805 2020 1660 7.95402298851 23 0 0.00433809822685 0.0124929017604 0.0 86 1
2049.0 2049 2049 0.0 0 0 0.0 0.0 0.0 0 1
1977.33333333 2040 1920 1.16666666667 4 0 0.000593491095216 0.002079002079 0.0 5 1
2082.0 2117 2034 1.33333333333 3 0 0.000630731192088 0.00141509433962 0.0 2 1
1913.5 2036 1777 0.75 1 0 0.000383008457108 0.000528820729773 0.0 3 1
2139.0 2139 2139 0.0 0 0 0.0 0.0 0.0 0 1
2141.0 2172 2107 0.666666666667 1 0 0.000308797915793 0.0004662004662 0.0 2 1
1940.8974359 2195 1718 7.84615384615 21 0 0.00398998936828 0.0105527638191 0.0 38 1
1933.33333333 1959 1914 0.0 0 0 0.0 0.0 0.0 2 1
1922.77777778 2022 1818 0.666666666667 1 0 0.000344228790884 0.00053447354356 0.0 8 1
2133.0 2133 2133 0.0 0 0 0.0 0.0 0.0 0 1
2144.0 2144 2144 0.0 0 0 0.0 0.0 0.0 0 1
2073.0 2073 2073 0.0 0 0 0.0 0.0 0.0 0 1
2028.0 2047 2009 0.0 0 0 0.0 0.0 0.0 1 1
2069.5 2083 2056 0.0 0 0 0.0 0.0 0.0 1 1
1973.0 1973 1973 0.0 0 0 0.0 0.0 0.0 0 1
2047.0 2047 2047 0.0 0 0 0.0 0.0 0.0 0 1
2147.5 2167 2128 0.5 1 0 0.000230627306273 0.000461254612546 0.0 1 1
1865.75 2027 1722 3.25 9 0 0.00171721156009 0.00465356773526 0.0 15 1
2184.0 2184 2184 0.0 0 0 0.0 0.0 0.0 0 1
2221.0 2221 2221 0.0 0 0 0.0 0.0 0.0 0 1
2165.0 2193 2137 0.5 1 0 0.000227894257065 0.000455788514129 0.0 1 1
2073.16666667 2145 1939 0.333333333333 1 0 0.000160582610402 0.000497512437811 0.0 5 1
1925.11111111 2027 1833 1.5 5 0 0.000780394428585 0.00256805341551 0.0 17 1
2149.0 2149 2149 0.0 0 0 0.0 0.0 0.0 0 1
2002.2 2073 1963 0.2 1 0 0.00010095911156 0.000504795557799 0.0 4 1
2089.0 2090 2088 0.5 1 0 0.000239348970799 0.000478697941599 0.0 1 1
1876.0 1907 1845 0.5 1 0 0.000262054507338 0.000524109014675 0.0 1 1
1993.57142857 2217 1867 2.07142857143 6 0 0.00104379366714 0.00310398344542 0.0 13 1
2081.0 2081 2081 0.0 0 0 0.0 0.0 0.0 0 1
2128.66666667 2157 2109 1.0 2 0 0.000466762814392 0.000926354793886 0.0 2 1
1597.81005587 2044 1283 60.3631284916 180 0 0.0375269260573 0.113636363636 0.0 357 1
2008.21052632 2131 1922 4.36842105263 8 0 0.00217737097523 0.00406504065041 0.0 18 1
2003.0 2003 2003 0.0 0 0 0.0 0.0 0.0 0 1
1888.16 2032 1736 2.6 6 0 0.00135487211391 0.00326797385621 0.0 24 1
1913.16666667 2053 1835 1.83333333333 3 0 0.000959731634111 0.00163220892274 0.0 5 1
2061.66666667 2120 2027 0.333333333333 1 0 0.000164365548981 0.000493096646943 0.0 2 1
1815.49350649 2076 1613 5.62337662338 18 0 0.0031439513741 0.0100446428571 0.0 76 1
2096.0 2098 2094 0.5 1 0 0.000238663484487 0.000477326968974 0.0 1 1
1990.79310345 2079 1765 3.1724137931 7 0 0.00157436442676 0.00348432055749 0.0 28 1
2257.72727273 2304 2201 1.54545454545 3 0 0.000686468307956 0.0013611615245 0.0 10 1
1932.95652174 2073 1774 2.5652173913 5 0 0.00131426937591 0.00257864878804 0.0 22 1
2182.0 2225 2114 0.666666666667 1 0 0.000300711616339 0.000452898550725 0.0 2 1
1547.446 2180 1085 59.924 182 0 0.0388410193943 0.122571001495 0.0 999 1
2013.0 2058 1968 0.5 1 0 0.000242836328315 0.000485672656629 0.0 1 1
2289.0 2305 2273 0.5 1 0 0.00021682567216 0.000433651344319 0.0 1 1
2150.0 2150 2150 0.0 0 0 0.0 0.0 0.0 0 1
1926.0 1968 1897 0.666666666667 2 0 0.000338409475465 0.0010152284264 0.0 2 1
2000.0 2022 1978 0.0 0 0 0.0 0.0 0.0 1 1
2080.33333333 2084 2074 0.666666666667 1 0 0.000319820918697 0.000479846449136 0.0 2 1
1924.45238095 2045 1773 3.40476190476 8 0 0.00177076780679 0.00418410041841 0.0 41 1
2226.4 2291 2165 0.2 1 0 8.83392226148e-05 0.000441696113074 0.0 4 1
1980.0 1980 1980 0.0 0 0 0.0 0.0 0.0 0 1
2026.33333333 2063 1988 1.0 3 0 0.00048742098133 0.00146484375 0.0 5 1
1968.73333333 2350 1761 7.35555555556 20 0 0.00382177849338 0.0106100795756 0.0 44 1
2009.0 2009 2009 0.0 0 0 0.0 0.0 0.0 0 1
2175.0 2175 2175 0.0 0 0 0.0 0.0 0.0 0 1
2081.0 2081 2081 0.0 0 0 0.0 0.0 0.0 0 1
1999.0 1999 1999 0.0 0 0 0.0 0.0 0.0 0 1
2234.0 2234 2234 0.0 0 0 0.0 0.0 0.0 0 1
1984.0 1995 1973 0.0 0 0 0.0 0.0 0.0 1 1
1942.61538462 2027 1845 1.53846153846 3 0 0.000785070726965 0.0015756302521 0.0 12 1
1975.0 2029 1941 0.5 1 0 0.000253663776574 0.000514933058702 0.0 5 1
1924.5 1941 1908 0.0 0 0 0.0 0.0 0.0 1 1
2094.0 2094 2094 0.0 0 0 0.0 0.0 0.0 0 1
1963.0625 2080 1809 1.5 3 0 0.000758308870797 0.00150225338007 0.0 15 1
1867.10810811 2181 1647 10.7837837838 23 0 0.00573421191774 0.0120021822149 0.0 36 1
2118.0 2118 2118 0.0 0 0 0.0 0.0 0.0 0 1
2163.0 2163 2163 0.0 0 0 0.0 0.0 0.0 0 1
1931.4 1981 1905 0.8 1 0 0.000412659962379 0.000523012552301 0.0 4 1
2057.04347826 2251 1929 1.91304347826 6 0 0.000934746603799 0.00308959835221 0.0 22 1
1992.0 1992 1992 0.0 0 0 0.0 0.0 0.0 0 1
2061.66666667 2082 2044 1.0 2 0 0.00048646675738 0.000970402717128 0.0 2 1
2094.0 2109 2071 0.666666666667 1 0 0.000318853043972 0.000482625482625 0.0 2 1
2146.0 2146 2146 0.0 0 0 0.0 0.0 0.0 0 1
2060.57142857 2108 2017 0.857142857143 1 0 0.000414388805567 0.000493339911199 0.0 6 1
1916.07692308 2006 1825 2.92307692308 8 0 0.0015251280097 0.00410256410256 0.0 12 1
1936.66666667 1953 1923 0.0 0 0 0.0 0.0 0.0 2 1
2051.46153846 2298 1899 1.61538461538 4 0 0.000772692308058 0.0019870839543 0.0 12 1
2028.33333333 2073 2002 0.0 0 0 0.0 0.0 0.0 2 1
1919.0 1919 1919 0.0 0 0 0.0 0.0 0.0 0 1
1971.0 1971 1971 0.0 0 0 0.0 0.0 0.0 0 1
2205.0 2205 2205 0.0 0 0 0.0 0.0 0.0 0 1
2019.9375 2101 1887 2.3125 5 0 0.00113526908717 0.00245218244237 0.0 15 1
1984.0 1984 1984 0.0 0 0 0.0 0.0 0.0 0 1
2197.0 2197 2197 0.0 0 0 0.0 0.0 0.0 0 1
1998.0 2023 1957 0.6 2 0 0.000299019262752 0.000991571641051 0.0 4 1
2068.5 2087 2050 1.0 2 0 0.000478697941599 0.000957395883198 0.0 1 1
1991.68421053 2068 1915 4.15789473684 10 0 0.00208880306347 0.00499251123315 0.0 18 1
1961.0 1964 1958 0.5 1 0 0.000255232261358 0.000510464522716 0.0 1 1
1634.63414634 2060 1347 29.6666666667 113 0 0.0184550836346 0.0705421293272 0.0 368 1
1940.27027027 2196 1788 4.94594594595 14 0 0.00251479341896 0.00719424460432 0.0 73 1
1928.2 2002 1865 0.6 1 0 0.000311626394501 0.000525486074619 0.0 4 1
2056.0 2082 2023 0.666666666667 1 0 0.000321524312107 0.000484496124031 0.0 2 1
1699.60927152 2192 1522 12.6821192053 38 0 0.00761190094044 0.0242192479286 0.0 150 1
2163.0 2163 2163 0.0 0 0 0.0 0.0 0.0 0 1
2060.5 2209 1976 0.833333333333 1 0 0.000401783323638 0.000505816894284 0.0 5 1
1989.0 1989 1989 0.0 0 0 0.0 0.0 0.0 0 1
1488.40656566 2209 1082 77.6035353535 202 0 0.0514852066122 0.134428678118 0.0 395 1
2060.0 2062 2058 0.5 1 0 0.000242365487155 0.000484730974309 0.0 1 1
1926.0 1926 1926 0.0 0 0 0.0 0.0 0.0 0 1
2172.0 2172 2172 0.0 0 0 0.0 0.0 0.0 0 1
2096.66666667 2119 2068 0.666666666667 1 0 0.000319536816338 0.000483325277912 0.0 2 1
1960.0 1960 1960 0.0 0 0 0.0 0.0 0.0 0 1
2027.5 2142 1963 1.0 2 0 0.000484201335637 0.000932835820896 0.0 3 1
1966.0 1972 1960 0.5 1 0 0.000254971953085 0.00050994390617 0.0 1 1
2109.0 2109 2109 0.0 0 0 0.0 0.0 0.0 0 1
2182.83333333 2255 2090 2.66666666667 4 0 0.0012105572838 0.00182731841023 0.0 5 1
1999.0 1999 1999 0.0 0 0 0.0 0.0 0.0 0 1
2105.66666667 2228 2027 2.83333333333 7 0 0.00134986310667 0.00336862367661 0.0 11 1
2136.0 2136 2136 0.0 0 0 0.0 0.0 0.0 0 1
2064.0 2064 2064 0.0 0 0 0.0 0.0 0.0 0 1
2033.28571429 2077 1968 1.0 2 0 0.000489160592566 0.000974658869396 0.0 6 1
1898.11111111 1937 1820 1.44444444444 3 0 0.0007563884281 0.00155359917141 0.0 8 1
1612.22727273 1955 1317 31.6477272727 81 0 0.0197511592135 0.0538793103448 0.0 263 1
1815.09090909 1906 1756 1.0 2 0 0.000546543938439 0.00111607142857 0.0 10 1
2074.0 2120 2007 0.0 0 0 0.0 0.0 0.0 3 1
2063.14285714 2119 2012 1.14285714286 2 0 0.000558500506549 0.000993048659384 0.0 6 1
1866.0 1866 1866 0.0 0 0 0.0 0.0 0.0 0 1
1914.75 1948 1875 0.5 1 0 0.000261533168286 0.000533049040512 0.0 3 1
1871.5 1928 1815 0.0 0 0 0.0 0.0 0.0 1 1
1946.5 1970 1923 0.5 1 0 0.000259875259875 0.000519750519751 0.0 1 1
2190.0 2190 2190 0.0 0 0 0.0 0.0 0.0 0 1
2002.0 2002 2002 0.0 0 0 0.0 0.0 0.0 0 1
1725.85074627 1999 1453 4.19402985075 12 0 0.00246690165275 0.0080375083724 0.0 66 1
2005.0 2026 1984 0.5 1 0 0.000246669955599 0.000493339911199 0.0 1 1
1527.56345178 2076 1115 47.1177664975 154 0 0.0315044269101 0.106157112527 0.0 984 1
2105.5 2144 2067 0.5 1 0 0.0002331002331 0.0004662004662 0.0 1 1
2024.0 2075 1992 0.666666666667 1 0 0.000327817238305 0.000501756146513 0.0 2 1
2093.0 2106 2080 0.5 1 0 0.000237304224015 0.00047460844803 0.0 1 1
1903.0 1966 1834 0.5 1 0 0.000263336884202 0.000544959128065 0.0 3 1
2102.0 2102 2102 0.0 0 0 0.0 0.0 0.0 0 1
2061.6 2140 1973 1.4 3 0 0.000681256143082 0.00144439094848 0.0 4 1
2102.0 2102 2102 0.0 0 0 0.0 0.0 0.0 0 1
1998.0 1998 1998 0.0 0 0 0.0 0.0 0.0 0 1
2142.5 2321 2014 0.4 1 0 0.000185174101746 0.000480769230769 0.0 9 1
2065.5 2125 2019 0.5 1 0 0.000237037493162 0.000477783086479 0.0 3 1
2044.66666667 2059 2029 0.333333333333 1 0 0.000161812297735 0.000485436893204 0.0 2 1
2039.0 2048 2030 0.0 0 0 0.0 0.0 0.0 1 1
1976.0 1981 1971 0.0 0 0 0.0 0.0 0.0 1 1
1987.0 1987 1987 0.0 0 0 0.0 0.0 0.0 0 1
1926.0 1973 1879 0.5 1 0 0.000265957446809 0.000531914893617 0.0 1 1
1944.0 1944 1944 0.0 0 0 0.0 0.0 0.0 0 1
2027.5 2041 2014 0.5 1 0 0.000248138957816 0.000496277915633 0.0 1 1
2162.0 2162 2162 0.0 0 0 0.0 0.0 0.0 0 1
1993.0 1993 1993 0.0 0 0 0.0 0.0 0.0 0 1
1800.82269504 2086 1585 11.5390070922 44 0 0.00633463033419 0.0236813778256 0.0 140 1
2058.0 2058 2058 0.0 0 0 0.0 0.0 0.0 0 1
2057.0 2057 2057 0.0 0 0 0.0 0.0 0.0 0 1
1951.0 1997 1917 1.0 3 0 0.000501308505284 0.0015 0.0 4 1
2213.0 2213 2213 0.0 0 0 0.0 0.0 0.0 0 1
2034.0 2034 2034 0.0 0 0 0.0 0.0 0.0 0 1
1814.70588235 2006 1637 5.65882352941 14 0 0.00307517182863 0.00723888314374 0.0 84 1
2007.83333333 2064 1945 0.75 2 0 0.000370517149824 0.000968992248062 0.0 11 1
2072.9047619 2133 2016 3.09523809524 6 0 0.00148322006004 0.00282087447109 0.0 20 1
2148.0 2150 2146 0.0 0 0 0.0 0.0 0.0 1 1
2114.6 2170 2064 1.2 2 0 0.000567908254009 0.000968054211036 0.0 4 1
2236.0 2236 2236 0.0 0 0 0.0 0.0 0.0 0 1
2063.33333333 2221 1944 2.0 4 0 0.000966019874107 0.0020325203252 0.0 14 1
2088.5 2228 1994 0.833333333333 1 0 0.000397663476884 0.000501253132832 0.0 5 1
2019.5 2046 1993 0.5 1 0 0.00025075225677 0.000501504513541 0.0 1 1
2211.0 2240 2182 0.5 1 0 0.000223114680946 0.000446229361892 0.0 1 1
2075.0 2101 2026 0.833333333333 2 0 0.000398393729264 0.000951022349025 0.0 5 1
2135.0 2135 2135 0.0 0 0 0.0 0.0 0.0 0 1
2067.5 2074 2061 0.0 0 0 0.0 0.0 0.0 1 1
2004.0 2004 2004 0.0 0 0 0.0 0.0 0.0 0 1
2104.5 2105 2104 0.0 0 0 0.0 0.0 0.0 1 1
2278.0 2278 2278 0.0 0 0 0.0 0.0 0.0 0 1
2010.8125 2184 1894 4.1875 10 0 0.0020269072303 0.00455788514129 0.0 15 1
2064.66666667 2114 1978 1.83333333333 5 0 0.000878236266836 0.0023596035866 0.0 5 1
2050.0 2050 2050 0.0 0 0 0.0 0.0 0.0 0 1
1907.5 1936 1879 0.0 0 0 0.0 0.0 0.0 1 1
2093.0 2093 2093 0.0 0 0 0.0 0.0 0.0 0 1
2024.5 2032 2017 1.0 2 0 0.000491642084562 0.000983284169125 0.0 1 1
2207.0 2207 2207 0.0 0 0 0.0 0.0 0.0 0 1
2234.0 2242 2226 0.5 1 0 0.000224517287831 0.000449034575662 0.0 1 1
2023.30769231 2105 1923 1.38461538462 3 0 0.00068499499881 0.00150451354062 0.0 12 1
1565.56705882 2153 1194 47.5152941176 117 0 0.0306662641597 0.0864745011086 0.0 424 1
2089.66666667 2156 2019 2.83333333333 7 0 0.0013580408466 0.00336862367661 0.0 11 1
1942.2962963 2092 1802 2.96296296296 8 0 0.00150945241036 0.00406297613002 0.0 26 1
1874.0 1874 1874 0.0 0 0 0.0 0.0 0.0 0 1
2079.0 2079 2079 0.0 0 0 0.0 0.0 0.0 0 1
1897.5 1926 1869 0.5 1 0 0.000267379679144 0.000534759358289 0.0 1 1
2194.5 2199 2190 0.5 1 0 0.000228206298494 0.000456412596988 0.0 1 1
2139.0 2146 2132 0.0 0 0 0.0 0.0 0.0 1 1
2251.33333333 2296 2207 0.333333333333 1 0 0.000145116819039 0.000435350457118 0.0 2 1
2056.125 2142 2003 1.625 4 0 0.00078598138339 0.00194080543426 0.0 7 1
1902.0 1902 1902 0.0 0 0 0.0 0.0 0.0 0 1
1606.52427184 1976 1263 35.6366158114 154 0 0.0224407534365 0.0955334987593 0.0 720 1
2018.0 2182 1953 0.833333333333 2 0 0.000411590064396 0.00101265822785 0.0 5 1
2126.0 2155 2097 0.0 0 0 0.0 0.0 0.0 1 1
2164.28571429 2289 2040 1.0 3 0 0.000452780800953 0.00135562584727 0.0 6 1
2079.0 2092 2066 0.5 1 0 0.000238891543239 0.000477783086479 0.0 1 1
2147.0 2162 2132 0.5 1 0 0.000231160425335 0.00046232085067 0.0 1 1
1940.30769231 2070 1806 0.538461538462 2 0 0.000280767350855 0.00108754758021 0.0 12 1
1943.6 2009 1871 0.4 1 0 0.000200055529292 0.000502765208648 0.0 4 1
2001.0 2001 2001 0.0 0 0 0.0 0.0 0.0 0 1
2056.0 2056 2056 0.0 0 0 0.0 0.0 0.0 0 1
2138.375 2216 2090 1.375 3 0 0.000640470553933 0.00139925373134 0.0 7 1
2290.0 2290 2290 0.0 0 0 0.0 0.0 0.0 0 1
1965.0 1965 1965 0.0 0 0 0.0 0.0 0.0 0 1
2090.66666667 2108 2078 0.333333333333 1 0 0.000159718894745 0.000479156684236 0.0 2 1
1786.75 2190 1629 5.75 19 0 0.00318104260812 0.010176754151 0.0 47 1
2066.57142857 2160 2021 0.857142857143 3 0 0.000414811826412 0.00146555935515 0.0 6 1
2027.5 2042 2013 0.0 0 0 0.0 0.0 0.0 1 1
2170.0 2170 2170 0.0 0 0 0.0 0.0 0.0 0 1
1978.75 2108 1899 0.75 2 0 0.00037247560035 0.0010157440325 0.0 3 1
1915.42857143 1953 1851 1.14285714286 2 0 0.00059387899242 0.00106326422116 0.0 6 1
2198.66666667 2221 2176 0.666666666667 1 0 0.000303070523173 0.000457456541629 0.0 5 1
2133.0 2161 2105 0.5 1 0 0.000231267345051 0.000462534690102 0.0 1 1
2096.0 2096 2096 0.0 0 0 0.0 0.0 0.0 0 1
2160.5 2177 2144 0.5 1 0 0.000229568411387 0.000459136822773 0.0 1 1
2009.78947368 2120 1906 2.10526315789 4 0 0.00104890658314 0.00201106083459 0.0 18 1
2014.5 2047 1982 0.5 1 0 0.000252143217347 0.000504286434695 0.0 1 1
1973.0 1973 1973 0.0 0 0 0.0 0.0 0.0 0 1
2176.33333333 2213 2149 1.33333333333 2 0 0.000608339482294 0.000922083909636 0.0 2 1
2166.0 2166 2166 0.0 0 0 0.0 0.0 0.0 0 1
1995.6 2048 1962 0.4 1 0 0.000199493459653 0.000509424350484 0.0 4 1
2136.0 2136 2136 0.0 0 0 0.0 0.0 0.0 0 1
2106.0 2161 2059 0.6 1 0 0.000283848995929 0.000478927203065 0.0 4 1
2023.0 2117 1902 1.625 3 0 0.000786848032782 0.00145419292293 0.0 7 1
1912.72727273 1973 1868 0.909090909091 3 0 0.00047403573023 0.00157977883096 0.0 10 1
2085.5 2119 2053 0.0 0 0 0.0 0.0 0.0 3 1
1990.5 2001 1980 0.5 1 0 0.00024975024975 0.0004995004995 0.0 1 1
1968.85714286 2032 1890 1.28571428571 3 0 0.000650457622987 0.00156412930136 0.0 6 1
2045.33333333 2070 2012 0.666666666667 1 0 0.000327796331147 0.000496770988574 0.0 2 1
2078.0 2134 2022 0.0 0 0 0.0 0.0 0.0 1 1
2033.0 2033 2033 0.0 0 0 0.0 0.0 0.0 0 1
2025.0 2136 1956 2.0 4 0 0.000996844555768 0.00200100050025 0.0 6 1
2197.5 2216 2179 0.5 1 0 0.000229357798165 0.00045871559633 0.0 1 1
2206.71428571 2271 2141 0.857142857143 2 0 0.000385482004187 0.00087989441267 0.0 6 1
2084.25 2217 2009 0.25 1 0 0.000112714156898 0.000450856627592 0.0 3 1
2209.33333333 2257 2177 0.333333333333 1 0 0.000147623265427 0.00044286979628 0.0 2 1
2236.0 2236 2236 0.0 0 0 0.0 0.0 0.0 0 1
1863.86538462 2230 1675 4.65384615385 23 0 0.00249335772588 0.0122601279318 0.0 103 1
2167.0 2191 2143 0.5 1 0 0.000229738276751 0.000462748727441 0.0 3 1
1968.0 2047 1916 0.666666666667 1 0 0.000334404769567 0.000514933058702 0.0 2 1
2054.0 2054 2054 0.0 0 0 0.0 0.0 0.0 0 1
2118.0 2118 2118 0.0 0 0 0.0 0.0 0.0 0 1
2115.5 2120 2111 0.0 0 0 0.0 0.0 0.0 1 1
2065.0 2065 2065 0.0 0 0 0.0 0.0 0.0 0 1
1988.0 1988 1988 0.0 0 0 0.0 0.0 0.0 0 1
1943.25 1968 1920 0.75 1 0 0.000384252184534 0.00051867219917 0.0 3 1
2112.0 2112 2112 0.0 0 0 0.0 0.0 0.0 0 1
2039.75 2053 2018 0.0 0 0 0.0 0.0 0.0 3 1
2167.0 2167 2167 0.0 0 0 0.0 0.0 0.0 0 1
1917.98039216 2040 1780 6.56862745098 20 0 0.0033874303926 0.010498687664 0.0 50 1
2071.0 2136 1988 1.0 2 0 0.000481231970122 0.00095328884652 0.0 4 1
1948.0 2183 1708 7.74137931034 17 0 0.00394642021771 0.00835791543756 0.0 57 1
1976.16666667 2016 1924 1.83333333333 3 0 0.000927489141921 0.00155682407888 0.0 5 1
2143.0 2143 2143 0.0 0 0 0.0 0.0 0.0 0 1
2003.90909091 2152 1895 1.09090909091 2 0 0.000540933170322 0.00103466114847 0.0 10 1
2162.33333333 2175 2146 0.333333333333 1 0 0.000153822488848 0.000461467466544 0.0 2 1
1974.0 1985 1963 0.0 0 0 0.0 0.0 0.0 1 1
2068.66666667 2189 1981 1.0 2 0 0.000475723057287 0.000912825193975 0.0 5 1
2013.0 2050 1976 0.0 0 0 0.0 0.0 0.0 1 1
1766.375 1820 1690 1.375 2 0 0.000769854492512 0.0011448196909 0.0 7 1
2235.0 2235 2235 0.0 0 0 0.0 0.0 0.0 0 1
2042.57142857 2081 2011 2.28571428571 4 0 0.00111070247033 0.00196850393701 0.0 6 1
1979.0 1979 1979 0.0 0 0 0.0 0.0 0.0 0 1
2046.0 2046 2046 0.0 0 0 0.0 0.0 0.0 0 1
1983.4 2038 1938 0.4 2 0 0.000196078431373 0.000980392156863 0.0 4 1
2178.0 2178 2178 0.0 0 0 0.0 0.0 0.0 0 1
2024.5 2116 1977 1.75 3 0 0.000852829269252 0.00141576215196 0.0 3 1
2349.0 2349 2349 0.0 0 0 0.0 0.0 0.0 0 1
2070.0 2141 1968 0.5 1 0 0.0002349166617 0.000472813238771 0.0 3 1
1992.4 2015 1938 0.2 1 0 0.000103145951521 0.000515729757607 0.0 4 1
2184.4 2271 2130 0.9 2 0 0.000412823346063 0.000925069380204 0.0 9 1
1499.304 1986 1198 66.88 152 0 0.0438900692695 0.096992481203 0.0 999 1
2135.0 2135 2135 0.0 0 0 0.0 0.0 0.0 0 1
1905.75 1951 1876 0.75 1 0 0.000391371410519 0.000527704485488 0.0 3 1
1506.18894602 2287 1183 65.3483290488 186 0 0.0426895725935 0.118455497382 0.0 777 1
2177.72727273 2244 2105 1.45454545455 3 0 0.000668760349519 0.00139470013947 0.0 10 1
1995.66666667 2106 1896 0.8 2 0 0.000401735100017 0.00100401606426 0.0 14 1
2087.0 2119 2055 0.5 1 0 0.000235849056604 0.000471698113208 0.0 1 1
1687.38 2100 1462 19.04 61 0 0.0111672111928 0.0348770726129 0.0 249 1
1934.33333333 1958 1908 0.333333333333 1 0 0.000171998624011 0.000515995872033 0.0 2 1
2227.0 2227 2227 0.0 0 0 0.0 0.0 0.0 0 1
1865.4 1916 1811 1.2 3 0 0.000641481111744 0.00161987041037 0.0 4 1
1801.74509804 2144 1528 11.3137254902 32 0 0.00639056915287 0.019312009656 0.0 101 1
1970.0 1970 1970 0.0 0 0 0.0 0.0 0.0 0 1
2109.33333333 2130 2069 0.333333333333 1 0 0.000156421085562 0.000469263256687 0.0 2 1
2018.16666667 2051 1961 0.666666666667 1 0 0.000328302908692 0.000496524329692 0.0 5 1
2004.0 2036 1983 0.666666666667 1 0 0.000330807510077 0.000501504513541 0.0 2 1
2093.2 2121 2080 1.0 2 0 0.0004766195369 0.000952380952381 0.0 4 1
2064.0 2064 2064 0.0 0 0 0.0 0.0 0.0 0 1
2052.33333333 2084 2031 0.666666666667 1 0 0.000323914097069 0.000492125984252 0.0 2 1
2126.0 2126 2126 0.0 0 0 0.0 0.0 0.0 0 1
2174.33333333 2199 2151 0.333333333333 1 0 0.000151515151515 0.000454545454545 0.0 2 1
2161.5 2183 2140 0.0 0 0 0.0 0.0 0.0 1 1
2043.0 2070 2016 0.5 1 0 0.000241429261226 0.000482858522453 0.0 1 1
1939.85714286 2076 1811 2.21428571429 6 0 0.00112549014017 0.0029197080292 0.0 13 1
2073.66666667 2151 1988 0.666666666667 1 0 0.000319243635841 0.000487329434698 0.0 5 1
1918.9 1979 1829 2.7 8 0 0.00139318004968 0.00404448938322 0.0 9 1
2074.0 2095 2053 0.5 1 0 0.000243427458617 0.000486854917235 0.0 1 1
2162.5 2199 2126 0.5 1 0 0.000227272727273 0.000454545454545 0.0 1 1
2128.0 2170 2086 0.0 0 0 0.0 0.0 0.0 1 1
1861.5 1932 1798 0.75 2 0 0.000403082602217 0.00107353730542 0.0 3 1
2140.42857143 2188 2060 1.42857142857 3 0 0.000659909884604 0.00139925373134 0.0 6 1
1999.5 2132 1890 2.5 5 0 0.00122450816641 0.00233972859148 0.0 7 1
2065.0 2065 2065 0.0 0 0 0.0 0.0 0.0 0 1
1777.68656716 2077 1542 5.73134328358 14 0 0.00316215446317 0.00748416810593 0.0 66 1
1855.7962963 2096 1604 6.40740740741 13 0 0.00346106071112 0.00684210526316 0.0 53 1
2176.0 2176 2176 0.0 0 0 0.0 0.0 0.0 0 1
2086.0 2086 2086 0.0 0 0 0.0 0.0 0.0 0 1
2191.0 2191 2191 0.0 0 0 0.0 0.0 0.0 0 1
1967.66666667 2062 1917 0.833333333333 3 0 0.000424433565105 0.00154878678369 0.0 5 1
2154.0 2202 2113 0.5 1 0 0.000228529936273 0.000460193281178 0.0 3 1
2323.0 2323 2323 0.0 0 0 0.0 0.0 0.0 0 1
1912.14285714 1963 1852 1.28571428571 3 0 0.000665720936675 0.00152594099695 0.0 6 1
2121.0 2121 2121 0.0 0 0 0.0 0.0 0.0 0 1
2068.0 2121 2032 0.0 0 0 0.0 0.0 0.0 2 1
2001.5 2139 1853 0.666666666667 2 0 0.000337330336647 0.00102301790281 0.0 11 1
2084.83333333 2161 1947 0.833333333333 3 0 0.000392619394773 0.00140845070423 0.0 5 1
2271.25 2302 2237 0.5 2 0 0.000217675228559 0.000870700914236 0.0 3 1
2100.0 2137 2058 1.5 3 0 0.000717834276195 0.00142517814727 0.0 3 1
2082.0 2082 2082 0.0 0 0 0.0 0.0 0.0 0 1
1958.07692308 2125 1789 1.80769230769 4 0 0.000918203968311 0.00200300450676 0.0 25 1
1996.5 2012 1981 0.0 0 0 0.0 0.0 0.0 1 1
1975.33333333 2188 1775 3.7037037037 9 0 0.00190727069931 0.0049369171695 0.0 26 1
2056.0 2056 2056 0.0 0 0 0.0 0.0 0.0 0 1
2005.75 2138 1964 0.625 2 0 0.000314265534908 0.00101729399797 0.0 7 1
1966.5 1990 1943 1.0 2 0 0.000514138817481 0.00102827763496 0.0 1 1
2088.57142857 2210 1977 0.428571428571 1 0 0.000202714536848 0.000491883915396 0.0 6 1
2136.0 2165 2107 0.0 0 0 0.0 0.0 0.0 1 1
2014.75 2054 1977 0.25 1 0 0.000125313283208 0.000501253132832 0.0 3 1
2049.5 2073 2026 0.0 0 0 0.0 0.0 0.0 1 1
2195.66666667 2208 2175 0.0 0 0 0.0 0.0 0.0 2 1
1961.33333333 2029 1872 0.75 2 0 0.000380045773006 0.00100401606426 0.0 11 1
1986.16666667 2025 1928 1.5 3 0 0.00075717134247 0.00152671755725 0.0 5 1
2080.85714286 2140 2010 0.571428571429 1 0 0.000273390583098 0.000484966052376 0.0 6 1
2134.0 2134 2134 0.0 0 0 0.0 0.0 0.0 0 1
2128.0 2128 2128 0.0 0 0 0.0 0.0 0.0 0 1
2039.2 2096 1998 0.0 0 0 0.0 0.0 0.0 4 1
2077.25 2096 2048 1.0 3 0 0.000476930231074 0.00142925202477 0.0 3 1
2027.5 2058 1997 0.0 0 0 0.0 0.0 0.0 1 1
2162.83333333 2231 2108 0.833333333333 2 0 0.000381175444769 0.00089565606807 0.0 5 1
2070.33333333 2118 2044 0.0 0 0 0.0 0.0 0.0 2 1
1937.0 1976 1893 0.0 0 0 0.0 0.0 0.0 3 1
1910.32183908 2167 1592 5.63218390805 15 0 0.00301999216814 0.0081654872074 0.0 86 1
1802.91025641 2019 1582 12.3076923077 48 0 0.00677709302606 0.0267857142857 0.0 155 1
2135.33333333 2168 2115 0.666666666667 1 0 0.000310617249221 0.000470809792844 0.0 2 1
2062.0 2062 2062 0.0 0 0 0.0 0.0 0.0 0 1
2027.0 2050 2004 0.5 1 0 0.000243783520234 0.000487567040468 0.0 1 1
2077.66666667 2301 1870 0.333333333333 2 0 0.000145818665654 0.000877963125549 0.0 8 1
1844.5 1857 1832 0.5 1 0 0.0002691065662 0.0005382131324 0.0 1 1
2112.5 2118 2107 0.0 0 0 0.0 0.0 0.0 1 1
2021.5 2037 2006 0.5 1 0 0.000245338567223 0.000490677134446 0.0 1 1
1982.92307692 2075 1867 6.07692307692 14 0 0.00305606054477 0.00731834814428 0.0 25 1
2232.0 2232 2232 0.0 0 0 0.0 0.0 0.0 0 1
1868.9 2003 1771 1.8 4 0 0.000974131472676 0.00218579234973 0.0 9 1
2040.33333333 2098 1999 1.11111111111 3 0 0.000540029347995 0.00144787644788 0.0 8 1
2145.33333333 2199 2110 0.333333333333 1 0 0.000151515151515 0.000454545454545 0.0 2 1
2074.33333333 2099 2040 0.333333333333 1 0 0.000163318634656 0.000489955903969 0.0 2 1
1966.14285714 2028 1910 2.0 7 0 0.000997731392737 0.00351935646053 0.0 6 1
2375.0 2375 2375 0.0 0 0 0.0 0.0 0.0 0 1
2002.5 2022 1983 0.5 1 0 0.000247157686604 0.000494315373208 0.0 1 1
2002.0 2002 2002 0.0 0 0 0.0 0.0 0.0 0 1
1938.5 1940 1937 0.0 0 0 0.0 0.0 0.0 1 1
2196.0 2196 2196 0.0 0 0 0.0 0.0 0.0 0 1
2228.5 2239 2218 0.5 1 0 0.000223214285714 0.000446428571429 0.0 1 1
2122.0 2122 2122 0.0 0 0 0.0 0.0 0.0 0 1
2059.0 2059 2059 0.0 0 0 0.0 0.0 0.0 0 1
2000.33333333 2076 1920 1.33333333333 3 0 0.000658495851292 0.00149402390438 0.0 2 1
2130.0 2130 2130 0.0 0 0 0.0 0.0 0.0 0 1
2030.5 2083 1978 0.5 1 0 0.000239923224568 0.000479846449136 0.0 1 1
1956.66666667 1974 1931 0.666666666667 2 0 0.000344887049491 0.00103466114847 0.0 2 1
2010.5 2078 1943 0.0 0 0 0.0 0.0 0.0 1 1
2147.76923077 2268 2039 1.53846153846 3 0 0.000714661989135 0.00146914789422 0.0 12 1
1938.0 1938 1938 0.0 0 0 0.0 0.0 0.0 0 1
1969.625 2080 1848 0.875 3 0 0.000444657065451 0.00156657963446 0.0 7 1
2277.0 2277 2277 0.0 0 0 0.0 0.0 0.0 0 1
2034.0 2087 1998 1.0 3 0 0.000478468899522 0.00143540669856 0.0 2 1
2092.0 2092 2092 0.0 0 0 0.0 0.0 0.0 0 1
2005.0 2005 2005 0.0 0 0 0.0 0.0 0.0 0 1
1976.0 1981 1971 0.5 1 0 0.00025354969574 0.000507099391481 0.0 1 1
2188.0 2188 2188 0.0 0 0 0.0 0.0 0.0 0 1
2241.0 2241 2241 0.0 0 0 0.0 0.0 0.0 0 1
2013.83333333 2101 1966 0.833333333333 1 0 0.000413019710884 0.000508388408744 0.0 5 1
1932.39285714 2315 1638 2.0 6 0 0.00102228226831 0.00288461538462 0.0 27 1
2029.42857143 2123 1968 0.428571428571 1 0 0.000209264679394 0.000507872016252 0.0 6 1
2211.5 2237 2186 0.5 1 0 0.000223413762288 0.000446827524576 0.0 1 1
2138.66666667 2193 2080 0.333333333333 1 0 0.000160179400929 0.000480538202787 0.0 2 1
2067.0 2067 2067 0.0 0 0 0.0 0.0 0.0 0 1
2255.0 2257 2253 0.5 1 0 0.00022143489814 0.00044286979628 0.0 1 1
2212.0 2218 2206 0.0 0 0 0.0 0.0 0.0 1 1
2065.5 2088 2043 1.0 2 0 0.000488997555012 0.000977995110024 0.0 1 1
2175.0 2175 2175 0.0 0 0 0.0 0.0 0.0 0 1
2157.6 2213 2107 0.8 2 0 0.000372885737816 0.00094696969697 0.0 4 1
1871.57142857 1956 1721 5.57142857143 16 0 0.00294041923804 0.00813835198372 0.0 41 1
2140.0 2192 2082 0.333333333333 1 0 0.000155255395125 0.000465766185375 0.0 2 1
2222.0 2222 2222 0.0 0 0 0.0 0.0 0.0 0 1
2037.0 2103 1999 0.6 1 0 0.000293273284417 0.000496031746032 0.0 4 1
2235.5 2241 2230 0.5 1 0 0.000223015165031 0.000446030330062 0.0 1 1
2081.66666667 2163 2019 0.666666666667 2 0 0.000307929176289 0.000923787528868 0.0 2 1
1881.0 1881 1881 0.0 0 0 0.0 0.0 0.0 0 1
2335.0 2335 2335 0.0 0 0 0.0 0.0 0.0 0 1
2047.0 2047 2047 0.0 0 0 0.0 0.0 0.0 0 1
1933.0 1933 1933 0.0 0 0 0.0 0.0 0.0 0 1
2077.5 2109 2046 0.0 0 0 0.0 0.0 0.0 1 1
2098.5 2189 1982 1.25 4 0 0.000591177155018 0.00187529301453 0.0 7 1
1997.4 2048 1956 0.8 3 0 0.0003943444946 0.00148367952522 0.0 4 1
1881.92682927 2240 1614 6.14634146341 15 0 0.00326186970237 0.00799086757991 0.0 40 1
1942.0 1942 1942 0.0 0 0 0.0 0.0 0.0 0 1
1928.0 1928 1928 0.0 0 0 0.0 0.0 0.0 0 1
2118.25 2141 2080 0.25 1 0 0.000117924528302 0.000471698113208 0.0 3 1
1899.85714286 2099 1743 2.2380952381 6 0 0.00117350853117 0.0030565461029 0.0 20 1
1968.0 2181 1795 1.33333333333 4 0 0.000657332848913 0.0019870839543 0.0 11 1
1904.42857143 1971 1860 1.0 2 0 0.000523065476528 0.00104712041885 0.0 6 1
2185.0 2185 2185 0.0 0 0 0.0 0.0 0.0 0 1
1953.1875 2088 1799 1.5 3 0 0.000764510919617 0.00161203653949 0.0 15 1
2160.0 2160 2160 0.0 0 0 0.0 0.0 0.0 0 1
1824.0 1958 1643 2.92 7 0 0.00157076210708 0.00356234096692 0.0 24 1
2114.0 2117 2111 0.5 1 0 0.000236742424242 0.000473484848485 0.0 1 1
2134.75 2186 2062 1.0 2 0 0.000466655011619 0.000924641701341 0.0 3 1
2021.375 2130 1954 1.25 3 0 0.0006173164655 0.00144439094848 0.0 7 1
2074.66666667 2120 2045 0.333333333333 1 0 0.000157158573 0.000471475719 0.0 2 1
1865.0 1865 1865 0.0 0 0 0.0 0.0 0.0 0 1
2069.14285714 2112 2018 2.14285714286 5 0 0.00103449440511 0.00236183278224 0.0 6 1
1652.3412527 2209 1434 30.6933045356 107 0 0.0186462019773 0.0606920022689 0.0 462 1
2082.5 2105 2060 0.0 0 0 0.0 0.0 0.0 1 1
1882.0 1944 1809 2.90909090909 8 0 0.00152640803561 0.00414293112377 0.0 10 1
1930.35294118 2037 1826 1.05882352941 2 0 0.00054811003405 0.00109409190372 0.0 16 1
2112.25 2133 2100 0.5 1 0 0.00023719426638 0.000475963826749 0.0 3 1
2021.33333333 2070 1982 0.666666666667 1 0 0.000333685807756 0.000504286434695 0.0 2 1
1940.0 1970 1916 0.4 1 0 0.000205609857014 0.000517063081696 0.0 4 1
2029.66666667 2093 1996 0.333333333333 1 0 0.000166583374979 0.000499750124938 0.0 2 1
1974.55555556 2043 1922 1.88888888889 3 0 0.000950540940337 0.00151821862348 0.0 8 1
2106.4 2137 2082 1.2 3 0 0.000571700684377 0.00143884892086 0.0 4 1
2060.83333333 2157 1982 1.16666666667 2 0 0.000555988672715 0.000970873786408 0.0 5 1
2126.66666667 2131 2124 0.666666666667 1 0 0.00031313667938 0.000470366886171 0.0 2 1
1964.0 1985 1943 0.0 0 0 0.0 0.0 0.0 1 1
2020.6 2069 1966 0.4 1 0 0.000195030571589 0.00048971596474 0.0 4 1
1991.18421053 2157 1898 6.07894736842 21 0 0.00307507582487 0.0108303249097 0.0 37 1
1987.66666667 1992 1982 0.0 0 0 0.0 0.0 0.0 2 1
2184.0 2184 2184 0.0 0 0 0.0 0.0 0.0 0 1
2030.0 2057 2001 0.666666666667 2 0 0.000327761389708 0.000983284169125 0.0 2 1
1888.25 2021 1800 1.92857142857 5 0 0.00100912226501 0.00252270433905 0.0 27 1
1820.52459016 2007 1554 6.49180327869 19 0 0.0034844396886 0.00960080848914 0.0 60 1
2084.0 2084 2084 0.0 0 0 0.0 0.0 0.0 0 1
2131.0 2131 2131 0.0 0 0 0.0 0.0 0.0 0 1
2007.88888889 2191 1924 2.22222222222 6 0 0.00111190185638 0.00301053687908 0.0 17 1
1927.88571429 2092 1744 1.62857142857 6 0 0.000838244375615 0.00306748466258 0.0 34 1
2206.0 2206 2206 0.0 0 0 0.0 0.0 0.0 0 1
2137.25 2172 2111 0.25 1 0 0.000118371212121 0.000473484848485 0.0 3 1
2197.28571429 2268 2137 1.42857142857 3 0 0.000651083954873 0.00139146567718 0.0 6 1
2178.0 2178 2178 0.0 0 0 0.0 0.0 0.0 0 1
1789.7 1849 1722 1.45 4 0 0.000806899447763 0.00215866162979 0.0 19 1
2141.66666667 2147 2132 0.666666666667 1 0 0.000311529813003 0.000468823253633 0.0 2 1
1926.85436893 2268 1641 8.87378640777 33 0 0.00459251407875 0.0173592845871 0.0 102 1
2014.75 2082 1937 1.0 3 0 0.000497806312044 0.00145914396887 0.0 7 1
2021.6 2080 1951 0.6 1 0 0.000292012819381 0.000494559841741 0.0 4 1
2079.0 2118 2040 0.5 1 0 0.00023596035866 0.000471920717319 0.0 1 1
2052.90909091 2136 1943 1.0 3 0 0.000480312753106 0.0014605647517 0.0 10 1
1998.66666667 2020 1983 0.333333333333 1 0 0.000168010752688 0.000504032258065 0.0 2 1
2057.16666667 2158 1986 2.16666666667 4 0 0.00104697501295 0.00201005025126 0.0 5 1
1992.66666667 2011 1971 0.666666666667 1 0 0.000335950172724 0.000507099391481 0.0 2 1
1934.0 1934 1934 0.0 0 0 0.0 0.0 0.0 0 1
2233.5 2312 2150 1.21428571429 3 0 0.000541316119885 0.0013507429086 0.0 13 1
2144.07142857 2254 2057 2.35714285714 5 0 0.00109304348406 0.00224618149146 0.0 13 1
2173.5 2211 2136 1.0 2 0 0.000451875282422 0.000903750564844 0.0 1 1
2141.0 2178 2104 1.0 2 0 0.00045871559633 0.000917431192661 0.0 1 1
1878.25 1954 1761 0.5 1 0 0.000257478067297 0.000518403317781 0.0 3 1
2146.0 2146 2146 0.0 0 0 0.0 0.0 0.0 0 1
2118.0 2118 2118 0.0 0 0 0.0 0.0 0.0 0 1
2045.33333333 2078 2018 0.0 0 0 0.0 0.0 0.0 2 1
2132.0 2132 2132 0.0 0 0 0.0 0.0 0.0 0 1
2033.0 2078 1988 0.5 1 0 0.0002405002405 0.000481000481 0.0 1 1
2023.5 2047 2000 0.5 1 0 0.000249875062469 0.000499750124938 0.0 1 1
1736.69863014 1983 1593 18.2602739726 39 0 0.0104012331972 0.0227803738318 0.0 72 1
2239.0 2239 2239 0.0 0 0 0.0 0.0 0.0 0 1
1990.0 1990 1990 0.0 0 0 0.0 0.0 0.0 0 1
1911.0 1911 1911 0.0 0 0 0.0 0.0 0.0 0 1
1934.0 1934 1934 0.0 0 0 0.0 0.0 0.0 0 1
2122.0 2122 2122 0.0 0 0 0.0 0.0 0.0 0 1
2087.66666667 2121 2024 0.0 0 0 0.0 0.0 0.0 2 1
2115.2 2202 2039 0.8 2 0 0.0003808330267 0.000968054211036 0.0 4 1
2225.0 2225 2225 0.0 0 0 0.0 0.0 0.0 0 1
2037.0 2051 2011 0.333333333333 1 0 0.000162601626016 0.000487804878049 0.0 2 1
2135.0 2135 2135 0.0 0 0 0.0 0.0 0.0 0 1
1907.66666667 1950 1879 0.333333333333 1 0 0.000170852554246 0.000512557662737 0.0 2 1
2145.66666667 2161 2136 0.666666666667 1 0 0.00031167239341 0.000467945718297 0.0 2 1
1960.33333333 1979 1951 0.333333333333 1 0 0.000170765027322 0.000512295081967 0.0 2 1
2148.0 2223 2109 0.714285714286 2 0 0.000327359346287 0.000922934933087 0.0 6 1
2040.0 2051 2029 0.5 1 0 0.000243664717349 0.000487329434698 0.0 1 1
2070.0 2070 2070 0.0 0 0 0.0 0.0 0.0 0 1
2144.0 2144 2144 0.0 0 0 0.0 0.0 0.0 0 1
1973.5 1975 1972 0.0 0 0 0.0 0.0 0.0 1 1
2046.5 2073 2007 1.33333333333 3 0 0.000648683113366 0.00146627565982 0.0 5 1
1999.0 2032 1955 0.0 0 0 0.0 0.0 0.0 3 1
2139.33333333 2187 2061 0.666666666667 1 0 0.000305885206103 0.000460617227084 0.0 2 1
2087.5 2123 2038 0.75 1 0 0.000359986055729 0.000490436488475 0.0 3 1
2055.5 2056 2055 0.0 0 0 0.0 0.0 0.0 1 1
1967.75 2020 1933 0.25 1 0 0.000127942681679 0.000511770726714 0.0 3 1
2060.0 2060 2060 0.0 0 0 0.0 0.0 0.0 0 1
2000.5 2036 1959 0.25 1 0 0.000122729504173 0.000490918016691 0.0 3 1
2027.22222222 2112 1964 2.33333333333 5 0 0.00114799813459 0.00241196333816 0.0 8 1
2110.0 2159 2061 0.5 1 0 0.000231481481481 0.000462962962963 0.0 1 1
2033.5 2073 2005 0.25 1 0 0.000124626121635 0.00049850448654 0.0 3 1
2080.0 2148 2040 0.8 2 0 0.000381693942422 0.00093023255814 0.0 4 1
2052.0 2096 1985 0.4 1 0 0.000197839465868 0.000503524672709 0.0 4 1
1898.0 1898 1898 0.0 0 0 0.0 0.0 0.0 0 1
2171.0 2171 2171 0.5 1 0 0.000230202578269 0.000460405156538 0.0 1 1
1938.0 1938 1938 0.0 0 0 0.0 0.0 0.0 0 1
2067.5 2088 2042 0.75 2 0 0.000361969280676 0.000964785335263 0.0 3 1
1955.66666667 2012 1926 1.0 2 0 0.000503996673004 0.000993048659384 0.0 2 1
1766.65909091 2058 1562 7.03409090909 25 0 0.00405879194594 0.0145687645688 0.0 87 1
2050.85714286 2124 1995 0.428571428571 2 0 0.000203606024749 0.000954653937947 0.0 6 1
1807.40336134 2001 1664 11.7394957983 37 0 0.00647494461777 0.0209750566893 0.0 118 1
2042.25 2069 2029 0.75 2 0 0.000366835938986 0.000984251968504 0.0 3 1
1903.0 1967 1832 0.444444444444 2 0 0.000235604455988 0.00109051254089 0.0 8 1
1904.0 1942 1885 0.5 1 0 0.000265111346766 0.000530222693531 0.0 3 1
1998.0 1998 1998 0.0 0 0 0.0 0.0 0.0 0 1
1636.16535433 2127 1430 21.5826771654 76 0 0.012962628519 0.0453190220632 0.0 253 1
2118.5 2174 2017 0.0 0 0 0.0 0.0 0.0 3 1
2289.0 2289 2289 0.0 0 0 0.0 0.0 0.0 0 1
2038.2 2062 1963 0.4 1 0 0.000194506618569 0.000487567040468 0.0 4 1
2131.0 2131 2131 0.0 0 0 0.0 0.0 0.0 0 1
2244.0 2303 2180 0.5 1 0 0.000222538148831 0.000452898550725 0.0 3 1
1696.08888889 2076 1465 16.2296296296 43 0 0.00936687927581 0.0264290104487 0.0 134 1
2059.0 2059 2059 0.0 0 0 0.0 0.0 0.0 0 1
1929.66666667 1985 1882 0.333333333333 1 0 0.000173340266944 0.000520020800832 0.0 2 1
2051.5 2094 2020 1.5 3 0 0.000722937251095 0.00143061516452 0.0 3 1
1936.2 1996 1860 0.4 1 0 0.000200400851904 0.000501253132832 0.0 4 1
1815.09756098 2157 1468 17.7926829268 43 0 0.00979473623582 0.0232306861156 0.0 81 1
2136.0 2136 2136 0.0 0 0 0.0 0.0 0.0 0 1
2020.71428571 2066 1944 0.857142857143 2 0 0.000424476480408 0.000975609756098 0.0 6 1
2285.0 2285 2285 0.0 0 0 0.0 0.0 0.0 0 1
2029.9375 2255 1834 7.15625 16 0 0.00346405426356 0.00791295746785 0.0 31 1
1853.6 1960 1768 0.6 1 0 0.000324761894324 0.000544959128065 0.0 4 1
1818.2 2034 1652 0.733333333333 3 0 0.000415752162428 0.00170357751278 0.0 14 1
1866.82352941 1957 1797 2.76470588235 7 0 0.00148889551826 0.00388026607539 0.0 16 1
1999.0 1999 1999 0.0 0 0 0.0 0.0 0.0 0 1
1905.53846154 2138 1760 2.38461538462 7 0 0.00123962501184 0.00365726227795 0.0 38 1
1985.9 2130 1890 0.9 2 0 0.000450113861616 0.00104438642298 0.0 9 1
1819.19753086 2159 1584 11.2098765432 23 0 0.00612421837443 0.0127991096272 0.0 80 1
2003.0 2003 2003 0.0 0 0 0.0 0.0 0.0 0 1
1935.0 1935 1935 0.0 0 0 0.0 0.0 0.0 0 1
2202.0 2202 2202 0.0 0 0 0.0 0.0 0.0 0 1
2001.0 2016 1990 0.25 1 0 0.000123946455131 0.000495785820526 0.0 3 1
1641.43533123 2173 1366 26.0536277603 72 0 0.0160496658261 0.0463022508039 0.0 316 1
1918.0 1918 1918 0.0 0 0 0.0 0.0 0.0 0 1
2187.0 2187 2187 0.0 0 0 0.0 0.0 0.0 0 1
2092.0 2092 2092 0.0 0 0 0.0 0.0 0.0 0 1
1706.8956229 2123 1515 28.6195286195 109 0 0.0167356293705 0.0624641833811 0.0 296 1
2191.66666667 2239 2150 0.0 0 0 0.0 0.0 0.0 2 1
2104.5 2175 2026 0.625 1 0 0.000293780081798 0.000486144871172 0.0 7 1
1903.13157895 2246 1700 6.26315789474 18 0 0.00329242036402 0.00925925925926 0.0 75 1
2104.0 2104 2104 0.0 0 0 0.0 0.0 0.0 0 1
2151.0 2151 2151 0.0 0 0 0.0 0.0 0.0 0 1
2223.0 2223 2223 0.0 0 0 0.0 0.0 0.0 0 1
2063.66666667 2112 2020 1.0 2 0 0.000480292781986 0.000946073793756 0.0 2 1
2148.66666667 2225 2082 1.0 2 0 0.000461126407387 0.000934142923867 0.0 2 1
1933.38461538 1965 1886 1.76923076923 4 0 0.000913750838376 0.00205444273241 0.0 12 1
2036.66666667 2064 2000 0.666666666667 1 0 0.000324260428754 0.000488519785051 0.0 2 1
2047.0 2073 2021 0.5 1 0 0.00024727992087 0.000494559841741 0.0 1 1
2070.0 2070 2070 0.0 0 0 0.0 0.0 0.0 0 1
2077.4 2113 2048 1.4 3 0 0.000669977507274 0.00141776937618 0.0 4 1
1873.14634146 1981 1674 2.78048780488 7 0 0.00148406544559 0.00382513661202 0.0 40 1
2123.77777778 2143 2098 1.55555555556 5 0 0.000730639840064 0.0023596035866 0.0 8 1
2229.0 2229 2229 0.0 0 0 0.0 0.0 0.0 0 1
2076.33333333 2120 2047 0.666666666667 1 0 0.000319918989667 0.00048828125 0.0 2 1
2376.33333333 2425 2301 0.666666666667 1 0 0.000276058177289 0.000415973377704 0.0 2 1
1583.1086351 2029 1296 48.9582172702 111 0 0.031045295429 0.0706556333546 0.0 358 1
1964.25 2149 1805 2.5 6 0 0.00125131270111 0.00296882731321 0.0 15 1
2146.0 2146 2146 0.0 0 0 0.0 0.0 0.0 0 1
2113.5 2117 2110 0.0 0 0 0.0 0.0 0.0 1 1
2142.5 2198 2039 0.5 1 0 0.00023069554574 0.00046511627907 0.0 3 1
2125.5 2135 2116 0.0 0 0 0.0 0.0 0.0 1 1
2152.0 2152 2152 0.0 0 0 0.0 0.0 0.0 0 1
2074.0 2074 2074 0.0 0 0 0.0 0.0 0.0 0 1
2109.0 2109 2109 0.0 0 0 0.0 0.0 0.0 0 1
1940.66666667 1958 1913 0.666666666667 1 0 0.000340919868228 0.000512295081967 0.0 2 1
1508.411 2096 1103 69.635 180 0 0.0453378369598 0.120724346076 0.0 999 1
2154.5 2198 2093 1.125 2 0 0.000518104839109 0.000911577028259 0.0 7 1
2030.2962963 2091 1952 1.85185185185 5 0 0.00091156221351 0.00251130085384 0.0 26 1
2085.0 2125 2045 0.5 1 0 0.000244379276637 0.000488758553275 0.0 1 1
2007.2 2051 1959 3.8 7 0 0.00188970867614 0.00356052899288 0.0 9 1
2147.5 2148 2147 0.5 1 0 0.000232666356445 0.00046533271289 0.0 1 1
2035.0 2035 2035 0.0 0 0 0.0 0.0 0.0 0 1
1896.0 2106 1766 0.933333333333 3 0 0.000481095340845 0.00142247510669 0.0 14 1
2191.0 2191 2191 0.0 0 0 0.0 0.0 0.0 0 1
2090.0 2090 2090 0.0 0 0 0.0 0.0 0.0 0 1
2082.0 2082 2082 0.0 0 0 0.0 0.0 0.0 0 1
2092.5 2133 2033 0.25 1 0 0.000117150890347 0.000468603561387 0.0 3 1
2235.75 2293 2176 0.0 0 0 0.0 0.0 0.0 3 1
1949.0 2009 1889 0.0 0 0 0.0 0.0 0.0 1 1
2060.75 2115 2006 0.25 1 0 0.000118147448015 0.00047258979206 0.0 3 1
2005.0 2005 2005 0.0 0 0 0.0 0.0 0.0 0 1
2159.0 2159 2159 0.0 0 0 0.0 0.0 0.0 0 1
2078.0 2078 2078 0.0 0 0 0.0 0.0 0.0 0 1
2066.625 2174 1984 0.625 1 0 0.000301539163558 0.000503778337531 0.0 7 1
2208.71428571 2241 2151 0.285714285714 1 0 0.000129723847525 0.000455373406193 0.0 6 1
1973.8 2022 1897 0.6 1 0 0.000302480081948 0.000517866390471 0.0 4 1
2123.33333333 2167 2096 0.0 0 0 0.0 0.0 0.0 2 1
2247.5 2251 2244 1.0 2 0 0.000445235975067 0.000890471950134 0.0 1 1
2072.88888889 2124 1991 0.555555555556 3 0 0.000265478208754 0.00142585551331 0.0 8 1
2211.0 2244 2151 0.0 0 0 0.0 0.0 0.0 2 1
2204.25 2247 2157 0.75 2 0 0.000344680959359 0.00091533180778 0.0 3 1
2124.5 2158 2091 0.0 0 0 0.0 0.0 0.0 1 1
1850.4 2102 1700 3.0 6 0 0.0016223212336 0.00351699882767 0.0 19 1
1924.33333333 2113 1680 2.0 7 0 0.00103675075227 0.0035140562249 0.0 17 1
2133.0 2133 2133 0.0 0 0 0.0 0.0 0.0 0 1
1960.0 1960 1960 0.0 0 0 0.0 0.0 0.0 0 1
1825.14285714 2040 1582 7.14285714286 16 0 0.00389923527353 0.00966767371601 0.0 27 1
2073.25 2148 2004 0.75 1 0 0.000357717680021 0.000486381322957 0.0 3 1
2117.0 2117 2117 0.0 0 0 0.0 0.0 0.0 0 1
2005.0 2005 2005 0.0 0 0 0.0 0.0 0.0 0 1
2063.0 2063 2063 0.5 1 0 0.000242248062016 0.000484496124031 0.0 1 1
1969.5 2203 1774 2.17391304348 7 0 0.00109672965659 0.00353535353535 0.0 45 1
2139.0 2139 2139 0.0 0 0 0.0 0.0 0.0 0 1
1835.46428571 2043 1690 2.96428571429 8 0 0.00162925025303 0.00444197667962 0.0 27 1
2001.5 2016 1987 0.5 1 0 0.000247892910263 0.000495785820526 0.0 1 1
2026.0 2026 2026 0.0 0 0 0.0 0.0 0.0 0 1
2188.33333333 2198 2177 0.0 0 0 0.0 0.0 0.0 2 1
1928.2962963 2157 1769 2.22222222222 5 0 0.00114382723215 0.00273373428103 0.0 26 1
1900.51724138 2122 1748 4.24137931034 11 0 0.00222485532906 0.00564971751412 0.0 28 1
1883.5 1965 1811 1.6 4 0 0.00084393344969 0.00211416490486 0.0 9 1
2074.72727273 2144 2013 2.09090909091 7 0 0.00100402874015 0.00338655055636 0.0 10 1
2041.0 2083 1975 0.333333333333 1 0 0.000168690958165 0.000506072874494 0.0 2 1
1974.25 2028 1953 0.75 1 0 0.00037864206384 0.000511770726714 0.0 3 1
2140.0 2190 2080 0.857142857143 2 0 0.000401007410725 0.000942063118229 0.0 6 1
2058.0 2141 2010 1.14285714286 2 0 0.000557785450684 0.000994035785288 0.0 6 1
2062.33333333 2102 2000 0.333333333333 1 0 0.000158503724838 0.000475511174513 0.0 2 1
1884.5 1947 1822 0.0 0 0 0.0 0.0 0.0 1 1
1952.45 2142 1796 1.45 5 0 0.000761799699363 0.00263157894737 0.0 19 1
2107.5 2149 2066 0.5 1 0 0.000232558139535 0.00046511627907 0.0 1 1
1840.01754386 2106 1647 6.01754385965 13 0 0.00327921218519 0.00697050938338 0.0 56 1
2095.0 2212 2020 0.5 2 0 0.000236518448439 0.000946073793756 0.0 3 1
1861.15789474 1976 1771 2.52631578947 5 0 0.00135061280293 0.00273074822501 0.0 18 1
1578.21202532 2165 1104 52.1518987342 170 0 0.0335073284613 0.121779859485 0.0 947 1
2271.0 2338 2204 0.5 1 0 0.000213766566909 0.000427533133818 0.0 1 1
2182.0 2182 2182 0.0 0 0 0.0 0.0 0.0 0 1
2014.66666667 2082 1956 1.0 3 0 0.000482292081155 0.00143884892086 0.0 5 1
2143.0 2169 2117 0.5 1 0 0.000230414746544 0.000460829493088 0.0 1 1
2154.0 2154 2154 0.0 0 0 0.0 0.0 0.0 0 1
1741.67811159 2365 1502 18.1201716738 62 0 0.0104447997388 0.0377128953771 0.0 232 1
2173.58333333 2231 2096 1.75 3 0 0.000803644565111 0.00138121546961 0.0 11 1
1920.41176471 2107 1769 1.82352941176 4 0 0.000954082486809 0.00219659527732 0.0 16 1
2216.0 2216 2216 0.0 0 0 0.0 0.0 0.0 0 1
1914.0 1939 1889 0.0 0 0 0.0 0.0 0.0 1 1
2230.66666667 2268 2208 0.666666666667 1 0 0.000297805437284 0.000452693526483 0.0 2 1
2034.0 2034 2034 0.0 0 0 0.0 0.0 0.0 0 1
2019.0 2097 1965 0.666666666667 1 0 0.000325882142423 0.000501002004008 0.0 2 1
2016.83333333 2070 1926 0.666666666667 2 0 0.000332677349132 0.000987166831194 0.0 5 1
1952.8 2051 1872 1.4 3 0 0.00071405039621 0.00158394931362 0.0 9 1
1991.64864865 2115 1822 3.02702702703 10 0 0.00151847894782 0.00502765208648 0.0 36 1
2042.5 2049 2036 0.0 0 0 0.0 0.0 0.0 1 1
2131.0 2131 2131 0.0 0 0 0.0 0.0 0.0 0 1
2061.5 2070 2053 0.5 1 0 0.000241429261226 0.000482858522453 0.0 1 1
2107.5 2132 2083 0.5 1 0 0.000239923224568 0.000479846449136 0.0 1 1
2138.0 2138 2138 0.0 0 0 0.0 0.0 0.0 0 1
1980.0 2009 1951 0.0 0 0 0.0 0.0 0.0 2 1
2037.0 2063 2019 0.0 0 0 0.0 0.0 0.0 2 1
1985.66666667 2113 1923 1.16666666667 2 0 0.000587973484491 0.00103466114847 0.0 5 1
2098.0 2098 2098 0.0 0 0 0.0 0.0 0.0 0 1
2091.33333333 2136 2013 0.333333333333 1 0 0.000165508109897 0.000496524329692 0.0 2 1
2111.5 2143 2080 0.0 0 0 0.0 0.0 0.0 1 1
2194.5 2222 2167 0.0 0 0 0.0 0.0 0.0 1 1
1923.875 2078 1772 2.125 6 0 0.00111116841849 0.0031847133758 0.0 15 1
1998.0 2132 1875 0.8 2 0 0.000386224434088 0.000937207122774 0.0 4 1
2063.83333333 2107 2013 0.666666666667 1 0 0.000321237125264 0.000492125984252 0.0 5 1
2008.0 2008 2008 0.0 0 0 0.0 0.0 0.0 0 1
1991.75 2029 1936 0.25 1 0 0.00012315270936 0.000492610837438 0.0 3 1
2078.5 2133 2024 0.5 1 0 0.000234301780694 0.000468603561387 0.0 1 1
2089.0 2114 2064 0.0 0 0 0.0 0.0 0.0 1 1
2213.0 2223 2199 0.0 0 0 0.0 0.0 0.0 2 1
2095.44444444 2177 1937 0.555555555556 2 0 0.000261020416551 0.000917852225792 0.0 8 1
2038.83333333 2108 1991 1.0 2 0 0.000488796942947 0.000973236009732 0.0 5 1
1964.90322581 2091 1848 1.8064516129 6 0 0.000911611977345 0.00314136125654 0.0 30 1
2046.0 2046 2046 0.0 0 0 0.0 0.0 0.0 0 1
1968.0 1968 1968 0.0 0 0 0.0 0.0 0.0 0 1
2060.5 2103 2012 0.5 1 0 0.000242263994281 0.000494071146245 0.0 7 1
2041.0 2041 2041 0.0 0 0 0.0 0.0 0.0 0 1
1996.0 2038 1951 0.6 1 0 0.000299507224529 0.000512295081967 0.0 4 1
2120.0 2129 2111 0.5 1 0 0.000236742424242 0.000473484848485 0.0 1 1
2158.0 2158 2158 0.0 0 0 0.0 0.0 0.0 0 1
2036.33333333 2046 2022 0.666666666667 1 0 0.000326078583264 0.00048971596474 0.0 2 1
2076.0 2136 2012 1.0 2 0 0.000477408227872 0.000935453695042 0.0 2 1
2070.33333333 2091 2055 0.333333333333 1 0 0.000161342368506 0.000484027105518 0.0 2 1
2235.33333333 2295 2190 1.0 2 0 0.000450669119341 0.000912408759124 0.0 5 1
2032.61904762 2193 1935 2.33333333333 5 0 0.00113869839888 0.00247035573123 0.0 20 1
2040.0 2055 2025 0.5 1 0 0.000246791707799 0.000493583415597 0.0 1 1
1896.05128205 2181 1722 4.41025641026 12 0 0.00237281964113 0.0065717415115 0.0 38 1
2179.66666667 2196 2149 0.666666666667 1 0 0.000306760804903 0.00046511627907 0.0 2 1
2094.0 2094 2094 0.0 0 0 0.0 0.0 0.0 0 1
1992.43902439 2121 1864 8.0487804878 21 0 0.00405073819694 0.0104685942173 0.0 40 1
1594.46825397 2048 1219 39.9027777778 145 0 0.0251991934127 0.0960640426951 0.0 503 1
1883.5 1912 1855 0.5 1 0 0.000269396551724 0.000538793103448 0.0 1 1
2089.2 2160 2007 0.6 2 0 0.000280536538794 0.00092807424594 0.0 4 1
2017.0 2017 2017 0.0 0 0 0.0 0.0 0.0 0 1
1970.0 1970 1970 0.0 0 0 0.0 0.0 0.0 0 1
2044.5 2075 2014 0.5 1 0 0.0002408477842 0.000481695568401 0.0 1 1
1913.4 2010 1853 2.0 4 0 0.00103252251936 0.00211304807184 0.0 4 1
2120.33333333 2160 2089 0.333333333333 1 0 0.000154249575814 0.000462748727441 0.0 2 1
2051.42857143 2094 1991 1.57142857143 4 0 0.000760903221294 0.00194269062652 0.0 6 1
2152.5 2159 2146 0.0 0 0 0.0 0.0 0.0 1 1
2129.0 2144 2117 0.333333333333 1 0 0.000156715248394 0.000470145745181 0.0 2 1
2178.0 2178 2178 0.0 0 0 0.0 0.0 0.0 0 1
1958.58333333 2066 1886 1.625 3 0 0.000830906645058 0.00157894736842 0.0 23 1
1855.33333333 1914 1816 0.333333333333 1 0 0.000174064403829 0.000522193211488 0.0 2 1
2104.0 2104 2104 0.0 0 0 0.0 0.0 0.0 0 1
2118.0 2130 2106 0.5 1 0 0.000234631628344 0.000469263256687 0.0 1 1
1875.40740741 2110 1716 1.62962962963 4 0 0.000860766196091 0.00216216216216 0.0 26 1
2217.0 2250 2184 0.5 1 0 0.000222123500666 0.000444247001333 0.0 1 1
2169.0 2169 2169 0.0 0 0 0.0 0.0 0.0 0 1
2175.66666667 2193 2164 0.333333333333 1 0 0.000153539075695 0.000460617227084 0.0 2 1
2083.25 2117 2049 1.25 3 0 0.000590570287738 0.00141843971631 0.0 3 1
2100.5 2115 2086 0.5 1 0 0.00023629489603 0.00047258979206 0.0 1 1
2004.1 2136 1874 1.5 7 0 0.00073661436636 0.00333333333333 0.0 19 1
2060.0 2060 2060 0.0 0 0 0.0 0.0 0.0 0 1
2024.33333333 2064 1972 0.666666666667 1 0 0.000324979545219 0.000490677134446 0.0 2 1
1896.0 2061 1756 2.57692307692 6 0 0.00136411264164 0.00311364815776 0.0 25 1
2166.5 2184 2149 0.5 1 0 0.000228832951945 0.00045766590389 0.0 1 1
2139.33333333 2214 2079 0.333333333333 1 0 0.000150489089541 0.000451467268623 0.0 2 1
2098.16666667 2139 2058 1.5 3 0 0.000716968763533 0.00145560407569 0.0 5 1
1963.33333333 2028 1920 0.666666666667 1 0 0.000345076748766 0.000520562207184 0.0 2 1
1980.0 1980 1980 0.0 0 0 0.0 0.0 0.0 0 1
2006.0 2006 2006 0.0 0 0 0.0 0.0 0.0 0 1
2137.66666667 2157 2100 0.0 0 0 0.0 0.0 0.0 2 1
1969.9 2158 1832 1.85 4 0 0.000940964782803 0.00213675213675 0.0 19 1
2006.0 2019 1993 0.5 1 0 0.00025075225677 0.000501504513541 0.0 1 1
2017.0 2017 2017 0.0 0 0 0.0 0.0 0.0 0 1
2042.0 2042 2042 0.0 0 0 0.0 0.0 0.0 0 1
2206.11111111 2284 2123 1.33333333333 3 0 0.000610624775946 0.00139405204461 0.0 8 1
2162.0 2168 2158 0.666666666667 1 0 0.00030793022742 0.000462748727441 0.0 2 1
1971.0 1971 1971 0.0 0 0 0.0 0.0 0.0 0 1
2007.25 2097 1935 1.25 2 0 0.000634491462051 0.00103252452246 0.0 7 1
2173.0 2173 2173 0.0 0 0 0.0 0.0 0.0 0 1
1940.33333333 1953 1921 0.333333333333 1 0 0.000171115674196 0.000513347022587 0.0 2 1
2041.0 2041 2041 0.0 0 0 0.0 0.0 0.0 0 1
1998.0 2063 1931 0.888888888889 2 0 0.000442393598602 0.00100704934542 0.0 8 1
1970.33333333 1981 1954 0.333333333333 1 0 0.00016818028927 0.00050454086781 0.0 2 1
2121.5 2232 2039 1.6 4 0 0.000755261277397 0.00193423597679 0.0 9 1
2083.0 2083 2083 0.0 0 0 0.0 0.0 0.0 0 1
2198.18181818 2294 1992 0.909090909091 3 0 0.000406310009889 0.00135440180587 0.0 10 1
2134.0 2134 2134 0.0 0 0 0.0 0.0 0.0 0 1
2156.0 2156 2156 0.0 0 0 0.0 0.0 0.0 0 1
1871.59259259 2124 1538 3.93827160494 17 0 0.00209391875641 0.00886802295253 0.0 80 1
2074.88888889 2170 1999 1.66666666667 4 0 0.000799213327436 0.00187090739008 0.0 8 1
2180.5 2242 2119 0.5 1 0 0.000222915737851 0.000445831475702 0.0 1 1
1672.59042553 2113 1380 36.1382978723 80 0 0.0217919975174 0.0532786885246 0.0 187 1
1838.5 1844 1833 0.5 1 0 0.000271002710027 0.000542005420054 0.0 1 1
2120.0 2145 2103 0.666666666667 1 0 0.000313081330429 0.000473260766682 0.0 2 1
1477.94597574 1969 1031 63.8930540243 186 0 0.0432911466901 0.131170662906 0.0 906 1
2035.0 2035 2035 0.0 0 0 0.0 0.0 0.0 0 1
2048.63636364 2231 1916 0.909090909091 2 0 0.000437448272593 0.00102880658436 0.0 10 1
2091.5 2147 2036 0.0 0 0 0.0 0.0 0.0 1 1
2159.0 2159 2159 0.0 0 0 0.0 0.0 0.0 0 1
2097.0 2097 2097 0.0 0 0 0.0 0.0 0.0 0 1
2131.0 2163 2108 1.0 2 0 0.000470428562023 0.000947867298578 0.0 4 1
2182.0 2182 2182 0.0 0 0 0.0 0.0 0.0 0 1
2197.5 2199 2196 0.5 1 0 0.000227272727273 0.000454545454545 0.0 1 1
2076.0 2076 2076 0.0 0 0 0.0 0.0 0.0 0 1
2006.0 2021 1983 0.666666666667 1 0 0.000330279252458 0.000496277915633 0.0 2 1
2148.125 2194 2047 0.875 1 0 0.000408451543116 0.00048828125 0.0 7 1
2162.0 2162 2162 0.0 0 0 0.0 0.0 0.0 0 1
2058.6 2081 2037 1.2 2 0 0.000581270456195 0.000973709834469 0.0 4 1
2163.0 2163 2163 0.0 0 0 0.0 0.0 0.0 0 1
1957.9 2013 1880 1.2 3 0 0.000611666115684 0.00149551345962 0.0 9 1
1951.5 2031 1914 0.833333333333 3 0 0.000430731160296 0.00155682407888 0.0 11 1
2088.0 2088 2088 0.0 0 0 0.0 0.0 0.0 0 1
2023.18181818 2198 1920 3.45454545455 7 0 0.00168017484834 0.00342633382281 0.0 10 1
1974.66666667 2034 1899 0.166666666667 1 0 8.77192982456e-05 0.000526315789474 0.0 5 1
1942.0 2047 1875 1.0 2 0 0.000511392076046 0.00104384133612 0.0 8 1
2057.5 2070 2045 0.5 1 0 0.000241429261226 0.000482858522453 0.0 1 1
2056.0 2056 2056 0.0 0 0 0.0 0.0 0.0 0 1
1857.80434783 1960 1767 7.0652173913 15 0 0.0037832047085 0.00805585392052 0.0 45 1
2105.5 2191 2070 1.5 3 0 0.000714438661774 0.00144369586141 0.0 3 1
1968.2 1999 1891 0.8 1 0 0.000402329294252 0.000507614213198 0.0 4 1
1927.0 1927 1927 0.0 0 0 0.0 0.0 0.0 0 1
2151.4 2208 2093 0.4 1 0 0.000186483469479 0.000468164794007 0.0 4 1
2038.0 2056 2020 0.5 1 0 0.000247402276101 0.000494804552202 0.0 1 1
1904.16666667 2011 1771 0.916666666667 2 0 0.000475341998649 0.00104766893662 0.0 11 1
1916.0 1916 1916 0.0 0 0 0.0 0.0 0.0 0 1
2035.0 2060 2019 0.333333333333 1 0 0.000164446637066 0.000493339911199 0.0 2 1
2018.14285714 2072 1953 1.42857142857 3 0 0.000707239502131 0.00148735746158 0.0 6 1
1944.4 1978 1912 0.4 1 0 0.000205813653417 0.000522739153163 0.0 4 1
2228.0 2228 2228 0.0 0 0 0.0 0.0 0.0 0 1
2116.5 2137 2101 1.5 3 0 0.000707920417235 0.00142585551331 0.0 3 1
2045.0 2045 2045 0.0 0 0 0.0 0.0 0.0 0 1
1994.0 1994 1994 0.0 0 0 0.0 0.0 0.0 0 1
2122.0 2122 2122 0.0 0 0 0.0 0.0 0.0 0 1
1966.33333333 2016 1939 0.166666666667 1 0 8.26309700876e-05 0.000495785820526 0.0 5 1
2123.66666667 2183 2089 0.333333333333 1 0 0.000158921380324 0.000478468899522 0.0 5 1
2061.33333333 2098 2034 0.333333333333 1 0 0.000162364020133 0.000487092060399 0.0 2 1
2078.0 2136 2020 0.5 1 0 0.000233972859148 0.000467945718297 0.0 1 1
2065.0 2065 2065 0.0 0 0 0.0 0.0 0.0 0 1
1978.5 1989 1968 0.5 1 0 0.000251256281407 0.000502512562814 0.0 1 1
2044.75510204 2169 1861 3.0612244898 10 0 0.00149543126416 0.00490196078431 0.0 48 1
2085.33333333 2126 2050 0.666666666667 1 0 0.000316894649323 0.000480538202787 0.0 2 1
2036.33333333 2076 2008 0.333333333333 1 0 0.000160487883165 0.000481463649494 0.0 2 1
2142.0 2142 2142 0.0 0 0 0.0 0.0 0.0 0 1
2002.22222222 2139 1892 4.74074074074 11 0 0.002383858438 0.00560938296787 0.0 26 1
2129.0 2129 2129 0.0 0 0 0.0 0.0 0.0 0 1
1810.9375 2062 1648 11.6625 36 0 0.00637002705394 0.0192513368984 0.0 79 1
2073.0 2085 2061 0.0 0 0 0.0 0.0 0.0 1 1
2118.0 2118 2118 0.0 0 0 0.0 0.0 0.0 0 1
2100.5 2107 2094 0.5 1 0 0.000237191650854 0.000474383301708 0.0 1 1
2199.0 2199 2199 0.0 0 0 0.0 0.0 0.0 0 1
2013.5 2058 1991 0.25 1 0 0.000121418164157 0.000485672656629 0.0 3 1
2098.84210526 2195 2014 2.31578947368 8 0 0.00110124580764 0.00373657169547 0.0 18 1
2151.5 2155 2148 0.5 1 0 0.000231910946197 0.000463821892393 0.0 1 1
1933.0 2099 1791 0.833333333333 3 0 0.000424893361803 0.00142721217888 0.0 17 1
2091.25 2150 2022 1.0 2 0 0.000474629302779 0.00092936802974 0.0 3 1
2053.4 2136 1976 1.0 2 0 0.000479840381549 0.000986193293886 0.0 4 1
2032.0 2032 2032 0.0 0 0 0.0 0.0 0.0 0 1
1968.18644068 2208 1760 3.67796610169 9 0 0.00185616920308 0.00462487153135 0.0 58 1
2070.08333333 2175 1966 1.91666666667 5 0 0.000919468458059 0.00236966824645 0.0 11 1
2282.33333333 2298 2252 0.333333333333 1 0 0.000145053669858 0.000435161009574 0.0 2 1
2043.5 2062 2025 0.0 0 0 0.0 0.0 0.0 1 1
1948.45833333 2116 1803 3.58333333333 9 0 0.00186116954612 0.00476442562202 0.0 23 1
2039.66666667 2046 2027 0.333333333333 1 0 0.000164365548981 0.000493096646943 0.0 2 1
1851.0 1912 1808 0.6 2 0 0.000325792196979 0.00108518719479 0.0 4 1
2183.0 2183 2183 0.0 0 0 0.0 0.0 0.0 0 1
1953.0 1965 1941 0.0 0 0 0.0 0.0 0.0 1 1
2009.5 2084 1923 2.8 7 0 0.00138045568732 0.0033734939759 0.0 9 1
2109.73076923 2241 1973 2.46153846154 7 0 0.00117383534872 0.00350175087544 0.0 25 1
1944.0 1944 1944 0.0 0 0 0.0 0.0 0.0 0 1
2322.0 2322 2322 0.0 0 0 0.0 0.0 0.0 0 1
2229.0 2229 2229 0.0 0 0 0.0 0.0 0.0 0 1
1858.02439024 2051 1721 1.85365853659 7 0 0.00098793751523 0.00366684127816 0.0 40 1
1906.4 2078 1739 1.85 5 0 0.000962978790841 0.00240038406145 0.0 19 1
2025.0 2025 2025 0.0 0 0 0.0 0.0 0.0 0 1
2119.0 2119 2119 0.0 0 0 0.0 0.0 0.0 0 1
2126.0 2136 2116 0.5 1 0 0.000233972859148 0.000467945718297 0.0 1 1
1956.69565217 2180 1825 3.95652173913 9 0 0.00203114552002 0.00457084814627 0.0 22 1
2081.33333333 2138 2011 0.666666666667 1 0 0.000314869139345 0.000477099236641 0.0 2 1
2164.0 2216 2112 0.0 0 0 0.0 0.0 0.0 1 1
2019.0 2019 2019 0.0 0 0 0.0 0.0 0.0 0 1
2099.0 2134 2062 0.5 1 0 0.000240514485821 0.000484730974309 0.0 3 1
1977.77777778 2248 1843 4.03703703704 10 0 0.00205435185683 0.00514668039115 0.0 26 1
2094.0 2094 2094 0.0 0 0 0.0 0.0 0.0 0 1
2072.0 2072 2072 0.0 0 0 0.0 0.0 0.0 0 1
2293.0 2293 2293 0.0 0 0 0.0 0.0 0.0 0 1
1930.93333333 2051 1853 4.4 9 0 0.00228481578324 0.0047619047619 0.0 14 1
2043.0 2101 1985 0.5 1 0 0.000251762336354 0.000503524672709 0.0 1 1
2093.0 2140 2020 0.571428571429 1 0 0.000271957543432 0.000491642084562 0.0 6 1
