1987.0 2054 1914 0.6 1 0 0.000296732531432 0.000501504513541 0.0 4 1
2054.0 2054 2054 0.0 0 0 0.0 0.0 0.0 0 1
2260.0 2260 2260 0.0 0 0 0.0 0.0 0.0 0 1
1135.424 2044 755 127.78 248 1 0.104996546128 0.211243611584 0.0004995004995 999 1
2147.0 2166 2128 0.5 1 0 0.000230733733272 0.000461467466544 0.0 1 1
2087.5 2096 2079 0.5 1 0 0.000238435860753 0.000476871721507 0.0 1 1
1976.51351351 2188 1763 7.37837837838 22 0 0.00374628618321 0.0112244897959 0.0 36 1
2168.25 2264 2054 1.0 2 0 0.000450269018625 0.000882612533098 0.0 3 1
1866.22222222 1926 1779 1.44444444444 3 0 0.000767035544346 0.00159744408946 0.0 8 1
2152.0 2189 2104 0.75 2 0 0.000345529614862 0.000925497454882 0.0 3 1
2033.93333333 2171 1904 2.4 5 0 0.00116323534257 0.00238549618321 0.0 14 1
2401.0 2401 2401 0.0 0 0 0.0 0.0 0.0 0 1
2003.83333333 2038 1932 1.0 2 0 0.000496031985495 0.0010095911156 0.0 5 1
1965.66666667 2025 1925 1.33333333333 2 0 0.000670949029221 0.00102616726526 0.0 2 1
2001.93333333 2109 1888 2.2 8 0 0.00109565678157 0.00395256916996 0.0 14 1
2231.5 2250 2213 1.0 2 0 0.000451467268623 0.000902934537246 0.0 1 1
2385.5 2406 2377 0.75 1 0 0.000315170278497 0.000420521446594 0.0 3 1
1231.033 1982 879 113.091 280 1 0.0862416545727 0.199230769231 0.000539665407447 999 1
2122.5 2145 2100 0.5 1 0 0.000232991612302 0.000465983224604 0.0 1 1
2111.375 2209 2003 0.875 3 0 0.000401449717105 0.00135623869801 0.0 7 1
2138.8 2195 2089 1.0 2 0 0.000462750257622 0.000910332271279 0.0 4 1
1168.141 2046 786 112.462 258 1 0.0907756152568 0.210180623974 0.000492368291482 999 1
2036.25 2070 2003 0.25 1 0 0.000124750499002 0.000499001996008 0.0 3 1
2062.0 2073 2040 0.666666666667 1 0 0.00032144005143 0.000482160077146 0.0 2 1
1964.0 1992 1936 0.5 1 0 0.000250878073256 0.000501756146513 0.0 1 1
2162.0 2208 2116 0.5 1 0 0.000226346763241 0.000452693526483 0.0 1 1
1980.75 2001 1967 0.25 1 0 0.000127032520325 0.000508130081301 0.0 3 1
2157.0 2157 2157 0.0 0 0 0.0 0.0 0.0 0 1
2042.0 2042 2042 0.0 0 0 0.0 0.0 0.0 0 1
2085.0 2085 2085 0.0 0 0 0.0 0.0 0.0 0 1
2219.0 2260 2184 0.0 0 0 0.0 0.0 0.0 2 1
2038.41666667 2125 1911 1.25 2 0 0.00060953689498 0.000994530084535 0.0 11 1
2135.0 2197 2099 0.333333333333 1 0 0.000157977883096 0.000473933649289 0.0 2 1
2003.26666667 2169 1846 1.9 5 0 0.00094385186372 0.00255232261358 0.0 29 1
2033.0 2064 2002 0.0 0 0 0.0 0.0 0.0 1 1
1957.0 1957 1957 0.0 0 0 0.0 0.0 0.0 0 1
2086.0 2096 2081 0.333333333333 1 0 0.000158957240502 0.000476871721507 0.0 2 1
2056.61538462 2122 1994 0.769230769231 2 0 0.000373859349055 0.000970873786408 0.0 12 1
1853.75 1940 1783 1.25 4 0 0.000669949061436 0.00205761316872 0.0 19 1
2120.0 2120 2120 0.0 0 0 0.0 0.0 0.0 0 1
2023.0 2023 2023 0.0 0 0 0.0 0.0 0.0 0 1
2098.25 2220 1935 0.875 2 0 0.000409184127187 0.000950570342205 0.0 7 1
2178.5 2186 2171 0.5 1 0 0.000228623685414 0.000457247370828 0.0 1 1
2240.0 2240 2240 0.0 0 0 0.0 0.0 0.0 0 1
1964.0 1964 1964 0.0 0 0 0.0 0.0 0.0 0 1
1176.15 2026 834 128.535 254 1 0.101220113013 0.205691056911 0.000499001996008 999 1
2153.0 2153 2153 0.0 0 0 0.0 0.0 0.0 0 1
2079.75 2106 2047 0.25 1 0 0.000118652112008 0.00047460844803 0.0 3 1
2080.0 2080 2080 0.0 0 0 0.0 0.0 0.0 0 1
2015.0 2025 2005 0.5 1 0 0.00024925224327 0.00049850448654 0.0 1 1
1940.66666667 1996 1912 0.0 0 0 0.0 0.0 0.0 2 1
1871.0 1871 1871 0.0 0 0 0.0 0.0 0.0 0 1
2120.0 2120 2120 0.0 0 0 0.0 0.0 0.0 0 1
2264.0 2264 2264 0.0 0 0 0.0 0.0 0.0 0 1
2005.0 2005 2005 0.0 0 0 0.0 0.0 0.0 0 1
2130.5 2134 2127 0.5 1 0 0.000234962406015 0.00046992481203 0.0 1 1
2085.0 2085 2085 0.0 0 0 0.0 0.0 0.0 0 1
1974.0 1992 1964 0.666666666667 1 0 0.000336887332977 0.000508905852417 0.0 2 1
2012.6 2051 1947 0.4 1 0 0.000196913455494 0.000496524329692 0.0 4 1
1885.625 1929 1859 3.0 7 0 0.00157882744149 0.00364393545029 0.0 7 1
2015.33333333 2037 1975 0.333333333333 1 0 0.000163559044815 0.000490677134446 0.0 2 1
2043.72727273 2116 1985 1.27272727273 3 0 0.000624115370078 0.00147710487445 0.0 10 1
2052.33333333 2067 2024 0.666666666667 1 0 0.000325795384897 0.000493827160494 0.0 2 1
2013.0 2013 2013 0.0 0 0 0.0 0.0 0.0 1 1
1969.0 1969 1969 0.0 0 0 0.0 0.0 0.0 0 1
2035.0 2035 2035 0.0 0 0 0.0 0.0 0.0 0 1
2089.0 2089 2089 0.0 0 0 0.0 0.0 0.0 0 1
2156.0 2156 2156 0.0 0 0 0.0 0.0 0.0 0 1
1940.0 1940 1940 0.0 0 0 0.0 0.0 0.0 0 1
1992.0 1992 1992 0.0 0 0 0.0 0.0 0.0 0 1
2074.0 2095 2033 1.0 2 0 0.000481946852615 0.000954198473282 0.0 2 1
1890.2 1940 1850 0.8 1 0 0.000422428150704 0.000540248514317 0.0 4 1
2112.0 2141 2083 0.0 0 0 0.0 0.0 0.0 1 1
1941.57142857 2023 1900 0.571428571429 1 0 0.000293823579179 0.000526038926881 0.0 6 1
2159.25 2194 2130 1.25 3 0 0.000575841306248 0.00136549840692 0.0 3 1
1945.5483871 2093 1758 5.06451612903 11 0 0.00259422918671 0.00536847242557 0.0 30 1
1876.66666667 1918 1826 0.333333333333 1 0 0.000173701580684 0.000521104742053 0.0 2 1
2159.0 2159 2159 0.0 0 0 0.0 0.0 0.0 0 1
2073.0 2073 2073 0.0 0 0 0.0 0.0 0.0 0 1
2010.5 2016 2005 0.0 0 0 0.0 0.0 0.0 1 1
2152.5 2186 2119 1.0 2 0 0.000471475719 0.000942951438001 0.0 1 1
1950.2 2018 1893 1.6 3 0 0.000813547009281 0.00155359917141 0.0 4 1
2167.5 2186 2149 0.5 1 0 0.000228623685414 0.000457247370828 0.0 1 1
1976.2 2030 1936 1.0 2 0 0.000502160620693 0.000984251968504 0.0 4 1
2130.0 2130 2130 0.0 0 0 0.0 0.0 0.0 0 1
1863.0 1863 1863 0.0 0 0 0.0 0.0 0.0 0 1
1945.33333333 1986 1899 0.666666666667 2 0 0.000335345405768 0.0010060362173 0.0 2 1
2121.66666667 2132 2108 0.333333333333 1 0 0.000156788962057 0.000470366886171 0.0 2 1
1919.2 2027 1787 3.9 13 0 0.00203548716164 0.00722222222222 0.0 49 1
2000.0 2000 2000 0.0 0 0 0.0 0.0 0.0 0 1
2179.5 2195 2144 0.75 2 0 0.00034413318437 0.000910332271279 0.0 3 1
2152.5 2227 2083 0.5 1 0 0.000226051610076 0.000455373406193 0.0 3 1
2262.0 2262 2262 0.0 0 0 0.0 0.0 0.0 0 1
2053.5 2057 2050 0.5 1 0 0.000243783520234 0.000487567040468 0.0 1 1
1206.499 2189 878 119.516 276 0 0.094266432364 0.231884057971 0.0 999 1
2162.66666667 2207 2096 1.0 2 0 0.000454281198198 0.000905387052965 0.0 2 1
1871.0 1871 1871 0.0 0 0 0.0 0.0 0.0 0 1
2146.0 2146 2146 0.0 0 0 0.0 0.0 0.0 0 1
2087.0 2087 2087 0.0 0 0 0.0 0.0 0.0 0 1
1149.531 2100 787 139.135 270 1 0.110626804223 0.224820143885 0.000486144871172 999 1
1934.0 1934 1934 0.0 0 0 0.0 0.0 0.0 0 1
1896.08163265 2190 1648 10.7959183673 37 0 0.00570815363543 0.0194384449244 0.0 48 1
1935.0 1958 1898 0.666666666667 2 0 0.000340136054422 0.00102040816327 0.0 2 1
1166.313 2007 828 114.557 228 0 0.0930210526023 0.187026116259 0.0 999 1
1947.0 1947 1947 0.0 0 0 0.0 0.0 0.0 0 1
2166.0 2166 2166 0.0 0 0 0.0 0.0 0.0 0 1
1984.5 2038 1931 0.5 1 0 0.000245218244237 0.000490436488475 0.0 1 1
2194.5 2233 2156 0.5 1 0 0.000223813786929 0.000447627573859 0.0 1 1
2105.0 2105 2105 0.0 0 0 0.0 0.0 0.0 0 1
1978.0 2011 1935 0.6 1 0 0.000300732481005 0.000508388408744 0.0 4 1
2166.0 2166 2166 0.0 0 0 0.0 0.0 0.0 0 1
2308.0 2308 2308 0.0 0 0 0.0 0.0 0.0 0 1
2122.0 2122 2122 0.0 0 0 0.0 0.0 0.0 0 1
1991.5 2018 1965 0.0 0 0 0.0 0.0 0.0 1 1
2029.0 2044 2014 0.0 0 0 0.0 0.0 0.0 1 1
2097.0 2146 2049 0.333333333333 1 0 0.000158957240502 0.000476871721507 0.0 2 1
1922.0 1970 1858 1.25 3 0 0.00063908059968 0.00152052711607 0.0 3 1
1971.25 2031 1893 1.0 2 0 0.000498331988757 0.000983767830792 0.0 3 1
2181.33333333 2208 2141 0.333333333333 1 0 0.000150897842161 0.000452693526483 0.0 2 1
1935.0 1935 1935 0.0 0 0 0.0 0.0 0.0 0 1
2347.66666667 2363 2324 0.0 0 0 0.0 0.0 0.0 2 1
1964.46428571 2131 1769 1.71428571429 4 0 0.000871273976414 0.00194080543426 0.0 27 1
2076.2 2121 2028 0.8 2 0 0.00038246172188 0.000942063118229 0.0 4 1
2194.75 2269 2126 0.75 1 0 0.000338162387101 0.000461467466544 0.0 3 1
2038.5 2039 2038 0.5 1 0 0.000245098039216 0.000490196078431 0.0 1 1
2041.25 2081 1992 0.5 1 0 0.000244299304958 0.000494804552202 0.0 3 1
2124.66666667 2284 2027 1.66666666667 4 0 0.000773708250853 0.00174825174825 0.0 11 1
2117.0 2117 2117 0.0 0 0 0.0 0.0 0.0 0 1
2236.0 2236 2236 0.0 0 0 0.0 0.0 0.0 0 1
1995.0 1995 1995 0.0 0 0 0.0 0.0 0.0 0 1
1980.0 1980 1980 0.0 0 0 0.0 0.0 0.0 0 1
2134.8 2179 2094 1.6 3 0 0.000740161298148 0.00140383715489 0.0 4 1
1939.04166667 2051 1817 2.625 5 0 0.00135686217884 0.00267809319764 0.0 23 1
2177.0 2177 2177 0.0 0 0 0.0 0.0 0.0 0 1
2168.0 2168 2168 0.0 0 0 0.0 0.0 0.0 0 1
2166.0 2166 2166 0.0 0 0 0.0 0.0 0.0 0 1
2082.0 2089 2075 0.5 1 0 0.000239234449761 0.000478468899522 0.0 1 1
2109.66666667 2149 2062 0.0 0 0 0.0 0.0 0.0 2 1
2082.0 2135 2029 0.5 1 0 0.000234082397004 0.000468164794007 0.0 1 1
2028.0 2028 2028 0.0 0 0 0.0 0.0 0.0 0 1
1943.0 1943 1943 0.0 0 0 0.0 0.0 0.0 0 1
1988.23076923 2223 1786 1.30769230769 4 0 0.000644539482362 0.00191021967526 0.0 12 1
2054.0 2054 2054 0.0 0 0 0.0 0.0 0.0 0 1
2043.0 2043 2043 0.0 0 0 0.0 0.0 0.0 0 1
2134.0 2134 2134 0.0 0 0 0.0 0.0 0.0 0 1
2066.0 2066 2066 0.0 0 0 0.0 0.0 0.0 0 1
2007.0 2064 1958 1.0 2 0 0.000506802721088 0.00102040816327 0.0 2 1
2095.8 2111 2066 1.0 3 0 0.000476175298268 0.00142247510669 0.0 4 1
2063.0 2063 2063 0.0 0 0 0.0 0.0 0.0 0 1
2022.0 2022 2022 0.0 0 0 0.0 0.0 0.0 0 1
2022.75 2035 1995 0.25 1 0 0.000123092072871 0.000492368291482 0.0 3 1
2118.0 2118 2118 0.0 0 0 0.0 0.0 0.0 0 1
2224.0 2241 2200 0.666666666667 1 0 0.00030012308897 0.000454338936847 0.0 2 1
2162.0 2162 2162 0.0 0 0 0.0 0.0 0.0 0 1
1192.734 1971 844 111.041 320 2 0.0879188718041 0.226148409894 0.00101368474404 999 1
2151.66666667 2164 2140 0.0 0 0 0.0 0.0 0.0 2 1
2008.5 2035 1982 0.5 1 0 0.00024557956778 0.00049115913556 0.0 1 1
2084.66666667 2102 2062 0.0 0 0 0.0 0.0 0.0 2 1
2095.5 2111 2080 0.5 1 0 0.000240269101394 0.000480538202787 0.0 1 1
2199.0 2199 2199 0.0 0 0 0.0 0.0 0.0 0 1
2076.5 2089 2064 0.5 1 0 0.000239234449761 0.000478468899522 0.0 1 1
2133.0 2133 2133 0.0 0 0 0.0 0.0 0.0 0 1
2217.0 2222 2212 0.5 1 0 0.000225937641211 0.000451875282422 0.0 1 1
2055.5 2097 2024 0.833333333333 2 0 0.000407941224228 0.000987166831194 0.0 5 1
2127.5 2129 2126 0.0 0 0 0.0 0.0 0.0 1 1
2074.0 2074 2074 0.0 0 0 0.0 0.0 0.0 0 1
2197.0 2197 2197 0.0 0 0 0.0 0.0 0.0 0 1
2185.5 2210 2161 0.5 1 0 0.000226142017187 0.000452284034374 0.0 1 1
2069.33333333 2095 2023 0.666666666667 1 0 0.00031844643772 0.000478240076518 0.0 2 1
2055.66666667 2093 2010 0.333333333333 1 0 0.000159184972939 0.000477554918816 0.0 2 1
2074.0 2093 2055 0.0 0 0 0.0 0.0 0.0 1 1
2169.0 2169 2169 0.0 0 0 0.0 0.0 0.0 0 1
2198.5 2260 2142 0.75 2 0 0.000340511426729 0.000903750564844 0.0 3 1
1994.0 1994 1994 0.0 0 0 0.0 0.0 0.0 0 1
1115.684 2154 760 124.151 258 2 0.102851888733 0.214482126489 0.000940733772342 999 1
2048.33333333 2095 2024 0.333333333333 1 0 0.00015903307888 0.000477099236641 0.0 2 1
1903.0 1944 1849 0.833333333333 3 0 0.000434711949587 0.00155118924509 0.0 5 1
1929.33333333 1952 1907 0.666666666667 1 0 0.000343389161708 0.000518134715026 0.0 2 1
2114.33333333 2124 2106 1.0 2 0 0.000473934500098 0.000948766603416 0.0 2 1
2196.0 2196 2196 0.0 0 0 0.0 0.0 0.0 0 1
2074.0 2085 2063 0.5 1 0 0.000239693192713 0.000479386385427 0.0 1 1
2017.25 2221 1764 1.08333333333 2 0 0.000527281450452 0.00102145045965 0.0 11 1
2246.16666667 2282 2200 1.66666666667 3 0 0.000739440886106 0.00134288272158 0.0 5 1
2211.0 2211 2211 0.0 0 0 0.0 0.0 0.0 0 1
2016.0 2016 2016 0.0 0 0 0.0 0.0 0.0 0 1
2016.0 2016 2016 0.0 0 0 0.0 0.0 0.0 0 1
1908.92307692 1990 1818 2.38461538462 5 0 0.00124318641 0.0025974025974 0.0 12 1
2015.25 2068 1951 0.25 1 0 0.000120831319478 0.000483325277912 0.0 3 1
2221.25 2253 2191 0.5 1 0 0.000227122103484 0.000456204379562 0.0 3 1
2088.0 2113 2063 0.5 1 0 0.000236518448439 0.000473036896878 0.0 1 1
2029.0 2029 2029 0.0 0 0 0.0 0.0 0.0 0 1
2133.0 2133 2133 0.0 0 0 0.0 0.0 0.0 0 1
1188.487 2066 768 129.135 360 0 0.100446187071 0.273593073593 0.0 999 1
2014.0 2028 1999 0.0 0 0 0.0 0.0 0.0 2 1
2061.0 2061 2061 0.0 0 0 0.0 0.0 0.0 0 1
1982.0 1982 1982 0.0 0 0 0.0 0.0 0.0 0 1
2009.5 2087 1962 1.33333333333 2 0 0.000661564571738 0.00101781170483 0.0 5 1
2117.0 2117 2117 0.0 0 0 0.0 0.0 0.0 0 1
2043.16666667 2082 1993 1.16666666667 3 0 0.000572386991322 0.00150300601202 0.0 5 1
1970.33333333 1997 1947 0.0 0 0 0.0 0.0 0.0 2 1
2141.0 2177 2082 0.333333333333 1 0 0.000160025604097 0.00048007681229 0.0 2 1
2089.55555556 2157 2053 0.888888888889 2 0 0.000429949260464 0.000973236009732 0.0 8 1
2137.375 2195 2055 1.0 2 0 0.000463991458777 0.000928505106778 0.0 7 1
1953.0 1953 1953 0.0 0 0 0.0 0.0 0.0 0 1
1975.66666667 2017 1923 0.666666666667 1 0 0.000332852749134 0.000503018108652 0.0 2 1
1928.25 1936 1915 0.0 0 0 0.0 0.0 0.0 3 1
2086.0 2113 2040 0.833333333333 2 0 0.000399879692606 0.000954198473282 0.0 5 1
2210.5 2220 2201 0.5 1 0 0.0002251238181 0.0004502476362 0.0 1 1
2044.0 2044 2044 0.0 0 0 0.0 0.0 0.0 0 1
1933.5 1989 1864 0.5 1 0 0.00025163620522 0.000504032258065 0.0 3 1
2281.75 2363 2208 0.0 0 0 0.0 0.0 0.0 3 1
2233.0 2233 2233 0.0 0 0 0.0 0.0 0.0 0 1
2205.0 2228 2182 0.5 1 0 0.000229042601924 0.000458085203848 0.0 1 1
1951.0 1951 1951 0.0 0 0 0.0 0.0 0.0 0 1
1935.85714286 2032 1845 0.714285714286 1 0 0.00037392774251 0.000541711809317 0.0 6 1
2027.5 2083 1951 0.5 1 0 0.000242091558547 0.000488519785051 0.0 3 1
1924.28571429 2061 1833 1.42857142857 4 0 0.00074609227678 0.00213106020245 0.0 20 1
2147.0 2169 2125 0.0 0 0 0.0 0.0 0.0 1 1
1879.8 1891 1865 1.4 4 0 0.00074401512355 0.00213333333333 0.0 4 1
2193.0 2203 2183 0.5 1 0 0.000226860254083 0.000453720508167 0.0 1 1
2100.0 2100 2100 0.0 0 0 0.0 0.0 0.0 0 1
2039.0 2039 2039 0.0 0 0 0.0 0.0 0.0 0 1
2017.0 2017 2017 0.0 0 0 0.0 0.0 0.0 0 1
1933.75 1985 1885 0.75 1 0 0.000384505870628 0.000522466039707 0.0 3 1
2019.0 2019 2019 0.0 0 0 0.0 0.0 0.0 0 1
1982.55555556 2171 1846 1.83333333333 4 0 0.000916781476964 0.00208550573514 0.0 17 1
1225.146 2131 867 123.104 268 1 0.0945112627959 0.202723146747 0.00046904315197 999 1
1139.811 2139 779 119.896 234 0 0.0993143058276 0.194420963652 0.0 999 1
2174.0 2174 2174 0.0 0 0 0.0 0.0 0.0 0 1
2009.4 2076 1919 0.2 1 0 0.000100150225338 0.00050075112669 0.0 4 1
2066.5 2073 2060 0.5 1 0 0.000241080038573 0.000482160077146 0.0 1 1
2052.0 2052 2052 0.0 0 0 0.0 0.0 0.0 0 1
2082.0 2082 2082 0.0 0 0 0.0 0.0 0.0 0 1
2089.0 2089 2089 0.0 0 0 0.0 0.0 0.0 0 1
1150.181 2063 807 128.502 265 1 0.103426060883 0.212177121771 0.000502512562814 999 1
2079.0 2097 2062 0.666666666667 1 0 0.000319214968087 0.000481000481 0.0 2 1
1992.5 2151 1714 2.38461538462 8 0 0.00120055283999 0.00416666666667 0.0 25 1
2235.0 2235 2235 0.0 0 0 0.0 0.0 0.0 0 1
2117.0 2117 2117 0.0 0 0 0.0 0.0 0.0 0 1
2157.0 2157 2157 0.0 0 0 0.0 0.0 0.0 0 1
2103.0 2103 2103 0.0 0 0 0.0 0.0 0.0 0 1
2068.0 2068 2068 0.0 0 0 0.0 0.0 0.0 0 1
1916.0 1976 1880 0.4 1 0 0.000205275820294 0.000520562207184 0.0 4 1
1899.92857143 2125 1762 1.07142857143 3 0 0.000565935146636 0.00153452685422 0.0 13 1
2201.0 2201 2201 0.0 0 0 0.0 0.0 0.0 0 1
2070.0 2070 2070 0.0 0 0 0.0 0.0 0.0 0 1
2015.0 2037 1994 0.0 0 0 0.0 0.0 0.0 2 1
2009.0 2009 2009 0.0 0 0 0.0 0.0 0.0 0 1
1907.0 1982 1865 0.333333333333 1 0 0.000168095478232 0.000504286434695 0.0 2 1
2055.5 2077 2034 0.5 1 0 0.000240615976901 0.000481231953802 0.0 1 1
2064.66666667 2082 2055 0.333333333333 1 0 0.000160025604097 0.00048007681229 0.0 2 1
2161.0 2161 2161 0.0 0 0 0.0 0.0 0.0 0 1
2149.0 2162 2140 0.333333333333 1 0 0.000154106950223 0.00046232085067 0.0 2 1
2116.0 2116 2116 0.0 0 0 0.0 0.0 0.0 0 1
1889.4 1929 1854 1.2 2 0 0.000637638957583 0.0010775862069 0.0 4 1
2075.5 2133 2018 0.5 1 0 0.000234301780694 0.000468603561387 0.0 1 1
2278.5 2320 2237 1.0 2 0 0.000430663221361 0.000861326442722 0.0 1 1
1981.0 2003 1959 0.5 1 0 0.000255102040816 0.000510204081633 0.0 1 1
1963.0 1963 1963 0.0 0 0 0.0 0.0 0.0 0 1
1975.0 1975 1975 0.0 0 0 0.0 0.0 0.0 0 1
2098.0 2106 2090 0.5 1 0 0.000237304224015 0.00047460844803 0.0 1 1
2156.0 2167 2145 0.0 0 0 0.0 0.0 0.0 1 1
2122.66666667 2180 2052 0.333333333333 1 0 0.000152835090937 0.000458505272811 0.0 2 1
2163.0 2163 2163 0.0 0 0 0.0 0.0 0.0 0 1
2166.5 2195 2138 0.5 1 0 0.000233754090697 0.000467508181393 0.0 1 1
1913.66666667 1967 1854 0.333333333333 1 0 0.000173520735728 0.000520562207184 0.0 2 1
2011.5 2045 1978 0.0 0 0 0.0 0.0 0.0 1 1
2104.5 2180 2052 0.666666666667 1 0 0.000314412478032 0.000480769230769 0.0 5 1
2048.33333333 2090 2022 0.333333333333 1 0 0.000163880694854 0.000491642084562 0.0 2 1
2244.57142857 2293 2222 1.14285714286 2 0 0.000507956549923 0.000893655049151 0.0 6 1
2057.5 2123 2000 0.75 1 0 0.000361070678736 0.000486854917235 0.0 3 1
1946.0 1946 1946 0.0 0 0 0.0 0.0 0.0 0 1
1993.5 2020 1967 0.5 1 0 0.000247402276101 0.000494804552202 0.0 1 1
1872.0 1880 1864 0.0 0 0 0.0 0.0 0.0 1 1
1204.959 2168 861 113.046 270 0 0.0890294090123 0.21185770751 0.0 999 1
2052.0 2052 2052 0.0 0 0 0.0 0.0 0.0 0 1
2084.0 2190 2019 0.333333333333 1 0 0.000157014208936 0.000485672656629 0.0 5 1
2230.5 2233 2228 0.5 1 0 0.000223813786929 0.000447627573859 0.0 1 1
2014.0 2014 2014 0.0 0 0 0.0 0.0 0.0 0 1
2023.0 2023 2023 0.0 0 0 0.0 0.0 0.0 0 1
2124.5 2146 2103 0.5 1 0 0.000232883092687 0.000465766185375 0.0 1 1
1960.33333333 1981 1944 0.333333333333 1 0 0.00016818028927 0.00050454086781 0.0 2 1
2010.6 2189 1919 1.5 3 0 0.000738676432677 0.00151515151515 0.0 9 1
1960.66666667 2021 1906 0.833333333333 3 0 0.000425056209811 0.00153139356815 0.0 5 1
2106.5 2129 2084 0.5 1 0 0.000234741784038 0.000469483568075 0.0 1 1
2073.66666667 2110 2031 0.666666666667 1 0 0.000318082448458 0.000480538202787 0.0 2 1
1190.372 2060 819 126.77 254 0 0.0998657723908 0.198105761642 0.0 999 1
2255.0 2255 2255 0.0 0 0 0.0 0.0 0.0 0 1
2111.5 2125 2098 0.5 1 0 0.000235183443086 0.000470366886171 0.0 1 1
2062.0 2097 2045 0.4 1 0 0.00019493344049 0.000488758553275 0.0 4 1
1931.8 2091 1849 3.3 8 0 0.00172599096551 0.00430802369413 0.0 19 1
2192.8 2224 2157 1.4 2 0 0.000637326873719 0.000926354793886 0.0 4 1
2191.0 2191 2191 0.0 0 0 0.0 0.0 0.0 0 1
2009.5 2026 1993 0.0 0 0 0.0 0.0 0.0 1 1
1922.0 1922 1922 0.0 0 0 0.0 0.0 0.0 0 1
2189.0 2189 2189 0.0 0 0 0.0 0.0 0.0 0 1
2017.0 2073 1977 1.0 2 0 0.000496498060554 0.000997008973081 0.0 4 1
2087.83333333 2133 2031 0.5 1 0 0.000237514535766 0.000479156684236 0.0 5 1
2108.0 2108 2108 0.0 0 0 0.0 0.0 0.0 0 1
2144.0 2144 2144 0.0 0 0 0.0 0.0 0.0 0 1
2207.5 2246 2169 0.0 0 0 0.0 0.0 0.0 1 1
2099.0 2099 2099 0.0 0 0 0.0 0.0 0.0 0 1
1868.07142857 1986 1808 2.42857142857 7 0 0.0012846490813 0.00364583333333 0.0 13 1
2052.0 2052 2052 0.0 0 0 0.0 0.0 0.0 0 1
2173.0 2173 2173 0.0 0 0 0.0 0.0 0.0 0 1
2089.0 2089 2089 0.0 0 0 0.0 0.0 0.0 0 1
2272.0 2272 2272 0.0 0 0 0.0 0.0 0.0 0 1
2023.0 2049 1986 1.6 3 0 0.000789317366309 0.00148441365661 0.0 4 1
1182.861 2253 834 121.188 221 0 0.0964070351656 0.199278629396 0.0 999 1
2042.0 2042 2042 0.0 0 0 0.0 0.0 0.0 0 1
1930.0 1930 1930 0.0 0 0 0.0 0.0 0.0 0 1
2093.16666667 2127 2060 0.666666666667 1 0 0.000316909480586 0.000485201358564 0.0 5 1
2156.33333333 2204 2092 0.333333333333 1 0 0.000159261028826 0.000477783086479 0.0 2 1
1997.4 2066 1934 0.6 1 0 0.00030097504739 0.000516795865633 0.0 4 1
2155.0 2155 2155 0.0 0 0 0.0 0.0 0.0 0 1
2101.0 2101 2101 0.0 0 0 0.0 0.0 0.0 0 1
2159.5 2285 2084 1.0 2 0 0.000458809928882 0.000922509225092 0.0 3 1
2076.0 2076 2076 0.0 0 0 0.0 0.0 0.0 0 1
2055.0 2055 2055 0.0 0 0 0.0 0.0 0.0 0 1
2075.0 2144 1987 0.666666666667 1 0 0.000314509145058 0.000477326968974 0.0 2 1
2157.5 2184 2131 0.0 0 0 0.0 0.0 0.0 1 1
2120.0 2127 2113 0.5 1 0 0.000236518448439 0.000473036896878 0.0 1 1
1866.0 1866 1866 0.0 0 0 0.0 0.0 0.0 0 1
1864.83333333 1983 1728 0.916666666667 2 0 0.000492950465343 0.00109051254089 0.0 11 1
2094.25 2113 2068 0.75 2 0 0.000359805117939 0.000966183574879 0.0 3 1
2002.2 2035 1965 0.4 1 0 0.000198814229249 0.0005 0.0 4 1
2055.66666667 2112 2025 0.333333333333 1 0 0.000164527805199 0.000493583415597 0.0 2 1
2049.0 2049 2049 0.0 0 0 0.0 0.0 0.0 0 1
2023.0 2052 1967 0.8 1 0 0.000392552239035 0.000494071146245 0.0 4 1
1828.85714286 1953 1739 2.14285714286 4 0 0.00117352934866 0.00222345747638 0.0 6 1
2177.0 2205 2143 0.666666666667 1 0 0.000306575689098 0.000466417910448 0.0 2 1
2153.0 2153 2153 0.0 0 0 0.0 0.0 0.0 0 1
2130.64285714 2250 2009 1.28571428571 4 0 0.000600455184608 0.00187969924812 0.0 13 1
2199.0 2237 2161 0.5 1 0 0.000231267345051 0.000462534690102 0.0 1 1
1149.684 2041 887 123.349 241 0 0.0992741571434 0.188197767145 0.0 999 1
1947.25 2066 1880 0.5 1 0 0.000259509098301 0.000531632110579 0.0 7 1
2037.0 2037 2037 0.0 0 0 0.0 0.0 0.0 0 1
2011.5 2044 1957 0.25 1 0 0.000122249388753 0.000488997555012 0.0 3 1
1978.66666667 1998 1946 1.0 2 0 0.000501086384048 0.00100300902708 0.0 2 1
2043.6 2193 1890 2.76666666667 11 0 0.00138027368848 0.00555555555556 0.0 29 1
2072.33333333 2171 1994 0.333333333333 1 0 0.000155835600761 0.00047460844803 0.0 5 1
2205.8 2274 2145 0.6 1 0 0.00026787008557 0.000454752160073 0.0 4 1
2056.6 2076 2021 0.8 2 0 0.000388861158427 0.000967585873246 0.0 4 1
1967.75 2029 1917 0.75 2 0 0.000385677496152 0.00104220948411 0.0 3 1
2017.0 2017 2017 0.0 0 0 0.0 0.0 0.0 0 1
2150.0 2234 2055 1.88888888889 4 0 0.000875516424736 0.00190476190476 0.0 8 1
2238.5 2243 2234 0.0 0 0 0.0 0.0 0.0 1 1
2041.0 2041 2041 0.0 0 0 0.0 0.0 0.0 0 1
1979.5 2016 1943 0.5 1 0 0.000247892910263 0.000495785820526 0.0 1 1
2016.33333333 2035 1991 0.0 0 0 0.0 0.0 0.0 2 1
2145.0 2145 2145 0.0 0 0 0.0 0.0 0.0 0 1
1948.33333333 1975 1924 0.0 0 0 0.0 0.0 0.0 2 1
1850.5 1926 1744 0.875 2 0 0.000473840706219 0.00105764145955 0.0 7 1
2103.5 2184 2056 0.5 1 0 0.000235083467223 0.00047664442326 0.0 5 1
1969.55555556 2039 1934 0.888888888889 2 0 0.000450840763426 0.00101368474404 0.0 8 1
1980.63636364 2060 1913 0.272727272727 1 0 0.000134646938418 0.000507872016252 0.0 10 1
2015.0 2056 1961 0.333333333333 1 0 0.000162048290391 0.000486144871172 0.0 2 1
2159.0 2159 2159 0.0 0 0 0.0 0.0 0.0 0 1
2121.5 2163 2048 0.25 1 0 0.000122010736945 0.000488042947779 0.0 3 1
2095.0 2095 2095 0.0 0 0 0.0 0.0 0.0 0 1
1812.0 1812 1812 0.0 0 0 0.0 0.0 0.0 0 1
1952.66666667 2013 1890 0.0 0 0 0.0 0.0 0.0 2 1
2010.81818182 2086 1923 2.45454545455 5 0 0.00121698779313 0.00249875062469 0.0 10 1
1967.0 1967 1967 0.0 0 0 0.0 0.0 0.0 0 1
2229.0 2229 2229 0.0 0 0 0.0 0.0 0.0 0 1
2241.0 2268 2214 0.5 1 0 0.000220361392684 0.000440722785368 0.0 1 1
2188.0 2216 2165 0.333333333333 1 0 0.000152625152625 0.000457875457875 0.0 2 1
1222.038 2311 879 116.776 245 2 0.0899404301418 0.177192982456 0.000884173297966 999 1
2112.0 2112 2112 0.0 0 0 0.0 0.0 0.0 0 1
2088.5 2131 2042 0.75 1 0 0.000358755532225 0.000489476260401 0.0 7 1
2029.0 2029 2029 0.0 0 0 0.0 0.0 0.0 0 1
2104.66666667 2116 2083 0.333333333333 1 0 0.000159948816379 0.000479846449136 0.0 2 1
2074.0 2074 2074 0.0 0 0 0.0 0.0 0.0 0 1
2109.5 2137 2082 0.5 1 0 0.000233863423761 0.000467726847521 0.0 1 1
2016.0 2016 2016 0.0 0 0 0.0 0.0 0.0 0 1
1967.0 1967 1967 0.0 0 0 0.0 0.0 0.0 0 1
2224.5 2284 2179 1.5 3 0 0.000671320492399 0.00133689839572 0.0 3 1
2071.66666667 2099 2039 0.333333333333 1 0 0.000160410651267 0.000481231953802 0.0 2 1
2035.0 2080 1992 0.666666666667 2 0 0.00033433634236 0.00100300902708 0.0 2 1
2154.0 2154 2154 0.0 0 0 0.0 0.0 0.0 0 1
2102.0 2102 2102 0.0 0 0 0.0 0.0 0.0 0 1
1939.0 1971 1907 0.5 1 0 0.00025354969574 0.000507099391481 0.0 1 1
1967.0 1977 1957 0.5 1 0 0.000252780586451 0.000505561172902 0.0 1 1
2079.0 2079 2079 0.0 0 0 0.0 0.0 0.0 0 1
1880.82142857 2069 1748 2.0 6 0 0.00105907819788 0.00325556158437 0.0 27 1
2206.0 2224 2188 0.0 0 0 0.0 0.0 0.0 1 1
1983.0 1983 1983 0.0 0 0 0.0 0.0 0.0 0 1
2082.0 2082 2082 0.0 0 0 0.0 0.0 0.0 0 1
2080.5 2110 2051 0.0 0 0 0.0 0.0 0.0 1 1
1985.0 1985 1985 0.0 0 0 0.0 0.0 0.0 0 1
1899.625 1981 1837 0.375 1 0 0.000200795377648 0.000544069640914 0.0 7 1
2016.0 2016 2016 0.0 0 0 0.0 0.0 0.0 0 1
2062.66666667 2117 1988 0.666666666667 1 0 0.000324969580094 0.000502765208648 0.0 2 1
2095.0 2127 2078 1.0 2 0 0.000474258329379 0.000939408172851 0.0 3 1
2026.0 2026 2026 0.0 0 0 0.0 0.0 0.0 0 1
2031.33333333 2133 1957 0.666666666667 2 0 0.000319894417001 0.000936768149883 0.0 8 1
1987.75 2055 1953 1.125 2 0 0.000565084628679 0.0010152284264 0.0 7 1
2101.5 2128 2075 0.0 0 0 0.0 0.0 0.0 1 1
2120.0 2120 2120 0.0 0 0 0.0 0.0 0.0 0 1
2060.0 2109 2027 0.333333333333 1 0 0.000157977883096 0.000473933649289 0.0 2 1
2142.5 2184 2101 0.5 1 0 0.000228832951945 0.00045766590389 0.0 1 1
2008.0 2008 2008 0.0 0 0 0.0 0.0 0.0 0 1
2028.0 2028 2028 0.0 0 0 0.0 0.0 0.0 0 1
2207.0 2207 2207 0.0 0 0 0.0 0.0 0.0 0 1
1989.5 2021 1957 0.75 2 0 0.000371778918252 0.000992555831266 0.0 3 1
2077.5 2117 2027 1.0 2 0 0.000484366770884 0.000985707244948 0.0 3 1
2014.25 2077 1958 1.875 4 0 0.000926123680221 0.00192215281115 0.0 7 1
2028.5 2149 1957 1.33333333333 4 0 0.000649448722201 0.00185787273572 0.0 11 1
1204.194 2308 900 119.444 268 0 0.0933068253096 0.199137931034 0.0 999 1
2104.0 2109 2099 0.5 1 0 0.000236966824645 0.000473933649289 0.0 1 1
2163.0 2163 2163 0.0 0 0 0.0 0.0 0.0 0 1
2246.81818182 2341 2147 0.909090909091 2 0 0.000399527890903 0.000887705281846 0.0 10 1
2070.75 2084 2047 0.75 1 0 0.000360636794343 0.000482392667631 0.0 3 1
1183.132 2226 817 121.188 277 2 0.0950823431984 0.238177128117 0.000897666068223 999 1
1131.357 2172 770 134.806 254 1 0.108359779362 0.202857142857 0.000479846449136 999 1
1996.42857143 2069 1923 0.571428571429 1 0 0.000288609328857 0.000519750519751 0.0 6 1
2054.53846154 2133 1937 0.769230769231 2 0 0.000370073865323 0.000968992248062 0.0 12 1
2054.0 2054 2054 0.0 0 0 0.0 0.0 0.0 0 1
2044.0 2044 2044 0.0 0 0 0.0 0.0 0.0 0 1
2060.0 2093 2027 0.5 1 0 0.000238777459408 0.000477554918816 0.0 1 1
2184.0 2184 2184 0.0 0 0 0.0 0.0 0.0 0 1
1988.0 2036 1916 0.2 1 0 9.89119683482e-05 0.000494559841741 0.0 4 1
2073.33333333 2124 2006 0.333333333333 1 0 0.000156862745098 0.000470588235294 0.0 2 1
2161.0 2161 2161 0.0 0 0 0.0 0.0 0.0 0 1
1971.0 1971 1971 0.0 0 0 0.0 0.0 0.0 0 1
1193.213 2019 885 122.232 295 1 0.0954673261704 0.226574500768 0.000505816894284 999 1
2082.0 2136 2018 1.22222222222 2 0 0.000587806622842 0.000990099009901 0.0 8 1
2123.0 2123 2123 0.0 0 0 0.0 0.0 0.0 0 1
2128.0 2149 2107 0.0 0 0 0.0 0.0 0.0 1 1
1994.6 2018 1971 0.2 1 0 0.000100908173562 0.00050454086781 0.0 4 1
1996.0 1996 1996 0.0 0 0 0.0 0.0 0.0 0 1
2222.5 2224 2221 0.5 1 0 0.00022502250225 0.0004500450045 0.0 1 1
2052.0 2052 2052 0.0 0 0 0.0 0.0 0.0 0 1
1946.0 1946 1946 0.0 0 0 0.0 0.0 0.0 0 1
2161.0 2161 2161 0.0 0 0 0.0 0.0 0.0 0 1
2253.0 2276 2230 0.0 0 0 0.0 0.0 0.0 1 1
1863.75 1887 1823 1.0 3 0 0.00053249156497 0.0015873015873 0.0 7 1
1826.5 1923 1773 2.0 5 0 0.0010954464406 0.00277469478357 0.0 7 1
1997.2 2063 1963 0.4 1 0 0.000202282441526 0.000508646998983 0.0 4 1
2079.33333333 2116 2028 0.666666666667 1 0 0.000318719630703 0.000485201358564 0.0 5 1
1165.33 2145 811 122.949 251 2 0.0985765450975 0.20170212766 0.000950118764846 999 1
2115.0 2115 2115 0.0 0 0 0.0 0.0 0.0 0 1
2024.5 2043 2006 1.0 2 0 0.000488997555012 0.000977995110024 0.0 1 1
1903.19047619 2078 1778 6.7619047619 20 0 0.00356802276429 0.0108813928183 0.0 20 1
2021.0 2021 2021 0.0 0 0 0.0 0.0 0.0 0 1
1971.5 1995 1948 0.5 1 0 0.000250501002004 0.000501002004008 0.0 1 1
2131.0 2131 2131 0.0 0 0 0.0 0.0 0.0 0 1
2037.2 2065 2003 0.4 1 0 0.000196710432763 0.000494315373208 0.0 4 1
2151.0 2151 2151 0.0 0 0 0.0 0.0 0.0 0 1
2013.14285714 2041 1972 1.42857142857 3 0 0.000710101125204 0.00147928994083 0.0 6 1
2101.16666667 2185 2017 0.333333333333 1 0 0.000158542934256 0.000477099236641 0.0 5 1
2048.0 2102 2012 0.25 1 0 0.000124192747144 0.000496770988574 0.0 3 1
1914.0 1914 1914 0.0 0 0 0.0 0.0 0.0 0 1
1183.187 2130 773 123.832 264 1 0.0997543493961 0.202761000863 0.000527704485488 999 1
1889.2 1990 1826 1.8 4 0 0.000951261803243 0.00218579234973 0.0 4 1
2048.72222222 2173 1946 1.44444444444 3 0 0.000706824658007 0.0015392508979 0.0 17 1
2040.875 2187 1905 1.125 6 0 0.000543995751219 0.00285306704708 0.0 15 1
2087.0 2088 2086 0.5 1 0 0.000239578342118 0.000479156684236 0.0 1 1
2213.0 2213 2213 0.0 0 0 0.0 0.0 0.0 0 1
2023.5 2031 2016 0.5 1 0 0.000246062992126 0.000492125984252 0.0 1 1
2257.0 2257 2257 0.0 0 0 0.0 0.0 0.0 0 1
2072.0 2105 2039 0.5 1 0 0.000237416904084 0.000474833808167 0.0 1 1
2049.0 2071 2027 0.0 0 0 0.0 0.0 0.0 1 1
1880.0 1904 1856 0.0 0 0 0.0 0.0 0.0 1 1
1931.0 2019 1866 0.2 1 0 0.000107123727906 0.000535618639529 0.0 4 1
2114.0 2133 2095 0.5 1 0 0.000234301780694 0.000468603561387 0.0 1 1
2078.66666667 2122 2055 0.666666666667 1 0 0.000318822817439 0.000485436893204 0.0 2 1
1985.0 2058 1909 0.333333333333 1 0 0.000161890885543 0.000485672656629 0.0 2 1
1984.72727273 2106 1899 1.81818181818 5 0 0.000911600094522 0.002435460302 0.0 10 1
1955.5 1977 1934 0.0 0 0 0.0 0.0 0.0 1 1
2071.0 2078 2064 0.5 1 0 0.000242130750605 0.000484261501211 0.0 1 1
2114.0 2167 2061 0.0 0 0 0.0 0.0 0.0 1 1
1987.0 1987 1987 0.0 0 0 0.0 0.0 0.0 0 1
2166.5 2184 2149 0.5 1 0 0.000232558139535 0.00046511627907 0.0 1 1
1936.0 1936 1936 0.0 0 0 0.0 0.0 0.0 0 1
2101.0 2101 2101 0.0 0 0 0.0 0.0 0.0 0 1
2118.0 2118 2118 0.0 0 0 0.0 0.0 0.0 0 1
1965.25 2008 1925 1.5 4 0 0.000757921188356 0.0020366598778 0.0 3 1
2006.0 2025 1975 1.33333333333 2 0 0.000658926277433 0.000990099009901 0.0 2 1
2122.0 2122 2122 0.0 0 0 0.0 0.0 0.0 0 1
1969.0 2012 1926 0.5 1 0 0.000248385494287 0.000496770988574 0.0 1 1
2090.0 2090 2090 0.0 0 0 0.0 0.0 0.0 0 1
2046.0 2046 2046 0.0 0 0 0.0 0.0 0.0 0 1
1994.0 2139 1889 1.22222222222 2 0 0.000615023387155 0.00105764145955 0.0 17 1
2031.4 2077 1985 1.0 2 0 0.000494505507457 0.000987166831194 0.0 4 1
2196.0 2196 2196 0.0 0 0 0.0 0.0 0.0 0 1
1985.33333333 2050 1922 1.66666666667 3 0 0.0008335924069 0.0014612761812 0.0 2 1
1932.0 1941 1923 0.0 0 0 0.0 0.0 0.0 1 1
2104.0 2104 2104 0.0 0 0 0.0 0.0 0.0 0 1
2089.0 2128 2050 0.5 1 0 0.000234852043213 0.000469704086426 0.0 1 1
2293.0 2293 2293 0.0 0 0 0.0 0.0 0.0 0 1
1840.35185185 2169 1593 6.18518518519 17 0 0.0034187369775 0.0100830367734 0.0 53 1
1985.0 2009 1927 0.285714285714 1 0 0.00014422733898 0.000505050505051 0.0 6 1
1997.0 1997 1997 0.0 0 0 0.0 0.0 0.0 0 1
2073.0 2115 2040 1.5 2 0 0.000719231674051 0.000977995110024 0.0 3 1
1992.75 2038 1962 0.5 1 0 0.000251706000296 0.000506072874494 0.0 3 1
1978.66666667 1989 1965 0.666666666667 1 0 0.000337644477893 0.000508646998983 0.0 2 1
1961.5 1989 1934 0.0 0 0 0.0 0.0 0.0 1 1
1878.0 1878 1878 0.0 0 0 0.0 0.0 0.0 0 1
2107.0 2107 2107 0.0 0 0 0.0 0.0 0.0 0 1
1180.288 2072 845 121.393 260 0 0.0976466612631 0.218303946264 0.0 999 1
1208.78 2183 934 122.807 270 1 0.0952116723833 0.20316027088 0.000462748727441 999 1
2083.4 2153 1998 0.8 2 0 0.000382153030806 0.000969932104753 0.0 9 1
2083.0 2083 2083 0.0 0 0 0.0 0.0 0.0 0 1
2069.25 2134 2009 0.25 1 0 0.000117096018735 0.000468384074941 0.0 3 1
1985.0 2050 1911 0.666666666667 1 0 0.000329606724433 0.000501253132832 0.0 2 1
1193.6 2025 779 118.076 222 1 0.0932091417357 0.172275641026 0.0004995004995 999 1
2029.6 2122 1956 2.06666666667 6 0 0.00101401577758 0.00298656047785 0.0 14 1
1948.90909091 2006 1888 2.36363636364 5 0 0.00121436975023 0.00254971953085 0.0 10 1
2005.5 2035 1976 0.5 1 0 0.00024557956778 0.00049115913556 0.0 1 1
2125.8 2183 2057 0.2 1 0 9.42063118229e-05 0.000471031559114 0.0 4 1
2100.0 2100 2100 0.0 0 0 0.0 0.0 0.0 0 1
2132.0 2146 2106 0.0 0 0 0.0 0.0 0.0 2 1
2024.0 2024 2024 0.0 0 0 0.0 0.0 0.0 0 1
2198.5 2211 2186 0.0 0 0 0.0 0.0 0.0 1 1
2056.5 2068 2045 0.0 0 0 0.0 0.0 0.0 1 1
2119.66666667 2171 2030 0.833333333333 1 0 0.00039285964273 0.000492368291482 0.0 5 1
2094.5 2106 2083 0.5 1 0 0.000239923224568 0.000479846449136 0.0 1 1
1987.0 1987 1987 0.0 0 0 0.0 0.0 0.0 0 1
2032.25 2094 1945 0.5 1 0 0.000247800395892 0.000513874614594 0.0 3 1
2130.0 2130 2130 0.0 0 0 0.0 0.0 0.0 0 1
1973.8 2022 1952 1.0 2 0 0.000505795834488 0.00102354145343 0.0 4 1
1912.0 1912 1912 0.0 0 0 0.0 0.0 0.0 0 1
2184.0 2184 2184 0.0 0 0 0.0 0.0 0.0 0 1
2106.0 2106 2106 0.0 0 0 0.0 0.0 0.0 0 1
1186.782 2063 893 122.606 267 1 0.0959540449291 0.214975845411 0.000505561172902 999 1
2035.0 2094 1981 0.625 2 0 0.000306156006256 0.000963391136802 0.0 7 1
2389.5 2409 2370 0.5 1 0 0.000207468879668 0.000414937759336 0.0 1 1
1964.0 1964 1964 0.0 0 0 0.0 0.0 0.0 0 1
2036.0 2036 2036 0.0 0 0 0.0 0.0 0.0 0 1
1207.469 2047 866 119.051 263 0 0.0921500331448 0.186578171091 0.0 999 1
2227.0 2227 2227 0.0 0 0 0.0 0.0 0.0 0 1
2129.25 2157 2104 1.75 3 0 0.000817739359406 0.00138888888889 0.0 3 1
2175.0 2175 2175 0.0 0 0 0.0 0.0 0.0 0 1
2026.6 2151 1966 1.0 2 0 0.000491963089727 0.000997506234414 0.0 4 1
1956.0 1956 1956 0.0 0 0 0.0 0.0 0.0 0 1
2154.0 2154 2154 0.0 0 0 0.0 0.0 0.0 0 1
1961.66666667 2016 1920 1.55555555556 2 0 0.000795861566771 0.00104058272633 0.0 8 1
2163.5 2209 2118 0.5 1 0 0.000226244343891 0.000452488687783 0.0 1 1
1915.5 1918 1913 0.5 1 0 0.000261233019854 0.000522466039707 0.0 1 1
2051.0 2103 2024 1.14285714286 3 0 0.000552453141289 0.00144161460836 0.0 6 1
2111.0 2111 2111 0.0 0 0 0.0 0.0 0.0 0 1
2176.66666667 2197 2152 1.33333333333 3 0 0.000607310501903 0.00136363636364 0.0 2 1
1963.94444444 2149 1782 2.72222222222 7 0 0.00135313419351 0.00347394540943 0.0 17 1
2005.0 2005 2005 0.0 0 0 0.0 0.0 0.0 0 1
1990.5 1999 1982 0.5 1 0 0.00025 0.0005 0.0 1 1
2214.0 2214 2214 0.0 0 0 0.0 0.0 0.0 0 1
2110.33333333 2138 2059 1.0 2 0 0.000467654504731 0.000934579439252 0.0 2 1
2238.0 2238 2238 0.0 0 0 0.0 0.0 0.0 0 1
2292.0 2309 2275 0.5 1 0 0.000219683655536 0.000439367311072 0.0 1 1
2058.4 2076 2039 0.6 1 0 0.00029028079333 0.000486381322957 0.0 4 1
1908.02857143 2065 1805 2.51428571429 6 0 0.00131876091458 0.00317628374801 0.0 34 1
1864.23076923 2061 1691 0.923076923077 5 0 0.000502743298436 0.00281373100732 0.0 25 1
1954.5 2002 1907 0.5 1 0 0.000249625561658 0.000499251123315 0.0 1 1
1938.25 2034 1881 0.75 2 0 0.000378735486207 0.00102354145343 0.0 3 1
2152.0 2152 2152 0.0 0 0 0.0 0.0 0.0 0 1
1960.0 1976 1944 0.0 0 0 0.0 0.0 0.0 1 1
2125.5 2156 2095 0.5 1 0 0.000238549618321 0.000477099236641 0.0 1 1
2134.0 2134 2134 0.0 0 0 0.0 0.0 0.0 0 1
2077.4 2163 2030 0.0 0 0 0.0 0.0 0.0 4 1
2219.0 2254 2189 0.5 1 0 0.000226012074408 0.000456621004566 0.0 3 1
1961.0 1961 1961 0.0 0 0 0.0 0.0 0.0 0 1
2148.0 2148 2148 0.0 0 0 0.0 0.0 0.0 0 1
2031.0 2031 2031 0.0 0 0 0.0 0.0 0.0 0 1
2086.0 2086 2086 0.0 0 0 0.0 0.0 0.0 0 1
1185.648 1975 863 129.219 281 1 0.10073680109 0.223228995058 0.000520020800832 999 1
2112.0 2137 2090 0.333333333333 1 0 0.000155908949174 0.000467726847521 0.0 2 1
2089.0 2089 2089 0.0 0 0 0.0 0.0 0.0 0 1
2046.0 2046 2046 0.0 0 0 0.0 0.0 0.0 0 1
1919.0 1919 1919 0.0 0 0 0.0 0.0 0.0 0 1
2052.0 2054 2050 0.0 0 0 0.0 0.0 0.0 1 1
2074.0 2074 2074 0.0 0 0 0.0 0.0 0.0 0 1
2406.33333333 2430 2391 0.0 0 0 0.0 0.0 0.0 2 1
1169.647 2202 812 117.294 239 0 0.0940084281859 0.179834462002 0.0 999 1
2251.5 2317 2186 0.0 0 0 0.0 0.0 0.0 1 1
2040.25 2076 1978 0.75 1 0 0.000369695003956 0.000505305709955 0.0 3 1
1176.348 2045 814 118.44 217 1 0.094400311513 0.178464606181 0.000488758553275 999 1
2032.0 2073 1977 0.0 0 0 0.0 0.0 0.0 2 1
2012.57142857 2059 1974 0.571428571429 2 0 0.000283294420711 0.000970402717128 0.0 6 1
2122.11111111 2229 1982 1.55555555556 3 0 0.000725622048959 0.00135623869801 0.0 8 1
2160.8 2243 2071 1.6 3 0 0.000731595161861 0.00136239782016 0.0 4 1
2151.0 2151 2151 0.0 0 0 0.0 0.0 0.0 0 1
2100.0 2100 2100 0.0 0 0 0.0 0.0 0.0 0 1
2145.0 2156 2134 0.5 1 0 0.000234192037471 0.000468384074941 0.0 1 1
2157.0 2284 2025 1.16666666667 2 0 0.000532051993012 0.000925925925926 0.0 5 1
1183.355 1968 893 125.784 246 2 0.0981431013088 0.184083601286 0.00103788271925 999 1
1952.82608696 2166 1740 1.89130434783 6 0 0.000958973158058 0.00318302387268 0.0 45 1
2272.0 2272 2272 0.0 0 0 0.0 0.0 0.0 0 1
1981.5 2018 1945 0.5 1 0 0.000256937307297 0.000513874614594 0.0 1 1
2044.0 2044 2044 0.0 0 0 0.0 0.0 0.0 0 1
2100.0 2123 2077 0.0 0 0 0.0 0.0 0.0 1 1
2068.5 2070 2067 0.5 1 0 0.000241429261226 0.000482858522453 0.0 1 1
2106.14285714 2232 1968 1.35714285714 5 0 0.000638954566099 0.00230946882217 0.0 13 1
2103.33333333 2125 2084 1.0 2 0 0.000474143108999 0.000946521533365 0.0 5 1
2095.0 2095 2095 0.0 0 0 0.0 0.0 0.0 0 1
2144.0 2203 2039 0.444444444444 1 0 0.000205891347075 0.000471031559114 0.0 8 1
2082.0 2082 2082 0.0 0 0 0.0 0.0 0.0 0 1
2103.5 2132 2075 0.0 0 0 0.0 0.0 0.0 1 1
2054.0 2054 2054 0.0 0 0 0.0 0.0 0.0 0 1
2017.0 2017 2017 0.0 0 0 0.0 0.0 0.0 0 1
1981.2 2033 1943 0.6 1 0 0.000299740788206 0.000505305709955 0.0 4 1
2089.0 2089 2089 0.0 0 0 0.0 0.0 0.0 0 1
2049.0 2049 2049 0.0 0 0 0.0 0.0 0.0 0 1
2055.25 2128 1977 0.5 1 0 0.000239317781723 0.000487567040468 0.0 3 1
1910.4 2019 1790 0.2 1 0 0.000107353730542 0.000536768652711 0.0 4 1
2245.0 2260 2230 0.0 0 0 0.0 0.0 0.0 1 1
2012.33333333 2071 1936 0.666666666667 1 0 0.000332962581285 0.000516262261229 0.0 2 1
2121.4 2196 2069 0.8 1 0 0.000380310223581 0.00048309178744 0.0 4 1
1948.4 2010 1917 0.6 1 0 0.00030525113785 0.000521376433785 0.0 4 1
2147.0 2147 2147 0.0 0 0 0.0 0.0 0.0 0 1
2141.0 2176 2113 1.0 2 0 0.000465225771415 0.000936329588015 0.0 2 1
2059.0 2107 2011 0.5 1 0 0.000237191650854 0.000474383301708 0.0 1 1
2035.5 2051 2020 0.5 1 0 0.000243664717349 0.000487329434698 0.0 1 1
2150.0 2150 2150 0.0 0 0 0.0 0.0 0.0 0 1
1977.0 1977 1977 0.0 0 0 0.0 0.0 0.0 0 1
2077.0 2077 2077 0.0 0 0 0.0 0.0 0.0 0 1
2054.0 2054 2054 0.0 0 0 0.0 0.0 0.0 0 1
2035.0 2036 2034 0.0 0 0 0.0 0.0 0.0 1 1
2117.0 2122 2112 1.5 3 0 0.000705882352941 0.00141176470588 0.0 1 1
2174.0 2174 2174 0.0 0 0 0.0 0.0 0.0 0 1
2100.0 2100 2100 0.0 0 0 0.0 0.0 0.0 0 1
1980.0 1980 1980 0.0 0 0 0.0 0.0 0.0 0 1
2010.5 2011 2010 0.0 0 0 0.0 0.0 0.0 1 1
1949.0 1949 1949 0.0 0 0 0.0 0.0 0.0 0 1
2105.0 2105 2105 0.0 0 0 0.0 0.0 0.0 0 1
2047.85714286 2113 1978 1.28571428571 2 0 0.000627437425513 0.000997008973081 0.0 6 1
2153.0 2153 2153 0.0 0 0 0.0 0.0 0.0 0 1
1818.69135802 2173 1578 6.97530864198 21 0 0.00380123061618 0.0117384013415 0.0 80 1
2093.0 2093 2093 0.0 0 0 0.0 0.0 0.0 0 1
1967.0 1967 1967 0.0 0 0 0.0 0.0 0.0 0 1
2121.0 2121 2121 0.0 0 0 0.0 0.0 0.0 0 1
2037.66666667 2067 2019 0.666666666667 1 0 0.00032555188038 0.000493096646943 0.0 2 1
2084.33333333 2132 2035 0.666666666667 2 0 0.000312402374258 0.000937207122774 0.0 2 1
2115.4 2188 2046 0.6 1 0 0.000280768520057 0.000481463649494 0.0 4 1
2238.66666667 2274 2179 0.0 0 0 0.0 0.0 0.0 2 1
2094.0 2120 2055 0.2 1 0 9.52380952381e-05 0.00047619047619 0.0 4 1
2083.0 2083 2083 0.0 0 0 0.0 0.0 0.0 0 1
1972.75 2047 1912 0.75 2 0 0.000384620796417 0.0010157440325 0.0 3 1
1962.25 2025 1903 1.75 5 0 0.000887336020241 0.00249625561658 0.0 11 1
2060.0 2060 2060 0.0 0 0 0.0 0.0 0.0 0 1
1973.0 1973 1973 0.0 0 0 0.0 0.0 0.0 0 1
2135.0 2135 2135 0.0 0 0 0.0 0.0 0.0 0 1
2067.42857143 2145 2021 1.42857142857 3 0 0.000693691092827 0.00146627565982 0.0 6 1
2010.5 2030 1991 0.5 1 0 0.000246184145741 0.000492368291482 0.0 1 1
2035.0 2035 2035 0.0 0 0 0.0 0.0 0.0 0 1
2040.25 2153 1960 1.125 4 0 0.000535400596261 0.00190748688603 0.0 7 1
2043.0 2054 2032 0.5 1 0 0.000243309002433 0.000486618004866 0.0 1 1
1284.364 2235 815 93.841 301 0 0.0727639824794 0.23984063745 0.0 999 1
1236.286 2091 906 115.311 242 1 0.0893208303458 0.183574879227 0.00049504950495 999 1
2041.0 2041 2041 0.0 0 0 0.0 0.0 0.0 0 1
2040.4 2071 1988 0.6 2 0 0.000293510108782 0.000964785335263 0.0 4 1
1976.625 2056 1858 1.25 3 0 0.00062262479141 0.0015368852459 0.0 7 1
2054.91666667 2173 1959 1.83333333333 3 0 0.000889724050319 0.00151745068285 0.0 11 1
2126.0 2133 2119 0.0 0 0 0.0 0.0 0.0 1 1
2170.0 2183 2153 0.75 2 0 0.000346697460567 0.00092807424594 0.0 3 1
2103.5 2285 1967 2.0 4 0 0.000946594389653 0.00184672206833 0.0 5 1
1994.5 2084 1913 1.0 3 0 0.000488038769 0.00143747005271 0.0 5 1
2002.6 2025 1969 0.8 2 0 0.000398361294681 0.000986679822398 0.0 4 1
2047.25 2079 2009 0.25 1 0 0.000120192307692 0.000480769230769 0.0 3 1
2282.5 2340 2204 0.75 1 0 0.000324754515411 0.000437445319335 0.0 3 1
2154.0 2154 2154 0.0 0 0 0.0 0.0 0.0 0 1
2071.0 2071 2071 0.0 0 0 0.0 0.0 0.0 0 1
1980.0 2029 1913 0.5 1 0 0.000251259390346 0.000504286434695 0.0 3 1
2083.0 2127 2003 0.8 2 0 0.000380428471605 0.000956480153037 0.0 4 1
1226.346 2179 870 119.871 247 0 0.0926030780366 0.189853958493 0.0 999 1
2018.33333333 2051 1994 0.666666666667 1 0 0.0003328393917 0.000501253132832 0.0 2 1
2098.0 2098 2098 0.0 0 0 0.0 0.0 0.0 0 1
1969.0 1969 1969 0.0 0 0 0.0 0.0 0.0 0 1
1943.0 1943 1943 0.0 0 0 0.0 0.0 0.0 1 1
2067.0 2094 2011 0.333333333333 1 0 0.000160499937601 0.000485672656629 0.0 5 1
2107.0 2107 2107 0.0 0 0 0.0 0.0 0.0 0 1
2139.5 2165 2086 1.0 2 0 0.000470357171912 0.00095785440613 0.0 3 1
1971.5 2072 1920 0.75 2 0 0.000369813303248 0.000964320154291 0.0 3 1
2056.63636364 2134 1963 0.818181818182 2 0 0.000394112227502 0.000936329588015 0.0 10 1
2080.0 2080 2080 0.0 0 0 0.0 0.0 0.0 0 1
2097.4 2159 2061 0.0 0 0 0.0 0.0 0.0 4 1
2185.5 2222 2149 0.0 0 0 0.0 0.0 0.0 1 1
1938.5 1954 1923 0.5 1 0 0.000255754475703 0.000511508951407 0.0 1 1
2252.0 2253 2251 0.5 1 0 0.000222024866785 0.00044404973357 0.0 1 1
2056.33333333 2101 2011 0.333333333333 1 0 0.000161969549725 0.000485908649174 0.0 2 1
2072.52 2163 1979 1.92 4 0 0.000928041197703 0.00199104031857 0.0 24 1
1962.125 2042 1880 0.25 1 0 0.000127201020973 0.000512557662737 0.0 7 1
2084.25 2131 2055 0.5 1 0 0.000241041102359 0.000486381322957 0.0 3 1
2047.0 2047 2047 0.0 0 0 0.0 0.0 0.0 0 1
1776.6 1826 1742 0.6 2 0 0.000339374752671 0.00114285714286 0.0 4 1
2181.0 2218 2144 0.5 1 0 0.000225326723749 0.000450653447499 0.0 1 1
1930.77777778 1974 1863 1.66666666667 3 0 0.000864962275477 0.00156331422616 0.0 8 1
2120.75 2167 2070 0.5 1 0 0.000232629467308 0.000469263256687 0.0 3 1
2082.33333333 2121 2028 0.666666666667 2 0 0.00031746031746 0.000952380952381 0.0 2 1
1994.8 2045 1891 0.6 2 0 0.000296711256585 0.000977995110024 0.0 4 1
2180.0 2180 2180 0.0 0 0 0.0 0.0 0.0 0 1
2062.0 2062 2062 0.0 0 0 0.0 0.0 0.0 0 1
2167.0 2273 2089 0.75 1 0 0.000343502787889 0.000478468899522 0.0 3 1
2112.0 2112 2112 0.0 0 0 0.0 0.0 0.0 0 1
2071.0 2071 2071 0.0 0 0 0.0 0.0 0.0 0 1
1944.0 1981 1902 0.666666666667 1 0 0.000342990970226 0.000525486074619 0.0 5 1
2023.42857143 2078 1903 0.857142857143 2 0 0.00041898476362 0.000974184120799 0.0 6 1
2087.0 2087 2087 0.0 0 0 0.0 0.0 0.0 0 1
1960.0 1960 1960 0.0 0 0 0.0 0.0 0.0 0 1
1986.2 2048 1939 1.0 3 0 0.000491711175144 0.00148294611962 0.0 4 1
2080.5 2128 2033 0.0 0 0 0.0 0.0 0.0 1 1
1952.28571429 2005 1881 0.857142857143 3 0 0.000434741570487 0.0015015015015 0.0 6 1
2090.0 2135 2051 0.666666666667 1 0 0.000315927033654 0.000479616306954 0.0 2 1
2195.0 2195 2195 0.0 0 0 0.0 0.0 0.0 0 1
1846.0 1846 1846 0.0 0 0 0.0 0.0 0.0 0 1
2147.0 2147 2147 0.0 0 0 0.0 0.0 0.0 0 1
2071.0 2071 2071 0.0 0 0 0.0 0.0 0.0 0 1
2279.0 2279 2279 0.0 0 0 0.0 0.0 0.0 0 1
2057.27272727 2221 1900 1.54545454545 3 0 0.000760044659736 0.00157645822386 0.0 10 1
2090.4 2146 2021 0.8 2 0 0.000384108909062 0.000988630746416 0.0 9 1
1170.652 1994 848 109.268 195 0 0.0877618107852 0.167718665464 0.0 999 1
2035.84210526 2227 1847 2.78947368421 6 0 0.00135424479628 0.00294117647059 0.0 18 1
2108.2 2202 1999 1.0 2 0 0.0004661604101 0.000923361034164 0.0 4 1
2020.0 2075 1968 0.625 2 0 0.000307127312556 0.000962927298989 0.0 7 1
2010.5 2033 1988 0.0 0 0 0.0 0.0 0.0 1 1
2067.4 2139 1991 0.6 1 0 0.000292617597715 0.000502008032129 0.0 4 1
1986.0 1986 1986 0.0 0 0 0.0 0.0 0.0 0 1
1941.4 1992 1914 2.2 6 0 0.00112661199472 0.0030959752322 0.0 4 1
2089.0 2089 2089 0.0 0 0 0.0 0.0 0.0 0 1
2103.71428571 2190 2044 1.42857142857 3 0 0.000671114582218 0.00143334925944 0.0 6 1
2053.0 2102 1989 1.2 2 0 0.000588979251168 0.00100452034154 0.0 4 1
2038.46666667 2201 1887 2.4 6 0 0.00114616406995 0.00288739172281 0.0 14 1
2133.0 2136 2130 0.5 1 0 0.000233972859148 0.000467945718297 0.0 1 1
2000.0 2058 1970 0.666666666667 1 0 0.000331009776123 0.00050735667174 0.0 2 1
2064.8 2082 2046 1.4 2 0 0.000675555926494 0.000971817298348 0.0 4 1
2154.0 2154 2154 0.0 0 0 0.0 0.0 0.0 0 1
2171.5 2184 2159 1.0 2 0 0.000457456541629 0.000914913083257 0.0 1 1
2108.0 2108 2108 0.0 0 0 0.0 0.0 0.0 0 1
1975.5 2027 1924 0.5 1 0 0.00025974025974 0.000519480519481 0.0 1 1
2099.0 2116 2082 0.5 1 0 0.000236183278224 0.000472366556448 0.0 1 1
1855.0 1855 1855 0.0 0 0 0.0 0.0 0.0 0 1
1189.772 1946 779 118.931 275 1 0.0955384085084 0.2 0.000513610683102 999 1
2103.0 2103 2103 0.0 0 0 0.0 0.0 0.0 0 1
1994.33333333 2015 1974 0.666666666667 2 0 0.000334001336005 0.00100200400802 0.0 2 1
1858.91836735 2005 1707 5.30612244898 15 0 0.00284863613788 0.0082281952825 0.0 48 1
2221.75 2236 2201 0.75 2 0 0.000335320655752 0.000893655049151 0.0 3 1
2217.5 2265 2192 0.25 1 0 0.000110326566637 0.000441306266549 0.0 3 1
2190.0 2292 2062 0.666666666667 1 0 0.000296121940583 0.000456621004566 0.0 5 1
2101.0 2103 2099 0.5 1 0 0.000238095238095 0.00047619047619 0.0 1 1
2162.5 2171 2154 0.5 1 0 0.000230202578269 0.000460405156538 0.0 1 1
1994.0 1994 1994 0.0 0 0 0.0 0.0 0.0 0 1
1954.0 2016 1914 1.25 2 0 0.000632726434816 0.00102249488753 0.0 3 1
2063.0 2063 2063 0.0 0 0 0.0 0.0 0.0 0 1
1942.0 1942 1942 0.0 0 0 0.0 0.0 0.0 0 1
2129.0 2180 2082 0.4 1 0 0.000186443056658 0.000468823253633 0.0 4 1
1973.33333333 2028 1892 0.666666666667 1 0 0.000342670714299 0.000528262017961 0.0 2 1
2043.42857143 2077 1987 1.57142857143 5 0 0.000771869538408 0.00244379276637 0.0 6 1
1958.0 1958 1958 0.0 0 0 0.0 0.0 0.0 0 1
1955.16666667 2006 1874 1.0 3 0 0.000503156820295 0.00149328023892 0.0 5 1
1912.76923077 2045 1814 2.0 5 0 0.00103619753227 0.00257466529351 0.0 12 1
2012.0 2012 2012 0.0 0 0 0.0 0.0 0.0 0 1
2126.33333333 2132 2116 0.666666666667 1 0 0.000313803236139 0.000472366556448 0.0 2 1
2012.71428571 2074 1943 1.14285714286 3 0 0.000562069832699 0.00144439094848 0.0 6 1
1905.0 1905 1905 0.0 0 0 0.0 0.0 0.0 0 1
2108.5 2142 2075 0.0 0 0 0.0 0.0 0.0 1 1
2147.0 2273 2006 0.2 1 0 9.02934537246e-05 0.000451467268623 0.0 4 1
1204.86 1973 821 117.744 276 2 0.0934231625257 0.223662884927 0.00102145045965 999 1
2110.5 2111 2110 0.0 0 0 0.0 0.0 0.0 1 1
2128.0 2128 2128 0.0 0 0 0.0 0.0 0.0 0 1
2023.71428571 2111 1942 0.428571428571 1 0 0.000212757813307 0.000514668039115 0.0 6 1
1981.08333333 2031 1898 2.58333333333 5 0 0.00130503047101 0.00252525252525 0.0 11 1
1962.66666667 2006 1925 0.333333333333 1 0 0.000166085367879 0.000498256103637 0.0 2 1
2142.0 2142 2142 0.0 0 0 0.0 0.0 0.0 0 1
1986.07692308 2058 1910 2.53846153846 7 0 0.00126895036364 0.00352467270896 0.0 12 1
1942.45454545 2057 1834 1.09090909091 3 0 0.000547813860417 0.00150753768844 0.0 10 1
1182.364 2082 833 123.951 248 0 0.0983196877923 0.185283687943 0.0 999 1
1989.33333333 2019 1952 1.0 2 0 0.000504177673407 0.00100050025013 0.0 2 1
2035.83333333 2085 1982 0.666666666667 2 0 0.00032020677791 0.000962927298989 0.0 5 1
2062.0 2062 2062 0.0 0 0 0.0 0.0 0.0 0 1
2053.0 2053 2053 0.0 0 0 0.0 0.0 0.0 0 1
2041.0 2050 2032 0.5 1 0 0.000243783520234 0.000487567040468 0.0 1 1
1967.0 1967 1967 0.0 0 0 0.0 0.0 0.0 0 1
2058.1 2214 1963 3.3 9 0 0.00161763788642 0.00456389452333 0.0 9 1
2107.5 2123 2092 0.5 1 0 0.000235404896422 0.000470809792844 0.0 1 1
1967.0 1967 1967 0.0 0 0 0.0 0.0 0.0 0 1
2341.33333333 2363 2299 0.0 0 0 0.0 0.0 0.0 2 1
2001.5 2004 1999 0.5 1 0 0.000249376558603 0.000498753117207 0.0 1 1
2059.0 2059 2059 0.0 0 0 0.0 0.0 0.0 0 1
1908.75 2024 1834 1.375 3 0 0.000719542582773 0.00154718927282 0.0 15 1
2027.83333333 2092 1975 1.16666666667 3 0 0.000570863174725 0.00146198830409 0.0 5 1
2044.0 2044 2044 0.0 0 0 0.0 0.0 0.0 0 1
2127.5 2171 2036 0.833333333333 2 0 0.000391835353685 0.000920386562356 0.0 5 1
2146.66666667 2167 2135 0.333333333333 1 0 0.000155836060464 0.000467508181393 0.0 2 1
2038.75 2186 1939 0.25 1 0 0.000120895848752 0.000499001996008 0.0 7 1
2082.5 2127 2038 0.5 1 0 0.000234962406015 0.00046992481203 0.0 1 1
1978.0 1978 1978 0.0 0 0 0.0 0.0 0.0 0 1
2123.0 2123 2123 0.0 0 0 0.0 0.0 0.0 0 1
2093.0 2093 2093 0.0 0 0 0.0 0.0 0.0 0 1
2142.0 2142 2142 0.0 0 0 0.0 0.0 0.0 0 1
2118.0 2118 2118 0.0 0 0 0.0 0.0 0.0 0 1
1880.0 1880 1880 0.0 0 0 0.0 0.0 0.0 0 1
2148.33333333 2175 2118 0.333333333333 1 0 0.00015318627451 0.000459558823529 0.0 2 1
1190.622 2251 821 116.67 282 0 0.0925829511584 0.221043324492 0.0 999 1
2042.0 2042 2042 0.0 0 0 0.0 0.0 0.0 0 1
1937.0 1937 1937 0.0 0 0 0.0 0.0 0.0 0 1
2087.66666667 2140 2022 0.333333333333 1 0 0.000164771791069 0.000494315373208 0.0 2 1
2029.33333333 2101 1970 1.0 2 0 0.000491239487844 0.000996512207275 0.0 5 1
1992.66666667 2020 1976 0.0 0 0 0.0 0.0 0.0 2 1
2019.5 2079 1941 0.5 1 0 0.000246359223301 0.0005 0.0 3 1
2091.6 2155 2021 1.0 2 0 0.000471852514583 0.000927213722763 0.0 4 1
1961.33333333 2072 1859 0.333333333333 1 0 0.000168210509586 0.000526870389884 0.0 5 1
2108.0 2108 2108 0.0 0 0 0.0 0.0 0.0 0 1
2021.0 2021 2021 0.0 0 0 0.0 0.0 0.0 0 1
1892.9375 2053 1757 2.0 6 0 0.00103167329946 0.00303797468354 0.0 15 1
1959.0 1959 1959 0.0 0 0 0.0 0.0 0.0 0 1
2156.0 2156 2156 0.0 0 0 0.0 0.0 0.0 0 1
2004.0 2004 2004 0.0 0 0 0.0 0.0 0.0 0 1
1963.0 2090 1887 2.57142857143 5 0 0.00133721551274 0.00264270613108 0.0 6 1
1987.33333333 2019 1925 0.333333333333 1 0 0.000165098233449 0.000495294700347 0.0 2 1
1202.055 2185 794 115.074 342 3 0.0889172355232 0.252245508982 0.00137111517367 999 1
2106.0 2127 2064 0.333333333333 1 0 0.00015664160401 0.00046992481203 0.0 2 1
2128.0 2128 2128 0.0 0 0 0.0 0.0 0.0 0 1
1934.0 1934 1934 0.0 0 0 0.0 0.0 0.0 0 1
2039.53333333 2236 1892 1.23333333333 5 0 0.000604188646784 0.00243309002433 0.0 29 1
1912.0 1912 1912 0.0 0 0 0.0 0.0 0.0 0 1
2023.0 2023 2023 0.0 0 0 0.0 0.0 0.0 0 1
2125.0 2125 2125 0.0 0 0 0.0 0.0 0.0 0 1
2004.5 2179 1868 1.8 6 0 0.000903372505562 0.00306278713629 0.0 19 1
2123.28571429 2206 2047 2.35714285714 4 0 0.00110568747243 0.00195026816187 0.0 13 1
1977.0 1977 1977 0.0 0 0 0.0 0.0 0.0 0 1
1197.843 2173 853 114.395 232 0 0.0906159607924 0.204484304933 0.0 999 1
1905.0 1905 1905 0.0 0 0 0.0 0.0 0.0 0 1
2102.25 2142 2064 0.5 1 0 0.000239604967526 0.000484261501211 0.0 3 1
2094.33333333 2198 2000 0.666666666667 2 0 0.000316729216946 0.000954198473282 0.0 5 1
1982.33333333 1997 1968 0.666666666667 1 0 0.000334928978398 0.000504286434695 0.0 2 1
1991.83333333 2032 1962 1.33333333333 4 0 0.000663853680221 0.00196463654224 0.0 5 1
1935.60606061 2081 1818 5.45454545455 16 0 0.00278417599168 0.00798004987531 0.0 32 1
2040.0 2157 1910 1.5 5 0 0.000722773423815 0.0023786869648 0.0 9 1
2123.0 2181 2078 1.1 2 0 0.000517373775029 0.000954653937947 0.0 9 1
1943.0 1943 1943 0.0 0 0 0.0 0.0 0.0 0 1
2237.66666667 2239 2236 1.0 2 0 0.000446428571429 0.000892857142857 0.0 2 1
2019.0 2019 2019 0.0 0 0 0.0 0.0 0.0 0 1
2165.0 2232 2098 0.5 1 0 0.000223914017017 0.000447828034035 0.0 1 1
2092.0 2092 2092 0.0 0 0 0.0 0.0 0.0 0 1
1931.28571429 2066 1824 1.0 2 0 0.00050622986037 0.00101936799185 0.0 6 1
1925.0 1925 1925 0.0 0 0 0.0 0.0 0.0 0 1
1999.0 1999 1999 0.0 0 0 0.0 0.0 0.0 0 1
2100.0 2100 2100 0.0 0 0 0.0 0.0 0.0 0 1
1817.28205128 2025 1658 5.5641025641 16 0 0.00308929905554 0.00874794969929 0.0 38 1
1886.0 1886 1886 0.0 0 0 0.0 0.0 0.0 0 1
2030.33333333 2072 1990 0.333333333333 1 0 0.000164203612479 0.000492610837438 0.0 2 1
2157.0 2157 2157 0.0 0 0 0.0 0.0 0.0 0 1
2070.375 2153 1964 1.875 4 0 0.000889862980827 0.00192215281115 0.0 7 1
2177.61538462 2333 1907 1.53846153846 5 0 0.000693531196548 0.00219683655536 0.0 12 1
2017.875 2069 1960 0.875 2 0 0.000433699838265 0.000965717044906 0.0 7 1
2008.0 2031 1985 1.0 2 0 0.000491883915396 0.000983767830792 0.0 1 1
1916.42857143 1992 1854 1.42857142857 5 0 0.000751058584378 0.00268096514745 0.0 6 1
2140.5 2146 2135 0.0 0 0 0.0 0.0 0.0 1 1
2146.0 2146 2146 0.0 0 0 0.0 0.0 0.0 0 1
1988.0 1988 1988 0.0 0 0 0.0 0.0 0.0 0 1
1191.152 2035 874 119.706 245 0 0.0948669424471 0.201842546064 0.0 999 1
1877.0 1877 1877 0.0 0 0 0.0 0.0 0.0 0 1
2134.0 2134 2134 0.0 0 0 0.0 0.0 0.0 0 1
2099.5 2127 2072 0.5 1 0 0.000234962406015 0.00046992481203 0.0 1 1
1940.0 1976 1898 0.0 0 0 0.0 0.0 0.0 2 1
1972.33333333 2036 1909 2.7619047619 10 0 0.00140215851968 0.00502512562814 0.0 20 1
2007.75 2094 1944 0.5 1 0 0.000242666720043 0.000493339911199 0.0 3 1
2132.0 2154 2110 1.0 2 0 0.000463821892393 0.000927643784787 0.0 1 1
2012.0 2012 2012 0.0 0 0 0.0 0.0 0.0 0 1
2008.0 2032 1966 0.666666666667 1 0 0.000328407942198 0.000493339911199 0.0 2 1
1173.279 2009 847 122.171 278 0 0.0968908271949 0.198146828225 0.0 999 1
2151.0 2151 2151 0.0 0 0 0.0 0.0 0.0 0 1
2059.0 2090 2028 0.0 0 0 0.0 0.0 0.0 1 1
2087.5 2096 2079 1.0 2 0 0.000480538202787 0.000961076405574 0.0 1 1
2095.0 2095 2095 0.0 0 0 0.0 0.0 0.0 0 1
2007.0 2007 2007 0.0 0 0 0.0 0.0 0.0 0 1
1175.581 2096 812 128.62 295 0 0.101725973309 0.24795640327 0.0 999 1
2138.0 2138 2138 0.0 0 0 0.0 0.0 0.0 0 1
2035.33333333 2061 2007 0.333333333333 1 0 0.000163478829492 0.000490436488475 0.0 2 1
2079.0 2128 2034 0.4 1 0 0.00019380736637 0.000487804878049 0.0 4 1
2218.0 2218 2218 0.0 0 0 0.0 0.0 0.0 0 1
2104.4 2183 1936 0.8 2 0 0.000377349627326 0.000962927298989 0.0 4 1
2092.0 2148 2040 1.16666666667 3 0 0.000552251065154 0.00139470013947 0.0 5 1
2190.0 2190 2190 0.0 0 0 0.0 0.0 0.0 0 1
1972.75 2054 1907 1.0 2 0 0.000497531006636 0.000972762645914 0.0 3 1
2109.0 2109 2109 0.0 0 0 0.0 0.0 0.0 0 1
1939.0 1939 1939 0.0 0 0 0.0 0.0 0.0 0 1
2083.5 2104 2063 0.0 0 0 0.0 0.0 0.0 1 1
1993.0 2041 1956 1.0 2 0 0.000501330130196 0.00101884870097 0.0 4 1
2128.22222222 2277 1996 0.666666666667 1 0 0.000309860799043 0.000475737392959 0.0 8 1
1897.5 1916 1879 0.5 1 0 0.000260824204486 0.000521648408972 0.0 1 1
2139.0 2153 2125 0.5 1 0 0.000235183443086 0.000470366886171 0.0 1 1
2047.75 2155 1956 2.375 8 0 0.00115464249811 0.00390243902439 0.0 31 1
1927.5 1951 1904 0.5 1 0 0.000256147540984 0.000512295081967 0.0 1 1
1162.578 2088 802 128.652 241 0 0.102480771822 0.195507487521 0.0 999 1
2114.0 2114 2114 0.0 0 0 0.0 0.0 0.0 0 1
1960.0 1969 1951 0.0 0 0 0.0 0.0 0.0 1 1
2101.0 2101 2101 0.0 0 0 0.0 0.0 0.0 0 1
2123.4 2205 2068 0.2 1 0 9.51474785918e-05 0.000475737392959 0.0 4 1
2131.0 2131 2131 0.0 0 0 0.0 0.0 0.0 0 1
1967.0 2075 1894 0.777777777778 2 0 0.000394945573303 0.00101368474404 0.0 8 1
2192.0 2192 2192 0.0 0 0 0.0 0.0 0.0 0 1
2044.0 2044 2044 0.0 0 0 0.0 0.0 0.0 0 1
2035.0 2037 2033 0.5 1 0 0.000245821042281 0.000491642084562 0.0 1 1
1843.0 1880 1826 1.25 2 0 0.000674027828337 0.00108636610538 0.0 3 1
2130.0 2178 2102 1.0 2 0 0.000474160290494 0.00094696969697 0.0 2 1
1990.0 2017 1940 1.0 2 0 0.000496031990006 0.000992555831266 0.0 2 1
2191.0 2191 2191 0.0 0 0 0.0 0.0 0.0 0 1
2109.0 2135 2083 0.5 1 0 0.000234082397004 0.000468164794007 0.0 1 1
1902.5 1916 1889 0.5 1 0 0.00026455026455 0.000529100529101 0.0 1 1
2186.0 2186 2186 0.0 0 0 0.0 0.0 0.0 0 1
1988.5 1996 1981 0.0 0 0 0.0 0.0 0.0 1 1
1992.0 1992 1992 0.0 0 0 0.0 0.0 0.0 0 1
2095.0 2095 2095 0.0 0 0 0.0 0.0 0.0 0 1
2010.0 2010 2010 0.0 0 0 0.0 0.0 0.0 0 1
2009.0 2009 2009 0.0 0 0 0.0 0.0 0.0 0 1
2189.0 2189 2189 0.0 0 0 0.0 0.0 0.0 0 1
2137.0 2166 2090 0.666666666667 1 0 0.000314020656304 0.000478240076518 0.0 2 1
2072.0 2072 2072 0.0 0 0 0.0 0.0 0.0 0 1
1917.5 1930 1905 0.5 1 0 0.000258933195236 0.000517866390471 0.0 1 1
2219.0 2237 2201 0.5 1 0 0.000227066303361 0.000454132606721 0.0 1 1
2001.66666667 2011 1985 0.333333333333 1 0 0.00016784155757 0.000503524672709 0.0 2 1
1881.5 1921 1842 0.0 0 0 0.0 0.0 0.0 1 1
1830.91891892 1964 1732 3.40540540541 12 0 0.00183877803456 0.00611932687404 0.0 36 1
2049.28571429 2116 2003 0.571428571429 2 0 0.000275160442379 0.000981836033382 0.0 6 1
2026.5 2072 1973 1.0 2 0 0.000490139946131 0.000975134080936 0.0 5 1
1949.0 1949 1949 0.0 0 0 0.0 0.0 0.0 0 1
2065.0 2065 2065 0.0 0 0 0.0 0.0 0.0 0 1
2063.0 2080 2046 0.5 1 0 0.000244259892526 0.000488519785051 0.0 1 1
2175.0 2175 2175 0.0 0 0 0.0 0.0 0.0 0 1
1996.33333333 2020 1980 0.0 0 0 0.0 0.0 0.0 2 1
2127.0 2186 2075 0.5 2 0 0.000239578342118 0.000958313368471 0.0 3 1
2082.6 2118 2022 0.8 2 0 0.000380716190504 0.000947867298578 0.0 4 1
2086.75 2157 2046 0.5 1 0 0.000237207230715 0.000485436893204 0.0 3 1
2084.14285714 2139 2005 0.714285714286 2 0 0.000344814897159 0.000958772770853 0.0 6 1
1846.0 1914 1773 1.73333333333 4 0 0.000928063115374 0.00214592274678 0.0 14 1
2041.0 2041 2041 0.0 0 0 0.0 0.0 0.0 0 1
2040.71428571 2145 1986 0.714285714286 2 0 0.000347381025222 0.000967117988395 0.0 6 1
2004.0 2004 2004 0.0 0 0 0.0 0.0 0.0 0 1
1877.0 1877 1877 0.0 0 0 0.0 0.0 0.0 0 1
2059.33333333 2111 2033 1.0 2 0 0.000484921710018 0.000967117988395 0.0 5 1
2108.5 2166 2061 1.16666666667 3 0 0.000548791549999 0.00138312586445 0.0 5 1
1991.0 2000 1982 0.5 1 0 0.000249875062469 0.000499750124938 0.0 1 1
2100.0 2100 2100 0.0 0 0 0.0 0.0 0.0 0 1
1900.5 1904 1897 1.5 3 0 0.000786575773466 0.00157315154693 0.0 1 1
2001.11111111 2121 1844 1.33333333333 3 0 0.000660104242643 0.00152129817444 0.0 8 1
2240.0 2240 2240 0.0 0 0 0.0 0.0 0.0 0 1
2062.0 2062 2062 0.0 0 0 0.0 0.0 0.0 0 1
1875.2 1952 1841 1.2 3 0 0.000632188469268 0.00159744408946 0.0 4 1
2092.0 2096 2088 0.5 1 0 0.000238435860753 0.000476871721507 0.0 1 1
2001.0 2100 1920 1.5 2 0 0.000761965722976 0.00104058272633 0.0 3 1
2022.0 2022 2022 0.0 0 0 0.0 0.0 0.0 0 1
1928.22222222 1985 1867 1.11111111111 3 0 0.000577584735549 0.00156087408949 0.0 8 1
1939.5 2094 1781 0.5 1 0 0.000252132875703 0.000518941359626 0.0 5 1
2131.0 2146 2116 0.0 0 0 0.0 0.0 0.0 1 1
2135.0 2135 2135 0.0 0 0 0.0 0.0 0.0 0 1
1872.6875 2013 1746 1.875 4 0 0.000987406271461 0.00216099405727 0.0 15 1
1956.77777778 2027 1915 0.666666666667 2 0 0.000340174937597 0.00102040816327 0.0 8 1
1894.0 1912 1883 0.666666666667 1 0 0.000353482193194 0.000530785562633 0.0 2 1
1950.0 1950 1950 0.0 0 0 0.0 0.0 0.0 0 1
2177.0 2177 2177 0.0 0 0 0.0 0.0 0.0 0 1
1962.86363636 2156 1784 2.40909090909 7 0 0.00124886841518 0.00367261280168 0.0 21 1
2257.66666667 2278 2226 1.0 2 0 0.000439819417064 0.000880669308675 0.0 2 1
2142.0 2142 2142 0.0 0 0 0.0 0.0 0.0 0 1
1987.0 1987 1987 0.0 0 0 0.0 0.0 0.0 0 1
2074.0 2074 2074 0.0 0 0 0.0 0.0 0.0 0 1
1939.33333333 1972 1893 0.666666666667 1 0 0.00034386864141 0.000527983104541 0.0 5 1
2054.0 2101 1936 1.25 2 0 0.000597064713347 0.000959232613909 0.0 3 1
2024.5 2038 2009 0.5 1 0 0.000245761831478 0.000492610837438 0.0 3 1
1860.0 1860 1860 0.0 0 0 0.0 0.0 0.0 0 1
2055.0 2097 2026 0.8 1 0 0.000389404827547 0.000493339911199 0.0 4 1
2201.0 2201 2201 0.0 0 0 0.0 0.0 0.0 0 1
2133.25 2210 2028 0.25 1 0 0.000116117045982 0.000464468183929 0.0 3 1
2202.0 2202 2202 0.0 0 0 0.0 0.0 0.0 0 1
2167.5 2187 2148 0.5 1 0 0.000232666356445 0.00046533271289 0.0 1 1
1967.5 1990 1917 1.25 2 0 0.000637626468045 0.00104220948411 0.0 3 1
2038.5 2043 2034 0.5 1 0 0.0002457002457 0.0004914004914 0.0 1 1
1224.071 2146 805 112.754 260 1 0.0883532258689 0.1961414791 0.00046685340803 999 1
2122.0 2122 2122 0.0 0 0 0.0 0.0 0.0 0 1
1947.54545455 2002 1901 1.81818181818 5 0 0.000937881851056 0.00262329485834 0.0 10 1
2128.2 2180 2074 0.4 1 0 0.000186803289465 0.000475511174513 0.0 4 1
2221.0 2221 2221 0.0 0 0 0.0 0.0 0.0 0 1
2005.0 2005 2005 0.0 0 0 0.0 0.0 0.0 0 1
2107.0 2107 2107 0.0 0 0 0.0 0.0 0.0 0 1
2095.0 2095 2095 0.0 0 0 0.0 0.0 0.0 0 1
2121.0 2121 2121 0.0 0 0 0.0 0.0 0.0 0 1
2157.0 2157 2157 0.0 0 0 0.0 0.0 0.0 0 1
2117.0 2216 2030 0.0 0 0 0.0 0.0 0.0 4 1
2121.0 2139 2103 0.5 1 0 0.000233644859813 0.000467289719626 0.0 1 1
1974.0 1974 1974 0.0 0 0 0.0 0.0 0.0 0 1
2123.0 2123 2123 0.0 0 0 0.0 0.0 0.0 0 1
1985.0 1985 1985 0.0 0 0 0.0 0.0 0.0 0 1
2146.5 2210 2107 0.0 0 0 0.0 0.0 0.0 3 1
2073.0 2138 2020 0.25 1 0 0.000116877045348 0.000467508181393 0.0 3 1
2061.5 2075 2048 0.0 0 0 0.0 0.0 0.0 1 1
1214.067 2188 849 117.901 249 1 0.092227847342 0.206467661692 0.000456829602558 999 1
2022.0 2022 2022 0.0 0 0 0.0 0.0 0.0 0 1
2180.0 2180 2180 0.0 0 0 0.0 0.0 0.0 0 1
1197.62 2082 888 120.581 256 4 0.093987850943 0.176554681916 0.00191754554171 999 1
2062.0 2080 2044 0.25 1 0 0.000121124031008 0.000484496124031 0.0 3 1
2046.0 2046 2046 0.0 0 0 0.0 0.0 0.0 0 1
2054.0 2178 1957 0.555555555556 2 0 0.000279577703295 0.00102092904543 0.0 8 1
2208.0 2241 2175 0.0 0 0 0.0 0.0 0.0 1 1
1978.57142857 2030 1906 1.28571428571 4 0 0.000656141152759 0.0020942408377 0.0 6 1
1966.0 1966 1966 0.0 0 0 0.0 0.0 0.0 0 1
2185.5 2211 2160 0.0 0 0 0.0 0.0 0.0 1 1
1963.66666667 2003 1943 0.0 0 0 0.0 0.0 0.0 2 1
1947.0 1947 1947 0.0 0 0 0.0 0.0 0.0 0 1
1987.0 1987 1987 0.0 0 0 0.0 0.0 0.0 0 1
1989.0 1989 1989 0.0 0 0 0.0 0.0 0.0 0 1
