2031.0 2031 2031 0.0 0 0 0.0 0.0 0.0 0 1
1998.0 2014 1982 0.5 1 0 0.000248138957816 0.000496277915633 0.0 1 1
2126.66666667 2192 2068 0.666666666667 2 0 0.00030385900942 0.000911577028259 0.0 2 1
2145.0 2171 2102 0.333333333333 1 0 0.000154106950223 0.00046232085067 0.0 2 1
2081.4 2125 2045 0.8 1 0 0.000382575577403 0.00048828125 0.0 4 1
2132.0 2173 2081 0.666666666667 1 0 0.000313429665823 0.000480307396734 0.0 2 1
2209.0 2209 2209 0.0 0 0 0.0 0.0 0.0 0 1
2039.0 2082 2002 0.0 0 0 0.0 0.0 0.0 2 1
2040.0 2066 2014 0.5 1 0 0.000241896468312 0.000483792936623 0.0 1 1
2011.5 2018 2005 0.5 1 0 0.000247647350173 0.000495294700347 0.0 1 1
2033.33333333 2111 1991 0.333333333333 1 0 0.000157828282828 0.000473484848485 0.0 2 1
2019.0 2019 2019 0.0 0 0 0.0 0.0 0.0 0 1
2040.5 2043 2038 0.5 1 0 0.000245218244237 0.000490436488475 0.0 1 1
2118.6 2158 2061 0.4 1 0 0.000189521932944 0.000480538202787 0.0 4 1
2199.0 2199 2199 0.0 0 0 0.0 0.0 0.0 0 1
1888.0 1888 1888 0.0 0 0 0.0 0.0 0.0 0 1
2124.0 2124 2124 0.0 0 0 0.0 0.0 0.0 0 1
2393.0 2439 2341 1.0 2 0 0.000418457739989 0.000825082508251 0.0 3 1
1936.14285714 2062 1872 1.0 2 0 0.000522113532056 0.00104657247514 0.0 6 1
2256.0 2256 2256 0.0 0 0 0.0 0.0 0.0 0 1
2096.0 2122 2056 0.25 1 0 0.000118595825427 0.000474383301708 0.0 3 1
1987.66666667 2034 1915 0.666666666667 1 0 0.000329226135678 0.000496277915633 0.0 2 1
1979.12121212 2200 1854 1.90909090909 6 0 0.000973797914685 0.00309757356737 0.0 32 1
2045.0 2045 2045 0.0 0 0 0.0 0.0 0.0 0 1
2169.5 2175 2164 0.5 1 0 0.000230946882217 0.000461893764434 0.0 1 1
2046.0 2087 2006 0.666666666667 1 0 0.00032256191878 0.000488758553275 0.0 2 1
2053.0 2053 2053 0.0 0 0 0.0 0.0 0.0 0 1
2111.0 2111 2111 0.0 0 0 0.0 0.0 0.0 0 1
2016.0 2016 2016 0.0 0 0 0.0 0.0 0.0 0 1
2132.5 2134 2131 0.5 1 0 0.000234192037471 0.000468384074941 0.0 1 1
2101.5 2117 2086 0.5 1 0 0.000236071765817 0.000472143531634 0.0 1 1
2193.0 2202 2184 0.5 1 0 0.000228832951945 0.00045766590389 0.0 1 1
2168.0 2200 2133 0.666666666667 1 0 0.000304914697795 0.000460405156538 0.0 2 1
1919.84210526 2049 1806 1.89473684211 6 0 0.000974840107228 0.00298210735586 0.0 18 1
2052.5 2091 2014 1.5 3 0 0.000724049764879 0.00145067698259 0.0 3 1
2058.88888889 2095 1985 1.77777777778 4 0 0.000858122694693 0.00193236714976 0.0 8 1
2087.0 2087 2087 0.0 0 0 0.0 0.0 0.0 0 1
2095.66666667 2152 1976 1.0 2 0 0.000474191068092 0.000973709834469 0.0 5 1
1985.0 1985 1985 0.0 0 0 0.0 0.0 0.0 0 1
2236.33333333 2252 2220 0.333333333333 1 0 0.000147950880308 0.000443852640923 0.0 2 1
2004.0 2047 1961 0.0 0 0 0.0 0.0 0.0 1 1
2129.5 2177 2085 0.25 1 0 0.000114784205693 0.000459136822773 0.0 3 1
2068.16666667 2155 1978 1.16666666667 3 0 0.00056328208527 0.00139990667289 0.0 11 1
1942.33333333 1977 1908 0.333333333333 1 0 0.000171556013038 0.000514668039115 0.0 2 1
1952.5 1982 1896 0.5 1 0 0.000254014290352 0.000511770726714 0.0 3 1
2000.33333333 2061 1956 1.33333333333 2 0 0.00067616660169 0.00102145045965 0.0 2 1
1936.0 1973 1889 1.5 3 0 0.000775108809313 0.00158562367865 0.0 7 1
1998.33333333 2094 1925 0.333333333333 1 0 0.000159108989658 0.000477326968974 0.0 2 1
2084.77777778 2178 1955 0.555555555556 1 0 0.000264426444289 0.00050994390617 0.0 8 1
1964.0 1964 1964 0.0 0 0 0.0 0.0 0.0 0 1
2070.0 2070 2070 0.0 0 0 0.0 0.0 0.0 0 1
2033.0 2033 2033 0.0 0 0 0.0 0.0 0.0 0 1
2159.0 2159 2159 0.0 0 0 0.0 0.0 0.0 0 1
1964.125 2088 1906 0.5 1 0 0.000257323264814 0.000524383848977 0.0 7 1
2033.8 2231 1934 0.7 3 0 0.000351017634642 0.00147565174619 0.0 9 1
2087.66666667 2104 2069 0.333333333333 1 0 0.000159413358839 0.000478240076518 0.0 2 1
1965.18181818 2055 1906 0.818181818182 2 0 0.000412541344538 0.000993541977149 0.0 10 1
1939.0 2045 1867 0.333333333333 1 0 0.000162919517758 0.000488758553275 0.0 2 1
2139.0 2175 2103 0.5 1 0 0.000237642585551 0.000475285171103 0.0 1 1
1987.0 1987 1987 0.0 0 0 0.0 0.0 0.0 0 1
2097.0 2097 2097 0.0 0 0 0.0 0.0 0.0 0 1
2281.0 2281 2281 0.0 0 0 0.0 0.0 0.0 0 1
1991.33333333 2023 1953 0.666666666667 1 0 0.00033528062432 0.000511770726714 0.0 2 1
2081.5 2119 2044 0.5 1 0 0.000235849056604 0.000471698113208 0.0 1 1
2109.33333333 2141 2088 1.0 2 0 0.000470656352286 0.000933271115259 0.0 2 1
2069.75 2142 2022 2.0 4 0 0.000975761723242 0.00193423597679 0.0 3 1
1911.125 1983 1804 2.75 5 0 0.00144626624523 0.00267379679144 0.0 7 1
2088.5 2098 2079 0.0 0 0 0.0 0.0 0.0 1 1
2153.14285714 2250 2043 1.14285714286 3 0 0.000520839465106 0.00133155792277 0.0 6 1
2049.0 2059 2044 0.333333333333 1 0 0.000161812297735 0.000485436893204 0.0 2 1
2033.0 2033 2033 0.0 0 0 0.0 0.0 0.0 0 1
2035.0 2037 2033 0.5 1 0 0.000245338567223 0.000490677134446 0.0 1 1
1997.0 1997 1997 0.0 0 0 0.0 0.0 0.0 0 1
2129.0 2129 2129 0.0 0 0 0.0 0.0 0.0 0 1
2173.0 2173 2173 0.0 0 0 0.0 0.0 0.0 0 1
1937.0 1937 1937 0.0 0 0 0.0 0.0 0.0 0 1
2237.0 2237 2237 0.0 0 0 0.0 0.0 0.0 0 1
2044.375 2121 1977 0.625 2 0 0.000300757048749 0.000969461948619 0.0 7 1
2066.0 2066 2066 0.0 0 0 0.0 0.0 0.0 0 1
2118.42857143 2182 2019 1.14285714286 3 0 0.000530386925347 0.00137299771167 0.0 6 1
2206.0 2206 2206 0.0 0 0 0.0 0.0 0.0 0 1
1955.55555556 2054 1878 1.55555555556 4 0 0.000785077795303 0.00203148806501 0.0 8 1
2060.0 2066 2054 0.0 0 0 0.0 0.0 0.0 1 1
2145.0 2145 2145 0.0 0 0 0.0 0.0 0.0 0 1
2034.0 2034 2034 0.0 0 0 0.0 0.0 0.0 0 1
1977.0 1977 1977 0.0 0 0 0.0 0.0 0.0 0 1
2059.81818182 2142 1992 2.81818181818 7 0 0.00136694888648 0.00342633382281 0.0 10 1
2052.0 2052 2052 0.0 0 0 0.0 0.0 0.0 0 1
2061.0 2117 2001 1.44444444444 4 0 0.000693322668277 0.00193892389724 0.0 8 1
2025.5 2047 2004 1.0 2 0 0.000488042947779 0.000976085895559 0.0 1 1
2135.66666667 2172 2093 0.666666666667 1 0 0.000312582733331 0.000477554918816 0.0 2 1
2001.0 2001 2001 0.0 0 0 0.0 0.0 0.0 0 1
2074.75 2144 1977 0.75 1 0 0.000355784621079 0.000478697941599 0.0 3 1
2083.0 2124 2042 0.5 1 0 0.000235294117647 0.000470588235294 0.0 1 1
2217.0 2217 2217 0.0 0 0 0.0 0.0 0.0 0 1
1995.0 2147 1839 1.3 2 0 0.000640264103667 0.00100401606426 0.0 9 1
2123.0 2123 2123 0.0 0 0 0.0 0.0 0.0 0 1
2192.0 2192 2192 0.0 0 0 0.0 0.0 0.0 0 1
1991.0 1991 1991 0.0 0 0 0.0 0.0 0.0 0 1
2029.42857143 2149 1948 1.35714285714 3 0 0.000665650095806 0.00150905432596 0.0 13 1
1897.5 1898 1897 0.0 0 0 0.0 0.0 0.0 1 1
1973.0 2041 1935 1.0 2 0 0.000505874077412 0.0010183299389 0.0 4 1
2086.0 2097 2075 1.0 2 0 0.000476417341591 0.000952834683182 0.0 1 1
2172.0 2217 2127 0.5 1 0 0.000225428313796 0.000450856627592 0.0 1 1
2060.25 2279 1921 1.58333333333 3 0 0.000770893872487 0.00154241645244 0.0 11 1
2020.66666667 2034 2004 0.333333333333 1 0 0.000164609053498 0.000493827160494 0.0 2 1
2036.0 2072 2011 0.8 2 0 0.0003905960263 0.000964320154291 0.0 4 1
2254.66666667 2287 2218 0.666666666667 1 0 0.000295905461521 0.000450653447499 0.0 2 1
1977.33333333 2036 1915 0.333333333333 1 0 0.000163639338897 0.000490918016691 0.0 2 1
2142.0 2142 2142 0.0 0 0 0.0 0.0 0.0 0 1
2100.4 2135 2058 0.6 1 0 0.00028518557281 0.000479846449136 0.0 4 1
2013.0 2013 2013 0.0 0 0 0.0 0.0 0.0 0 1
2077.0 2085 2073 0.333333333333 1 0 0.000160720025715 0.000482160077146 0.0 2 1
1957.0 1962 1952 0.0 0 0 0.0 0.0 0.0 1 1
2106.0 2106 2106 0.0 0 0 0.0 0.0 0.0 0 1
2072.0 2094 2039 0.75 1 0 0.000359890519138 0.000481927710843 0.0 3 1
1981.0 1981 1981 0.0 0 0 0.0 0.0 0.0 0 1
2122.0 2122 2122 0.0 0 0 0.0 0.0 0.0 0 1
2095.0 2095 2095 0.0 0 0 0.0 0.0 0.0 0 1
1957.0 1957 1957 0.0 0 0 0.0 0.0 0.0 0 1
2016.0 2016 2016 0.0 0 0 0.0 0.0 0.0 0 1
2179.0 2179 2179 0.0 0 0 0.0 0.0 0.0 0 1
2124.0 2124 2124 0.0 0 0 0.0 0.0 0.0 0 1
1876.8 2014 1813 1.0 2 0 0.000532860874262 0.00110192837466 0.0 4 1
2068.0 2068 2068 0.0 0 0 0.0 0.0 0.0 0 1
2168.0 2168 2168 0.0 0 0 0.0 0.0 0.0 0 1
2166.0 2176 2156 0.0 0 0 0.0 0.0 0.0 1 1
1832.46666667 1894 1783 2.4 5 0 0.00131077483854 0.00271591526344 0.0 14 1
2122.0 2169 2075 0.5 1 0 0.000230414746544 0.000460829493088 0.0 1 1
2063.0952381 2113 1937 1.42857142857 3 0 0.00068997393675 0.0014888337469 0.0 20 1
1924.0 1924 1924 0.0 0 0 0.0 0.0 0.0 0 1
2141.0 2202 2104 0.25 1 0 0.000113481615978 0.000453926463913 0.0 3 1
1994.0 1994 1994 0.0 0 0 0.0 0.0 0.0 0 1
2101.66666667 2147 2074 0.666666666667 1 0 0.000315055218395 0.000479616306954 0.0 2 1
1954.0 1954 1954 0.0 0 0 0.0 0.0 0.0 0 1
1991.25 2007 1977 0.75 1 0 0.000376520425961 0.000505561172902 0.0 3 1
2005.0 2064 1971 0.666666666667 1 0 0.000330453630897 0.000507099391481 0.0 2 1
2210.0 2210 2210 0.0 0 0 0.0 0.0 0.0 0 1
1927.5 1941 1914 0.0 0 0 0.0 0.0 0.0 1 1
2286.0 2286 2286 0.0 0 0 0.0 0.0 0.0 0 1
2053.5 2085 2022 0.5 1 0 0.000239693192713 0.000479386385427 0.0 1 1
2052.0 2052 2052 0.0 0 0 0.0 0.0 0.0 0 1
1964.0 2000 1928 0.5 1 0 0.000259201658891 0.000518403317781 0.0 1 1
2051.0 2051 2051 0.0 0 0 0.0 0.0 0.0 0 1
2032.0 2044 2025 0.333333333333 1 0 0.000164527805199 0.000493583415597 0.0 2 1
1999.0 2014 1984 0.5 1 0 0.000251889168766 0.000503778337531 0.0 1 1
2136.5 2150 2126 1.25 2 0 0.000585599044454 0.00093984962406 0.0 3 1
2060.0 2095 2040 0.666666666667 1 0 0.000326238152414 0.000489955903969 0.0 2 1
1982.0 1982 1982 0.0 0 0 0.0 0.0 0.0 0 1
2090.0 2090 2090 0.0 0 0 0.0 0.0 0.0 0 1
2199.5 2207 2192 0.5 1 0 0.000226449275362 0.000452898550725 0.0 1 1
2039.0 2084 1992 0.75 1 0 0.000369845105399 0.000501756146513 0.0 3 1
2064.75 2124 1986 0.25 1 0 0.000117647058824 0.000470588235294 0.0 3 1
2117.0 2117 2117 0.0 0 0 0.0 0.0 0.0 0 1
1987.0 1987 1987 0.0 0 0 0.0 0.0 0.0 0 1
1976.42857143 2090 1895 0.857142857143 2 0 0.00043447170788 0.00104329681794 0.0 6 1
1974.0 1974 1974 0.0 0 0 0.0 0.0 0.0 0 1
2133.0 2133 2133 0.0 0 0 0.0 0.0 0.0 0 1
2092.66666667 2113 2077 0.666666666667 1 0 0.000318089616893 0.000481231953802 0.0 2 1
1983.8 2037 1930 0.4 1 0 0.000204379729707 0.000517866390471 0.0 4 1
2193.0 2290 2117 0.833333333333 1 0 0.00037812898736 0.000472143531634 0.0 5 1
2014.66666667 2043 1977 0.666666666667 1 0 0.0003276879837 0.000493827160494 0.0 2 1
2205.0 2253 2157 0.0 0 0 0.0 0.0 0.0 1 1
1966.0 1966 1966 0.0 0 0 0.0 0.0 0.0 0 1
2086.0 2112 2056 0.0 0 0 0.0 0.0 0.0 2 1
2049.0 2049 2049 0.0 0 0 0.0 0.0 0.0 0 1
1988.6 2050 1953 0.6 2 0 0.000298619491553 0.0010055304173 0.0 4 1
1928.0 1928 1928 0.0 0 0 0.0 0.0 0.0 0 1
2000.0 2000 2000 0.0 0 0 0.0 0.0 0.0 0 1
1905.33333333 1920 1890 0.666666666667 2 0 0.000346860908776 0.00104058272633 0.0 2 1
2008.5 2017 2000 0.0 0 0 0.0 0.0 0.0 1 1
2056.0 2056 2056 0.0 0 0 0.0 0.0 0.0 0 1
2092.0 2092 2092 0.0 0 0 0.0 0.0 0.0 0 1
2062.0 2062 2062 0.0 0 0 0.0 0.0 0.0 0 1
2043.0 2043 2043 0.0 0 0 0.0 0.0 0.0 0 1
2172.33333333 2198 2155 0.666666666667 1 0 0.000305548641502 0.000461893764434 0.0 2 1
1968.0 2003 1909 0.4 2 0 0.000209314495029 0.00104657247514 0.0 4 1
2117.0 2130 2096 0.666666666667 1 0 0.000315746202559 0.000476871721507 0.0 2 1
2126.5 2171 2098 1.33333333333 3 0 0.000624349590635 0.00139729855612 0.0 5 1
2102.66666667 2139 2082 1.0 2 0 0.000471406578719 0.000934142923867 0.0 2 1
2059.0 2059 2059 0.0 0 0 0.0 0.0 0.0 0 1
2176.0 2176 2176 0.0 0 0 0.0 0.0 0.0 0 1
2052.54545455 2208 1892 2.18181818182 5 0 0.00105999722839 0.00247402276101 0.0 10 1
2148.0 2148 2148 0.0 0 0 0.0 0.0 0.0 0 1
2030.42105263 2182 1933 1.21052631579 4 0 0.000594558651757 0.00193236714976 0.0 18 1
2144.33333333 2246 2106 1.0 2 0 0.000469749639289 0.000945179584121 0.0 5 1
2006.0 2006 2006 0.0 0 0 0.0 0.0 0.0 0 1
2243.33333333 2265 2215 0.333333333333 1 0 0.000148082333778 0.000444247001333 0.0 2 1
2232.0 2232 2232 0.0 0 0 0.0 0.0 0.0 0 1
2059.5 2077 2042 0.0 0 0 0.0 0.0 0.0 1 1
2290.5 2310 2271 0.5 1 0 0.000220070422535 0.00044014084507 0.0 1 1
2093.0 2093 2093 0.0 0 0 0.0 0.0 0.0 0 1
2050.5 2066 2035 0.5 1 0 0.000241896468312 0.000483792936623 0.0 1 1
2200.5 2201 2200 0.5 1 0 0.000227066303361 0.000454132606721 0.0 1 1
1988.0 1988 1988 0.0 0 0 0.0 0.0 0.0 0 1
1985.0 1985 1985 0.0 0 0 0.0 0.0 0.0 0 1
1999.0 1999 1999 0.0 0 0 0.0 0.0 0.0 0 1
2020.5 2030 2011 0.5 1 0 0.000248508946322 0.000497017892644 0.0 1 1
2258.0 2258 2258 0.0 0 0 0.0 0.0 0.0 0 1
2079.5 2126 2033 0.5 1 0 0.000235072872591 0.000470145745181 0.0 1 1
2025.0 2078 1961 1.25 2 0 0.000612338691835 0.000997008973081 0.0 3 1
2058.1 2102 2007 1.3 4 0 0.000628836578639 0.00193517174649 0.0 9 1
2136.2 2151 2128 0.4 1 0 0.000187398020842 0.000469263256687 0.0 4 1
1904.0 1929 1851 1.25 2 0 0.000658501238866 0.00107933081489 0.0 3 1
2008.0 2008 2008 0.0 0 0 0.0 0.0 0.0 0 1
2019.5 2030 2009 0.5 1 0 0.000246184145741 0.000492368291482 0.0 1 1
2176.42857143 2241 2141 1.0 3 0 0.000458872759323 0.00138632162662 0.0 6 1
2184.0 2184 2184 0.0 0 0 0.0 0.0 0.0 0 1
2094.0 2094 2094 0.0 0 0 0.0 0.0 0.0 0 1
1962.0 1962 1962 0.0 0 0 0.0 0.0 0.0 0 1
2112.0 2112 2112 0.0 0 0 0.0 0.0 0.0 0 1
2062.66666667 2085 2021 0.0 0 0 0.0 0.0 0.0 2 1
2083.0 2094 2072 0.0 0 0 0.0 0.0 0.0 1 1
1952.0 1952 1952 0.0 0 0 0.0 0.0 0.0 0 1
1982.0 1982 1982 0.0 0 0 0.0 0.0 0.0 0 1
2171.0 2171 2171 0.0 0 0 0.0 0.0 0.0 0 1
2114.0 2114 2114 0.0 0 0 0.0 0.0 0.0 0 1
2066.75 2091 2036 0.5 1 0 0.000242232372242 0.000490918016691 0.0 3 1
2031.66666667 2102 1964 1.0 2 0 0.000486749252492 0.000984736582964 0.0 2 1
2019.0 2019 2019 0.0 0 0 0.0 0.0 0.0 0 1
2033.0 2054 2016 0.4 2 0 0.000196463654224 0.00098231827112 0.0 4 1
2168.0 2168 2168 0.0 0 0 0.0 0.0 0.0 0 1
2058.625 2288 1928 1.4375 4 0 0.000698010550463 0.00187353629977 0.0 15 1
2161.0 2161 2161 0.0 0 0 0.0 0.0 0.0 0 1
1916.5 1926 1907 0.5 1 0 0.000262054507338 0.000524109014675 0.0 1 1
1895.0 1895 1895 0.0 0 0 0.0 0.0 0.0 0 1
2024.5 2072 1977 1.0 2 0 0.000505305709955 0.00101061141991 0.0 1 1
1949.83333333 1988 1899 1.33333333333 2 0 0.000683345240609 0.00105207785376 0.0 5 1
1866.375 2043 1752 1.25 2 0 0.000663010173124 0.00111049416991 0.0 7 1
2037.05 2235 1909 2.3 4 0 0.00112820275155 0.00197044334975 0.0 19 1
1983.0 1983 1983 0.0 0 0 0.0 0.0 0.0 0 1
1968.0 1982 1955 1.33333333333 2 0 0.000674602849544 0.0010157440325 0.0 2 1
1938.0 1938 1938 0.0 0 0 0.0 0.0 0.0 0 1
2100.0 2124 2044 0.666666666667 2 0 0.000319708479815 0.000977517106549 0.0 5 1
2232.0 2232 2232 0.0 0 0 0.0 0.0 0.0 0 1
2081.0 2081 2081 0.0 0 0 0.0 0.0 0.0 0 1
2111.16666667 2187 2062 1.16666666667 2 0 0.00055102752923 0.000958313368471 0.0 5 1
2053.0 2053 2053 0.0 0 0 0.0 0.0 0.0 0 1
2149.42857143 2186 2115 0.714285714286 1 0 0.000331299502549 0.00047258979206 0.0 6 1
2143.0 2143 2143 0.0 0 0 0.0 0.0 0.0 0 1
2135.0 2135 2135 0.0 0 0 0.0 0.0 0.0 0 1
1976.0 1976 1976 0.0 0 0 0.0 0.0 0.0 0 1
2035.5 2064 2007 0.0 0 0 0.0 0.0 0.0 1 1
2117.75 2157 2080 0.25 1 0 0.000120134550697 0.000480538202787 0.0 3 1
2009.0 2035 1983 0.0 0 0 0.0 0.0 0.0 1 1
2212.0 2212 2212 0.0 0 0 0.0 0.0 0.0 0 1
2032.5 2071 1999 1.0 2 0 0.000496085530596 0.000999500249875 0.0 3 1
2125.0 2125 2125 0.0 0 0 0.0 0.0 0.0 0 1
2033.83333333 2175 1886 1.5 3 0 0.000732469049098 0.00147130946542 0.0 11 1
2108.0 2108 2108 0.0 0 0 0.0 0.0 0.0 0 1
2110.0 2110 2110 0.0 0 0 0.0 0.0 0.0 0 1
2129.0 2168 2089 0.666666666667 2 0 0.000312695434647 0.00093808630394 0.0 2 1
1971.16666667 1993 1940 0.666666666667 1 0 0.000336713248768 0.000509683995923 0.0 5 1
2082.0 2082 2082 0.0 0 0 0.0 0.0 0.0 0 1
2073.0 2073 2073 0.0 0 0 0.0 0.0 0.0 0 1
2074.42857143 2162 1993 1.71428571429 3 0 0.000825234460949 0.00145914396887 0.0 6 1
2205.33333333 2240 2160 0.0 0 0 0.0 0.0 0.0 2 1
2148.0 2148 2148 0.0 0 0 0.0 0.0 0.0 0 1
2035.5 2070 2001 0.5 1 0 0.000241429261226 0.000482858522453 0.0 1 1
2032.0 2032 2032 0.0 0 0 0.0 0.0 0.0 0 1
2158.0 2158 2158 0.0 0 0 0.0 0.0 0.0 0 1
1979.16666667 2030 1939 0.833333333333 2 0 0.000419874079045 0.000997008973081 0.0 5 1
2031.38888889 2127 1898 0.722222222222 3 0 0.00035717579917 0.0015015015015 0.0 17 1
2129.5 2182 2077 0.5 1 0 0.000229042601924 0.000458085203848 0.0 1 1
2122.0 2122 2122 0.0 0 0 0.0 0.0 0.0 0 1
1990.0 2025 1955 0.5 1 0 0.000246791707799 0.000493583415597 0.0 1 1
2036.8 2089 1961 0.9 2 0 0.00044048872046 0.000978952520803 0.0 9 1
2047.33333333 2194 1881 0.777777777778 1 0 0.00037452880629 0.000501504513541 0.0 8 1
2094.0 2122 2066 0.5 1 0 0.000241896468312 0.000483792936623 0.0 1 1
2026.0 2026 2026 0.0 0 0 0.0 0.0 0.0 0 1
2157.66666667 2176 2124 0.666666666667 1 0 0.000306443108988 0.000459981600736 0.0 2 1
2055.66666667 2067 2049 0.333333333333 1 0 0.000162601626016 0.000487804878049 0.0 2 1
2005.66666667 2071 1943 2.25 5 0 0.00111571073534 0.00248138957816 0.0 11 1
2020.0 2020 2020 0.0 0 0 0.0 0.0 0.0 0 1
2203.0 2227 2179 0.0 0 0 0.0 0.0 0.0 1 1
2039.5 2068 2011 0.5 1 0 0.000248508946322 0.000497017892644 0.0 1 1
2153.75 2180 2089 1.0 2 0 0.000469111033276 0.000956480153037 0.0 3 1
2202.0 2202 2202 0.0 0 0 0.0 0.0 0.0 0 1
2089.0 2089 2089 0.0 0 0 0.0 0.0 0.0 0 1
2103.0 2103 2103 0.0 0 0 0.0 0.0 0.0 0 1
1964.0 1980 1956 0.0 0 0 0.0 0.0 0.0 2 1
1948.0 1954 1942 0.5 1 0 0.000257334019557 0.000514668039115 0.0 1 1
2017.0 2103 1929 1.28571428571 3 0 0.000633626259637 0.00144997583374 0.0 6 1
1975.44444444 2063 1883 1.22222222222 3 0 0.000609137267516 0.00147130946542 0.0 8 1
2180.0 2180 2180 0.0 0 0 0.0 0.0 0.0 0 1
2049.25 2123 1995 0.5 1 0 0.000242952949213 0.000501002004008 0.0 3 1
2151.0 2171 2131 0.0 0 0 0.0 0.0 0.0 1 1
2043.66666667 2051 2036 0.0 0 0 0.0 0.0 0.0 2 1
2043.0 2043 2043 0.0 0 0 0.0 0.0 0.0 0 1
2073.0 2107 2039 0.5 1 0 0.000237191650854 0.000474383301708 0.0 1 1
2018.8 2082 1984 0.6 2 0 0.000300211374332 0.00100502512563 0.0 4 1
2085.0 2085 2085 0.0 0 0 0.0 0.0 0.0 0 1
2113.33333333 2182 2030 0.333333333333 1 0 0.000152695067949 0.000458085203848 0.0 2 1
2180.0 2180 2180 0.0 0 0 0.0 0.0 0.0 0 1
2255.33333333 2284 2202 0.333333333333 1 0 0.000146134736227 0.00043840420868 0.0 2 1
2095.0 2111 2079 0.5 1 0 0.000236742424242 0.000473484848485 0.0 1 1
2165.0 2165 2165 0.0 0 0 0.0 0.0 0.0 0 1
2068.0 2068 2068 0.0 0 0 0.0 0.0 0.0 0 1
2127.5 2200 2060 1.25 2 0 0.000583732142112 0.000942063118229 0.0 3 1
2263.0 2263 2263 0.0 0 0 0.0 0.0 0.0 0 1
2092.0 2092 2092 0.0 0 0 0.0 0.0 0.0 0 1
2019.33333333 2037 1990 0.666666666667 1 0 0.000330979101738 0.000502260170768 0.0 2 1
2072.0 2072 2072 0.0 0 0 0.0 0.0 0.0 0 1
1908.0 1908 1908 0.0 0 0 0.0 0.0 0.0 0 1
2195.0 2216 2174 0.5 1 0 0.000229885057471 0.000459770114943 0.0 1 1
2166.0 2193 2149 0.75 1 0 0.000346074205714 0.00046511627907 0.0 3 1
1926.66666667 1932 1919 0.333333333333 1 0 0.000172711571675 0.000518134715026 0.0 2 1
2090.0 2090 2090 0.0 0 0 0.0 0.0 0.0 0 1
2087.0 2087 2087 0.0 0 0 0.0 0.0 0.0 0 1
2037.0 2040 2034 0.5 1 0 0.0002457002457 0.0004914004914 0.0 1 1
2022.66666667 2082 1953 0.888888888889 2 0 0.000433116474761 0.000977039570103 0.0 8 1
2215.0 2215 2215 0.0 0 0 0.0 0.0 0.0 0 1
1917.0 1934 1900 0.0 0 0 0.0 0.0 0.0 1 1
1974.57142857 2046 1874 0.285714285714 2 0 0.000139508928571 0.0009765625 0.0 6 1
2073.0 2073 2073 0.0 0 0 0.0 0.0 0.0 0 1
2005.0 2005 2005 0.0 0 0 0.0 0.0 0.0 0 1
1961.66666667 1989 1945 0.666666666667 1 0 0.000338795725803 0.000513874614594 0.0 2 1
2027.0 2027 2027 0.0 0 0 0.0 0.0 0.0 0 1
1962.33333333 2028 1879 0.333333333333 1 0 0.000164284540825 0.000492853622474 0.0 2 1
1971.42857143 2046 1896 1.0 2 0 0.000494420571215 0.00100200400802 0.0 6 1
2069.0 2069 2069 0.0 0 0 0.0 0.0 0.0 0 1
2037.0 2037 2037 0.0 0 0 0.0 0.0 0.0 0 1
2204.0 2204 2204 0.0 0 0 0.0 0.0 0.0 0 1
1886.6 2009 1832 1.9 4 0 0.0010050562895 0.00211081794195 0.0 9 1
1988.2 2038 1940 0.8 2 0 0.000402051654853 0.0010298661174 0.0 4 1
2102.83333333 2127 2047 0.833333333333 2 0 0.000396817609556 0.000942951438001 0.0 5 1
1954.33333333 1983 1936 0.333333333333 1 0 0.000168010752688 0.000504032258065 0.0 2 1
2021.5 2034 2009 0.0 0 0 0.0 0.0 0.0 1 1
2018.0 2034 2009 0.333333333333 1 0 0.00016583747927 0.000497512437811 0.0 2 1
2133.16666667 2213 2039 0.5 2 0 0.00022687161322 0.000902934537246 0.0 5 1
1942.0 1942 1942 0.0 0 0 0.0 0.0 0.0 0 1
2010.0 2037 1991 1.0 2 0 0.000500004008048 0.000998003992016 0.0 2 1
1891.0 1891 1891 0.0 0 0 0.0 0.0 0.0 0 1
2039.0 2042 2036 0.0 0 0 0.0 0.0 0.0 1 1
2109.0 2109 2109 0.0 0 0 0.0 0.0 0.0 0 1
2056.71428571 2122 1966 2.0 4 0 0.000983798289138 0.00203045685279 0.0 6 1
1931.36363636 2025 1874 1.45454545455 3 0 0.000749958603966 0.00156821745949 0.0 10 1
2164.66666667 2174 2152 0.0 0 0 0.0 0.0 0.0 2 1
2030.33333333 2060 2013 0.666666666667 1 0 0.000330606343346 0.000496524329692 0.0 2 1
1956.0 2005 1921 0.333333333333 1 0 0.00016616816218 0.00049850448654 0.0 2 1
2183.5 2230 2147 0.75 1 0 0.000342652111072 0.000465549348231 0.0 3 1
2007.0 2007 2007 0.0 0 0 0.0 0.0 0.0 0 1
1962.0 1962 1962 0.0 0 0 0.0 0.0 0.0 0 1
1921.33333333 1974 1861 1.66666666667 5 0 0.000863582746916 0.00258531540848 0.0 5 1
2003.0 2003 2003 0.0 0 0 0.0 0.0 0.0 0 1
2148.5 2170 2127 0.5 1 0 0.000230308613542 0.000460617227084 0.0 1 1
2234.45454545 2322 2091 3.63636363636 7 0 0.00160474065802 0.00317172632533 0.0 10 1
2170.0 2170 2170 0.0 0 0 0.0 0.0 0.0 0 1
2245.5 2264 2227 0.5 1 0 0.000220750551876 0.000441501103753 0.0 1 1
2006.66666667 2018 2000 1.33333333333 3 0 0.000664349356764 0.00149775336995 0.0 2 1
2152.0 2152 2152 0.0 0 0 0.0 0.0 0.0 0 1
2132.33333333 2166 2088 0.333333333333 1 0 0.000155472636816 0.000466417910448 0.0 2 1
2000.0 2000 2000 0.0 0 0 0.0 0.0 0.0 0 1
2206.5 2208 2205 0.5 1 0 0.000226654578422 0.000453309156845 0.0 1 1
2082.53846154 2191 1961 1.15384615385 2 0 0.000556423756291 0.000990099009901 0.0 12 1
2081.0 2081 2081 0.0 0 0 0.0 0.0 0.0 0 1
2042.5 2050 2035 0.5 1 0 0.000243783520234 0.000487567040468 0.0 1 1
1841.0 1844 1838 0.5 1 0 0.000271886895052 0.000543773790103 0.0 1 1
1924.0 1941 1907 0.5 1 0 0.000257466529351 0.000514933058702 0.0 1 1
2065.66666667 2073 2055 1.0 2 0 0.000482315736375 0.000963855421687 0.0 2 1
2082.0 2082 2082 0.0 0 0 0.0 0.0 0.0 0 1
2122.0 2122 2122 0.0 0 0 0.0 0.0 0.0 0 1
1937.5 1951 1924 0.0 0 0 0.0 0.0 0.0 1 1
2186.0 2186 2186 0.0 0 0 0.0 0.0 0.0 0 1
2029.0 2029 2029 0.0 0 0 0.0 0.0 0.0 0 1
2068.0 2068 2068 0.0 0 0 0.0 0.0 0.0 0 1
2069.5 2097 2030 0.25 1 0 0.000119161105815 0.00047664442326 0.0 3 1
1959.0 1959 1959 0.0 0 0 0.0 0.0 0.0 0 1
1974.0 1974 1974 0.0 0 0 0.0 0.0 0.0 0 1
2114.0 2114 2114 0.0 0 0 0.0 0.0 0.0 0 1
1851.0 1893 1809 0.666666666667 1 0 0.000360156430795 0.000552486187845 0.0 2 1
1979.0 1979 1979 0.0 0 0 0.0 0.0 0.0 0 1
2074.0 2074 2074 0.0 0 0 0.0 0.0 0.0 0 1
2095.0 2102 2083 0.333333333333 1 0 0.000158654608916 0.000475963826749 0.0 2 1
2086.66666667 2122 2046 0.0 0 0 0.0 0.0 0.0 2 1
2236.0 2236 2236 0.0 0 0 0.0 0.0 0.0 0 1
1848.5 1896 1804 1.75 4 0 0.000931014183441 0.00210526315789 0.0 3 1
2128.0 2133 2123 0.0 0 0 0.0 0.0 0.0 1 1
2092.0 2145 2035 0.8 1 0 0.000382921866129 0.00049115913556 0.0 4 1
2019.0 2019 2019 0.0 0 0 0.0 0.0 0.0 0 1
1906.64285714 2022 1805 2.35714285714 5 0 0.00122899386092 0.00261369576581 0.0 13 1
2046.0 2070 2032 1.0 2 0 0.000491079394762 0.000981354268891 0.0 2 1
1986.0 2010 1947 0.5 1 0 0.000253587256649 0.000513347022587 0.0 3 1
2066.0 2120 2012 0.5 1 0 0.0002357378595 0.000471475719 0.0 1 1
2055.25 2098 2008 0.75 1 0 0.000362705461123 0.000497760079642 0.0 3 1
1976.5 1996 1957 0.5 1 0 0.000255362614913 0.000510725229826 0.0 1 1
1866.85714286 1960 1775 0.428571428571 1 0 0.000222318084704 0.000531349628055 0.0 6 1
2072.0 2072 2072 0.0 0 0 0.0 0.0 0.0 0 1
2194.0 2210 2178 0.0 0 0 0.0 0.0 0.0 1 1
2116.0 2116 2116 0.0 0 0 0.0 0.0 0.0 0 1
2154.0 2189 2127 1.2 2 0 0.000554986126566 0.000936768149883 0.0 4 1
2098.0 2130 2066 0.5 1 0 0.000234631628344 0.000469263256687 0.0 1 1
2041.0 2059 2022 1.25 2 0 0.000614215838705 0.00098814229249 0.0 3 1
1997.2 2072 1963 0.6 1 0 0.000299680001821 0.00050916496945 0.0 4 1
2024.0 2024 2024 0.0 0 0 0.0 0.0 0.0 0 1
2216.0 2216 2216 0.0 0 0 0.0 0.0 0.0 0 1
2087.0 2087 2087 0.0 0 0 0.0 0.0 0.0 0 1
1928.22222222 2075 1787 2.5 9 0 0.00129445543452 0.00479744136461 0.0 35 1
2179.0 2179 2179 0.0 0 0 0.0 0.0 0.0 0 1
2125.0 2125 2125 0.0 0 0 0.0 0.0 0.0 0 1
1899.6 1975 1863 0.4 1 0 0.000206699806966 0.000527426160338 0.0 4 1
2155.5 2198 2114 0.25 1 0 0.000115848007414 0.000463392029657 0.0 3 1
2027.78947368 2096 1957 2.47368421053 8 0 0.00121221383815 0.00387034349299 0.0 18 1
1983.5 2052 1922 1.58333333333 4 0 0.000796069041461 0.00201207243461 0.0 11 1
1939.0 1939 1939 0.0 0 0 0.0 0.0 0.0 0 1
2021.66666667 2069 1992 0.666666666667 1 0 0.000328282644651 0.000501756146513 0.0 2 1
2041.0 2041 2041 0.0 0 0 0.0 0.0 0.0 0 1
2125.0 2125 2125 0.0 0 0 0.0 0.0 0.0 0 1
2034.0 2034 2034 0.0 0 0 0.0 0.0 0.0 0 1
2010.5 2019 2002 0.0 0 0 0.0 0.0 0.0 1 1
1971.0 1971 1971 0.0 0 0 0.0 0.0 0.0 0 1
2117.25 2217 2017 1.25 3 0 0.000580083690929 0.00138824618232 0.0 3 1
2236.5 2256 2217 0.5 1 0 0.000221533008418 0.000443066016837 0.0 1 1
2089.25 2113 2058 0.5 1 0 0.000241379776441 0.000485672656629 0.0 3 1
1967.0 2000 1934 1.0 2 0 0.00051652892562 0.00103305785124 0.0 1 1
2027.0 2027 2027 0.0 0 0 0.0 0.0 0.0 0 1
1971.625 2115 1826 0.875 3 0 0.000443453429495 0.00154479917611 0.0 7 1
1966.0 1966 1966 0.0 0 0 0.0 0.0 0.0 0 1
1934.0 1934 1934 0.0 0 0 0.0 0.0 0.0 0 1
1944.90909091 2200 1741 1.96363636364 5 0 0.00100224144029 0.002457002457 0.0 54 1
1906.22222222 2022 1760 1.33333333333 3 0 0.000702747431645 0.00167504187605 0.0 8 1
1961.0 1993 1918 0.0 0 0 0.0 0.0 0.0 2 1
1954.0 2008 1886 0.75 2 0 0.000374006719907 0.000995024875622 0.0 3 1
2063.5 2125 2017 0.75 1 0 0.000360664674152 0.000486854917235 0.0 3 1
1997.0 1997 1997 0.0 0 0 0.0 0.0 0.0 0 1
2096.5 2114 2082 1.0 2 0 0.000478472897188 0.000959692898273 0.0 3 1
1863.05263158 2022 1731 2.31578947368 7 0 0.00124171662863 0.00391498881432 0.0 18 1
2036.5 2128 1985 1.0 2 0 0.000482976814887 0.000946073793756 0.0 7 1
2075.0 2075 2075 0.0 0 0 0.0 0.0 0.0 0 1
2000.5 2037 1962 0.25 1 0 0.000122669283611 0.000490677134446 0.0 3 1
2086.0 2086 2086 0.0 0 0 0.0 0.0 0.0 0 1
2044.64285714 2152 1902 1.71428571429 4 0 0.000821232907412 0.0019483682416 0.0 13 1
2173.35 2299 1982 1.6 4 0 0.000727662877412 0.00182398540812 0.0 19 1
1934.0 1934 1934 0.0 0 0 0.0 0.0 0.0 0 1
2080.66666667 2106 2054 0.333333333333 1 0 0.00015820281601 0.00047460844803 0.0 2 1
2075.0 2090 2057 0.666666666667 1 0 0.000321382908564 0.000485908649174 0.0 2 1
1998.0 1998 1998 0.0 0 0 0.0 0.0 0.0 0 1
1886.0 1918 1854 0.5 1 0 0.000260552371027 0.000521104742053 0.0 1 1
1995.0 1995 1995 0.0 0 0 0.0 0.0 0.0 0 1
2113.5 2156 2071 0.0 0 0 0.0 0.0 0.0 1 1
2099.0 2125 2066 0.0 0 0 0.0 0.0 0.0 3 1
1957.66666667 2004 1932 1.0 2 0 0.000510070877474 0.00103145951521 0.0 2 1
2106.0 2106 2106 0.0 0 0 0.0 0.0 0.0 0 1
1988.5 2036 1955 1.375 2 0 0.000689616181167 0.00102197240675 0.0 7 1
1987.5 2125 1853 1.85714285714 6 0 0.000915445147478 0.00299850074963 0.0 13 1
1979.0 1979 1979 0.0 0 0 0.0 0.0 0.0 0 1
2053.6 2100 1999 1.2 3 0 0.000591123207223 0.00147856086742 0.0 4 1
2004.75 2047 1972 1.75 3 0 0.00087427069153 0.00148588410104 0.0 7 1
2011.0 2011 2011 0.0 0 0 0.0 0.0 0.0 0 1
1905.0 1905 1905 0.0 0 0 0.0 0.0 0.0 0 1
2039.0 2049 2029 0.0 0 0 0.0 0.0 0.0 1 1
2119.33333333 2135 2104 1.33333333333 2 0 0.000630873018112 0.000949667616334 0.0 2 1
2213.0 2213 2213 0.0 0 0 0.0 0.0 0.0 0 1
2180.0 2180 2180 0.0 0 0 0.0 0.0 0.0 0 1
1985.45454545 2049 1888 1.36363636364 3 0 0.000690040168978 0.00152671755725 0.0 10 1
2033.0 2033 2033 0.0 0 0 0.0 0.0 0.0 0 1
1852.35 2114 1654 1.5 3 0 0.000815638335918 0.00181050090525 0.0 19 1
1944.0 1944 1944 0.0 0 0 0.0 0.0 0.0 0 1
2051.0 2051 2051 0.0 0 0 0.0 0.0 0.0 0 1
2065.13333333 2209 1935 2.13333333333 4 0 0.00102351339311 0.00204081632653 0.0 14 1
1960.0 1960 1960 0.0 0 0 0.0 0.0 0.0 0 1
2121.0 2180 2060 0.8 2 0 0.000383882199082 0.000969932104753 0.0 4 1
2103.0 2175 2031 0.5 1 0 0.000229779411765 0.000459558823529 0.0 1 1
2115.76923077 2200 2014 1.0 2 0 0.000469043798258 0.000949216896061 0.0 12 1
2153.33333333 2195 2109 1.0 2 0 0.000460719155169 0.000926784059314 0.0 2 1
2123.0 2123 2123 0.0 0 0 0.0 0.0 0.0 0 1
2190.0 2190 2190 0.0 0 0 0.0 0.0 0.0 0 1
1983.0 1993 1973 0.5 1 0 0.00025075225677 0.000501504513541 0.0 1 1
2093.0 2162 2004 1.9 3 0 0.000908283208849 0.00145843461351 0.0 9 1
2083.0 2083 2083 0.0 0 0 0.0 0.0 0.0 0 1
2195.0 2196 2194 0.0 0 0 0.0 0.0 0.0 1 1
2079.5 2088 2071 0.5 1 0 0.000239348970799 0.000478697941599 0.0 1 1
2086.0 2086 2086 0.0 0 0 0.0 0.0 0.0 0 1
2113.0 2126 2100 0.5 1 0 0.000235072872591 0.000470145745181 0.0 1 1
2194.0 2244 2130 1.2 3 0 0.000542175279118 0.00134529147982 0.0 4 1
1981.73913043 2105 1848 1.69565217391 4 0 0.00084892412637 0.00202122283982 0.0 22 1
2031.8 2090 1951 0.4 2 0 0.00019733596448 0.000986679822398 0.0 4 1
2079.0 2079 2079 0.0 0 0 0.0 0.0 0.0 0 1
2164.5 2165 2164 1.0 2 0 0.000461467466544 0.000922934933087 0.0 1 1
2081.5 2094 2069 0.0 0 0 0.0 0.0 0.0 1 1
1996.5 2188 1902 0.9 2 0 0.000442227326123 0.000989609104404 0.0 9 1
2147.0 2188 2106 0.5 1 0 0.000228414801279 0.000456829602558 0.0 1 1
2137.0 2201 2020 0.75 1 0 0.000354702367496 0.000494804552202 0.0 3 1
1997.0 1997 1997 0.0 0 0 0.0 0.0 0.0 0 1
2152.0 2152 2152 0.0 0 0 0.0 0.0 0.0 0 1
2031.0 2031 2031 0.0 0 0 0.0 0.0 0.0 0 1
2225.0 2244 2190 1.33333333333 2 0 0.000600960236419 0.000912408759124 0.0 2 1
2068.0 2114 2022 0.0 0 0 0.0 0.0 0.0 1 1
2022.0 2042 2002 0.5 1 0 0.000244738130201 0.000489476260401 0.0 1 1
2180.0 2180 2180 0.0 0 0 0.0 0.0 0.0 0 1
1967.22222222 2040 1842 1.27777777778 3 0 0.00065344956177 0.00154004106776 0.0 17 1
2070.25 2121 2033 0.75 2 0 0.000361596903834 0.000975134080936 0.0 3 1
1990.0 1990 1990 0.0 0 0 0.0 0.0 0.0 0 1
2022.0 2022 2022 0.0 0 0 0.0 0.0 0.0 0 1
2002.33333333 2079 1959 0.666666666667 1 0 0.000330324437467 0.000510204081633 0.0 2 1
2092.5 2110 2075 0.5 1 0 0.0002408477842 0.000481695568401 0.0 1 1
2034.6 2086 1965 0.2 1 0 9.58313368471e-05 0.000479156684236 0.0 4 1
2190.0 2190 2190 0.0 0 0 0.0 0.0 0.0 0 1
2123.66666667 2153 2069 1.0 2 0 0.00046439684167 0.00092807424594 0.0 2 1
2207.0 2207 2207 0.0 0 0 0.0 0.0 0.0 0 1
2044.375 2160 1913 1.75 3 0 0.00084485118105 0.00148075024679 0.0 7 1
1827.3 1962 1716 1.95 4 0 0.00105860878595 0.00227272727273 0.0 19 1
2042.0 2042 2042 0.0 0 0 0.0 0.0 0.0 0 1
2092.0 2136 2048 0.0 0 0 0.0 0.0 0.0 1 1
2087.125 2251 1985 1.875 4 0 0.000880691738106 0.00177383592018 0.0 7 1
1894.88888889 2050 1831 1.44444444444 3 0 0.000754354430844 0.0016111707841 0.0 8 1
2052.0 2052 2052 0.0 0 0 0.0 0.0 0.0 0 1
1858.94444444 1935 1790 2.11111111111 4 0 0.00114034662588 0.00219538968167 0.0 17 1
2072.4375 2186 1952 2.4375 4 0 0.00116271196742 0.00188235294118 0.0 15 1
2011.0 2011 2011 0.0 0 0 0.0 0.0 0.0 0 1
1848.59459459 2162 1682 1.45945945946 3 0 0.000798837265673 0.00175953079179 0.0 36 1
2036.0 2067 2005 0.5 1 0 0.000241779497099 0.000483558994197 0.0 1 1
2227.0 2227 2227 0.0 0 0 0.0 0.0 0.0 0 1
1994.73333333 2139 1895 1.86666666667 5 0 0.000941268439298 0.00247647350173 0.0 14 1
1908.33333333 1963 1849 1.16666666667 2 0 0.00060912979119 0.0010498687664 0.0 5 1
2016.0 2016 2016 0.0 0 0 0.0 0.0 0.0 0 1
2068.42857143 2133 1979 1.92857142857 4 0 0.000936649356404 0.00192492781521 0.0 13 1
2123.0 2123 2123 0.0 0 0 0.0 0.0 0.0 0 1
2078.0 2126 2030 0.5 1 0 0.000235072872591 0.000470145745181 0.0 1 1
2049.0 2062 2036 0.0 0 0 0.0 0.0 0.0 1 1
2020.33333333 2048 1977 0.333333333333 1 0 0.000163639338897 0.000490918016691 0.0 2 1
1999.5 2024 1975 0.0 0 0 0.0 0.0 0.0 1 1
1974.4 2138 1862 0.95 3 0 0.000476678083033 0.00156657963446 0.0 19 1
1879.33333333 1972 1824 1.0 2 0 0.000520372143806 0.00101317122594 0.0 2 1
2064.57142857 2119 1985 1.57142857143 4 0 0.000762094562249 0.00196947316593 0.0 6 1
1969.5 1983 1956 0.0 0 0 0.0 0.0 0.0 1 1
2138.0 2138 2138 0.0 0 0 0.0 0.0 0.0 0 1
2010.33333333 2051 1973 0.666666666667 1 0 0.000334864527032 0.000506585612969 0.0 2 1
2105.0 2105 2105 0.0 0 0 0.0 0.0 0.0 0 1
1986.67741935 2106 1787 1.67741935484 4 0 0.000837083773849 0.00205761316872 0.0 30 1
2296.0 2296 2296 0.0 0 0 0.0 0.0 0.0 0 1
2035.0 2052 2019 0.833333333333 2 0 0.000409674760515 0.0009765625 0.0 5 1
2231.0 2231 2231 0.0 0 0 0.0 0.0 0.0 0 1
1988.0 1988 1988 0.0 0 0 0.0 0.0 0.0 0 1
2080.0 2080 2080 0.0 0 0 0.0 0.0 0.0 0 1
1804.0 1804 1804 0.0 0 0 0.0 0.0 0.0 0 1
1885.33333333 1926 1853 0.666666666667 1 0 0.000350474240926 0.000532481363152 0.0 2 1
2060.66666667 2082 2028 1.0 2 0 0.000488432829056 0.000985221674877 0.0 2 1
2220.0 2220 2220 0.0 0 0 0.0 0.0 0.0 0 1
2166.0 2166 2166 0.0 0 0 0.0 0.0 0.0 0 1
1908.5 1925 1892 0.5 1 0 0.000259605399792 0.000519210799585 0.0 1 1
2024.6 2084 1971 0.4 1 0 0.000195459027862 0.000490677134446 0.0 4 1
2090.66666667 2098 2078 1.33333333333 2 0 0.0006352232663 0.00095328884652 0.0 2 1
2128.83333333 2216 2092 0.5 1 0 0.000231928839717 0.000470588235294 0.0 5 1
1930.6 1958 1909 0.6 1 0 0.000311915376458 0.000523560209424 0.0 4 1
2057.66666667 2080 2024 1.0 2 0 0.000484813984654 0.000960614793468 0.0 2 1
1959.86666667 2180 1738 2.66666666667 6 0 0.00133065807589 0.0031007751938 0.0 14 1
2249.0 2249 2249 0.0 0 0 0.0 0.0 0.0 0 1
2162.0 2164 2160 0.5 1 0 0.00023137436372 0.000462748727441 0.0 1 1
1956.1 2025 1892 1.4 4 0 0.000713270105649 0.0020366598778 0.0 9 1
2036.0 2036 2036 0.0 0 0 0.0 0.0 0.0 0 1
2049.5 2063 2036 0.5 1 0 0.000242248062016 0.000484496124031 0.0 1 1
2076.25 2193 1985 0.75 1 0 0.000356158129569 0.000488997555012 0.0 3 1
2061.5 2164 1936 3.72727272727 8 0 0.00180892924364 0.00397614314115 0.0 21 1
2034.5 2038 2031 0.0 0 0 0.0 0.0 0.0 1 1
2104.0 2121 2087 0.5 1 0 0.000239463601533 0.000478927203065 0.0 1 1
2067.0 2067 2067 0.0 0 0 0.0 0.0 0.0 0 1
2086.33333333 2140 2054 0.0 0 0 0.0 0.0 0.0 2 1
2009.79166667 2113 1887 1.41666666667 5 0 0.000702163363868 0.002408477842 0.0 23 1
2033.0 2033 2033 0.0 0 0 0.0 0.0 0.0 0 1
1894.66666667 1917 1874 0.333333333333 1 0 0.000173792144595 0.000521376433785 0.0 2 1
2172.33333333 2212 2149 1.0 2 0 0.000460558458467 0.00092980009298 0.0 2 1
2093.0 2093 2093 0.0 0 0 0.0 0.0 0.0 0 1
2137.0 2137 2137 0.0 0 0 0.0 0.0 0.0 0 1
2092.9 2229 1976 2.7 5 0 0.00128392337733 0.00237416904084 0.0 9 1
2058.5 2112 2005 1.0 2 0 0.000473036896878 0.000946073793756 0.0 1 1
2241.0 2241 2241 0.0 0 0 0.0 0.0 0.0 0 1
2067.0 2067 2067 0.0 0 0 0.0 0.0 0.0 0 1
2107.0 2107 2107 0.0 0 0 0.0 0.0 0.0 0 1
2108.0 2108 2108 0.0 0 0 0.0 0.0 0.0 0 1
2082.0 2095 2069 0.5 1 0 0.000238549618321 0.000477099236641 0.0 1 1
2032.75 2117 1894 1.91666666667 6 0 0.000940762300466 0.00299401197605 0.0 11 1
2111.53846154 2169 2054 2.15384615385 5 0 0.0010128499 0.00233208955224 0.0 12 1
2115.5 2116 2115 0.0 0 0 0.0 0.0 0.0 1 1
1996.0 1996 1996 0.0 0 0 0.0 0.0 0.0 0 1
2089.66666667 2111 2067 0.833333333333 2 0 0.00039790313213 0.000959692898273 0.0 5 1
1850.0 1881 1809 1.0 2 0 0.000533160134765 0.00106213489113 0.0 2 1
1913.0 1923 1905 0.666666666667 1 0 0.00034813649714 0.000524658971668 0.0 2 1
2108.4 2188 2016 1.8 4 0 0.000843663438237 0.00184842883549 0.0 4 1
2188.0 2188 2188 0.0 0 0 0.0 0.0 0.0 0 1
1973.05882353 2146 1761 1.11764705882 3 0 0.000554194989521 0.00151591712986 0.0 16 1
2008.5 2087 1930 0.5 1 0 0.000239463601533 0.000478927203065 0.0 1 1
2092.66666667 2117 2052 1.33333333333 2 0 0.000640376039881 0.000973709834469 0.0 2 1
2066.0 2079 2053 0.5 1 0 0.000240384615385 0.000480769230769 0.0 1 1
1909.0 1945 1861 1.6 4 0 0.000827421370051 0.00207468879668 0.0 4 1
1933.0 1933 1933 0.0 0 0 0.0 0.0 0.0 0 1
2103.0 2103 2103 0.0 0 0 0.0 0.0 0.0 0 1
2231.0 2231 2231 0.0 0 0 0.0 0.0 0.0 0 1
2069.14285714 2170 2014 0.714285714286 2 0 0.000350606066464 0.000991080277502 0.0 6 1
2123.0 2150 2096 0.0 0 0 0.0 0.0 0.0 1 1
2190.5 2196 2182 0.5 2 0 0.000227894257065 0.000911577028259 0.0 3 1
2085.0 2085 2085 0.0 0 0 0.0 0.0 0.0 0 1
2014.0 2014 2014 0.0 0 0 0.0 0.0 0.0 0 1
2136.0 2178 2105 0.6 1 0 0.000283158619049 0.000474833808167 0.0 4 1
2132.0 2176 2105 1.57142857143 3 0 0.000739473993501 0.00142314990512 0.0 6 1
2183.5 2256 2087 1.25 3 0 0.000566797677837 0.00137551581843 0.0 7 1
1948.33333333 1967 1927 0.333333333333 1 0 0.000170765027322 0.000512295081967 0.0 2 1
2007.0 2027 1987 0.0 0 0 0.0 0.0 0.0 1 1
2102.16666667 2147 2024 0.5 1 0 0.000238167646032 0.000483325277912 0.0 5 1
2002.66666667 2053 1951 0.666666666667 1 0 0.000328536011481 0.000498753117207 0.0 2 1
1959.08333333 2005 1909 0.5 1 0 0.00025529495765 0.000520291363163 0.0 11 1
1951.5 1979 1924 0.5 1 0 0.000252525252525 0.000505050505051 0.0 1 1
2089.875 2161 2019 1.875 5 0 0.000894541382227 0.00241080038573 0.0 7 1
1957.27272727 2060 1850 0.818181818182 2 0 0.000411521343708 0.000969932104753 0.0 10 1
2039.0 2039 2039 0.0 0 0 0.0 0.0 0.0 0 1
2089.375 2178 1989 0.75 2 0 0.000362716647031 0.000972762645914 0.0 7 1
1935.08333333 2072 1855 2.0 7 0 0.00103541813601 0.00374531835206 0.0 11 1
2215.0 2215 2215 0.0 0 0 0.0 0.0 0.0 0 1
2021.57142857 2125 1943 0.857142857143 2 0 0.000413027793697 0.000993048659384 0.0 6 1
2091.0 2189 2031 0.142857142857 1 0 6.83200109312e-05 0.000478240076518 0.0 6 1
1931.08333333 1987 1875 1.25 2 0 0.000647169061381 0.00106553010123 0.0 11 1
1985.0 1985 1985 0.0 0 0 0.0 0.0 0.0 0 1
2016.0 2039 1993 0.5 1 0 0.00025075225677 0.000501504513541 0.0 1 1
2023.0 2047 2000 0.5 1 0 0.000247007843734 0.000499750124938 0.0 3 1
1946.0 1946 1946 0.0 0 0 0.0 0.0 0.0 0 1
2025.0 2025 2025 0.0 0 0 0.0 0.0 0.0 0 1
1981.91891892 2136 1825 4.2972972973 12 0 0.00213649861065 0.00587659157689 0.0 36 1
2163.0 2163 2163 0.0 0 0 0.0 0.0 0.0 0 1
2221.0 2221 2221 0.0 0 0 0.0 0.0 0.0 0 1
1969.75 2055 1916 0.5 1 0 0.000250794297148 0.000516795865633 0.0 3 1
2084.0 2088 2080 0.5 1 0 0.000240269101394 0.000480538202787 0.0 1 1
2111.0 2111 2111 0.0 0 0 0.0 0.0 0.0 0 1
2061.125 2113 2027 0.75 2 0 0.000365028152887 0.000985221674877 0.0 7 1
2125.0 2125 2125 0.0 0 0 0.0 0.0 0.0 0 1
2127.0 2127 2127 0.0 0 0 0.0 0.0 0.0 0 1
2096.0 2096 2096 0.0 0 0 0.0 0.0 0.0 0 1
2042.0 2075 2012 0.25 1 0 0.000122910521141 0.000491642084562 0.0 3 1
2036.44444444 2094 1976 1.11111111111 2 0 0.000540428637625 0.00098814229249 0.0 8 1
1933.28571429 1984 1889 0.857142857143 2 0 0.000441172594998 0.00102145045965 0.0 6 1
2090.0 2090 2090 0.0 0 0 0.0 0.0 0.0 0 1
1953.75 1969 1937 0.75 2 0 0.000383897903937 0.00102616726526 0.0 3 1
1976.0 2008 1944 1.0 2 0 0.000497512437811 0.000995024875622 0.0 1 1
2237.0 2237 2237 0.0 0 0 0.0 0.0 0.0 0 1
2049.83333333 2116 2000 0.5 2 0 0.000238907160337 0.000961076405574 0.0 5 1
2165.0 2165 2165 0.0 0 0 0.0 0.0 0.0 0 1
1927.0 1927 1927 0.0 0 0 0.0 0.0 0.0 0 1
2046.07692308 2126 1947 1.30769230769 3 0 0.000640506820201 0.00146555935515 0.0 12 1
2118.0 2118 2118 0.0 0 0 0.0 0.0 0.0 0 1
2270.0 2270 2270 0.0 0 0 0.0 0.0 0.0 0 1
2069.5 2084 2055 0.5 1 0 0.000239808153477 0.000479616306954 0.0 1 1
1958.5 2056 1900 2.5625 5 0 0.00130394249521 0.00259067357513 0.0 15 1
2109.0 2128 2090 0.0 0 0 0.0 0.0 0.0 1 1
2000.0 2000 2000 0.0 0 0 0.0 0.0 0.0 0 1
2123.0 2123 2123 0.0 0 0 0.0 0.0 0.0 0 1
2022.0 2022 2022 0.0 0 0 0.0 0.0 0.0 0 1
1999.0 1999 1999 0.0 0 0 0.0 0.0 0.0 0 1
2024.0 2024 2024 0.0 0 0 0.0 0.0 0.0 0 1
2169.0 2169 2169 0.0 0 0 0.0 0.0 0.0 0 1
2043.66666667 2069 2015 0.333333333333 1 0 0.000161030595813 0.00048309178744 0.0 2 1
2040.8 2112 1921 0.8 2 0 0.000385020971055 0.000955566172957 0.0 4 1
2014.0 2014 2014 0.0 0 0 0.0 0.0 0.0 1 1
2093.0 2093 2093 0.0 0 0 0.0 0.0 0.0 0 1
2054.4 2131 2019 0.0 0 0 0.0 0.0 0.0 4 1
2214.66666667 2258 2174 0.333333333333 1 0 0.000153256704981 0.000459770114943 0.0 2 1
2033.875 2108 1939 0.75 2 0 0.000368327741393 0.000969932104753 0.0 7 1
1963.6 2000 1908 0.8 1 0 0.000407168934268 0.000523834468308 0.0 4 1
2066.0 2109 2023 0.0 0 0 0.0 0.0 0.0 1 1
1957.5 1969 1946 0.5 1 0 0.000253807106599 0.000507614213198 0.0 1 1
1865.0 1876 1854 0.5 1 0 0.000266382525306 0.000532765050613 0.0 1 1
2040.66666667 2082 2004 0.333333333333 1 0 0.000163639338897 0.000490918016691 0.0 2 1
1919.57142857 1967 1874 0.857142857143 2 0 0.000447929683149 0.00106609808102 0.0 6 1
2251.5 2276 2227 0.0 0 0 0.0 0.0 0.0 1 1
1891.66666667 1926 1860 0.666666666667 1 0 0.000349347296242 0.000529100529101 0.0 2 1
2203.0 2203 2203 0.0 0 0 0.0 0.0 0.0 0 1
1847.25 1972 1656 6.34375 17 0 0.00339308177524 0.00882200311365 0.0 31 1
1943.33333333 1994 1845 2.33333333333 4 0 0.00119697660623 0.00211528291909 0.0 14 1
2100.0 2100 2100 0.0 0 0 0.0 0.0 0.0 0 1
2242.25 2300 2158 1.0 2 0 0.000438784800819 0.000868809730669 0.0 3 1
2074.6 2122 1995 0.2 1 0 9.42063118229e-05 0.000471031559114 0.0 4 1
1996.0 1996 1996 0.0 0 0 0.0 0.0 0.0 0 1
1883.0 1883 1883 0.0 0 0 0.0 0.0 0.0 0 1
2124.0 2162 2087 0.0 0 0 0.0 0.0 0.0 2 1
2217.2 2294 2131 0.6 1 0 0.000264886785401 0.000446030330062 0.0 4 1
2096.33333333 2110 2069 0.333333333333 1 0 0.000157903047529 0.000473709142586 0.0 2 1
1995.26666667 2064 1927 0.933333333333 3 0 0.000469309227708 0.00151057401813 0.0 14 1
1987.0 2000 1967 1.0 2 0 0.000500584710985 0.00100200400802 0.0 2 1
2167.0 2167 2167 0.0 0 0 0.0 0.0 0.0 0 1
2031.63636364 2082 1969 1.54545454545 4 0 0.000760309030033 0.00197726149283 0.0 10 1
2238.66666667 2257 2215 0.0 0 0 0.0 0.0 0.0 2 1
2185.5 2191 2180 0.5 1 0 0.000229252636405 0.000458505272811 0.0 1 1
2141.33333333 2192 2098 0.333333333333 1 0 0.00015199878401 0.000455996352029 0.0 2 1
2254.6 2346 2154 0.4 1 0 0.000172171690039 0.000434782608696 0.0 4 1
2168.0 2168 2168 0.0 0 0 0.0 0.0 0.0 0 1
2118.0 2156 2080 0.5 1 0 0.000231803430691 0.000463606861382 0.0 1 1
2000.33333333 2026 1980 0.333333333333 1 0 0.000168265185933 0.000504795557799 0.0 2 1
2024.2 2157 1923 1.6 4 0 0.000790696593958 0.00204813108039 0.0 14 1
2129.5 2160 2089 1.5 5 0 0.00070017795664 0.00230946882217 0.0 7 1
2062.0 2062 2062 0.0 0 0 0.0 0.0 0.0 0 1
1914.16666667 1990 1845 0.333333333333 1 0 0.000173995330014 0.000541711809317 0.0 5 1
1876.2 1940 1795 1.4 2 0 0.000736849739158 0.00107123727906 0.0 4 1
2226.0 2235 2217 0.5 1 0 0.000223613595707 0.000447227191413 0.0 1 1
2107.0 2107 2107 0.0 0 0 0.0 0.0 0.0 0 1
2133.0 2133 2133 0.0 0 0 0.0 0.0 0.0 0 1
2083.66666667 2089 2079 1.0 2 0 0.000480307618237 0.000961076405574 0.0 2 1
1980.5 2009 1952 0.0 0 0 0.0 0.0 0.0 1 1
2026.0 2045 2007 0.5 1 0 0.000249003984064 0.000498007968127 0.0 1 1
2229.66666667 2294 2197 0.666666666667 1 0 0.000296896300393 0.000454959053685 0.0 2 1
1961.25 1995 1930 1.75 3 0 0.000886411745352 0.00151745068285 0.0 3 1
1978.0 1978 1978 0.0 0 0 0.0 0.0 0.0 0 1
2088.0 2088 2088 0.0 0 0 0.0 0.0 0.0 0 1
2106.0 2106 2106 0.0 0 0 0.0 0.0 0.0 0 1
2101.0 2101 2101 0.0 0 0 0.0 0.0 0.0 0 1
2122.81818182 2188 2033 1.36363636364 3 0 0.000639655246949 0.00139599813867 0.0 10 1
2190.0 2190 2190 0.0 0 0 0.0 0.0 0.0 0 1
2168.0 2168 2168 0.0 0 0 0.0 0.0 0.0 0 1
2103.75 2141 2054 0.5 1 0 0.000233426704015 0.00046685340803 0.0 3 1
2035.33333333 2046 2020 0.333333333333 1 0 0.000163318634656 0.000489955903969 0.0 2 1
2049.55555556 2095 1980 1.0 3 0 0.000487225094714 0.00145067698259 0.0 8 1
2074.25 2108 2049 0.25 1 0 0.000121951219512 0.000487804878049 0.0 3 1
2162.25 2191 2138 0.25 1 0 0.000116877045348 0.000467508181393 0.0 3 1
2029.95652174 2275 1867 1.91304347826 8 0 0.000925978253853 0.00379686758424 0.0 22 1
2042.57142857 2107 1925 0.714285714286 1 0 0.000345170156814 0.000492368291482 0.0 6 1
2151.44444444 2221 2075 1.33333333333 3 0 0.000617259294374 0.00140252454418 0.0 8 1
2077.09090909 2256 1913 2.18181818182 4 0 0.00106028594814 0.00196656833825 0.0 10 1
2079.5 2081 2078 1.0 2 0 0.000480769230769 0.000961538461538 0.0 1 1
1932.0 2136 1746 3.0 7 0 0.00153966805181 0.00342298288509 0.0 19 1
2058.0 2058 2058 0.0 0 0 0.0 0.0 0.0 0 1
2020.0 2020 2020 0.0 0 0 0.0 0.0 0.0 0 1
2155.0 2155 2155 0.0 0 0 0.0 0.0 0.0 0 1
2084.0 2102 2066 1.0 2 0 0.000477985112524 0.000955566172957 0.0 5 1
1913.0 1913 1913 0.0 0 0 0.0 0.0 0.0 0 1
2041.0 2041 2041 0.0 0 0 0.0 0.0 0.0 0 1
2134.0 2134 2134 0.0 0 0 0.0 0.0 0.0 0 1
2111.0 2146 2076 0.0 0 0 0.0 0.0 0.0 1 1
2035.36363636 2127 1957 1.0 2 0 0.000488739028159 0.000987166831194 0.0 10 1
2003.8 2035 1960 1.2 2 0 0.000597285187837 0.00101936799185 0.0 4 1
2106.5 2122 2091 0.0 0 0 0.0 0.0 0.0 1 1
2250.0 2250 2250 0.0 0 0 0.0 0.0 0.0 0 1
1893.375 1920 1869 1.625 4 0 0.00085957864072 0.00211081794195 0.0 7 1
1978.16666667 2101 1898 2.0 4 0 0.00101346698556 0.00208986415883 0.0 17 1
2050.0 2050 2050 0.0 0 0 0.0 0.0 0.0 0 1
2020.0 2020 2020 0.0 0 0 0.0 0.0 0.0 0 1
1908.0 2062 1801 1.7 4 0 0.000871819193563 0.00208550573514 0.0 9 1
2008.0 2054 1953 1.0 2 0 0.000494844457543 0.000972762645914 0.0 2 1
2063.0 2110 2029 0.0 0 0 0.0 0.0 0.0 3 1
2306.0 2306 2306 0.0 0 0 0.0 0.0 0.0 0 1
1990.0 1990 1990 0.0 0 0 0.0 0.0 0.0 0 1
2013.28571429 2073 1983 0.857142857143 2 0 0.000426000357467 0.00100755667506 0.0 6 1
2164.0 2164 2164 0.0 0 0 0.0 0.0 0.0 0 1
1988.33333333 2031 1906 0.666666666667 1 0 0.000339079157151 0.000524383848977 0.0 2 1
1996.5 2023 1969 0.25 1 0 0.000123517786561 0.000494071146245 0.0 3 1
2100.0 2100 2100 0.0 0 0 0.0 0.0 0.0 0 1
2072.0 2072 2072 0.0 0 0 0.0 0.0 0.0 0 1
2116.0 2118 2114 0.5 1 0 0.000236406619385 0.000472813238771 0.0 1 1
2061.33333333 2139 1993 1.0 2 0 0.000479091624787 0.000963391136802 0.0 5 1
2222.0 2222 2222 0.0 0 0 0.0 0.0 0.0 0 1
2239.33333333 2288 2205 0.333333333333 1 0 0.000151103052282 0.000453309156845 0.0 2 1
2027.0 2027 2027 0.0 0 0 0.0 0.0 0.0 0 1
1939.76470588 2013 1883 1.47058823529 3 0 0.000755074233597 0.0015625 0.0 16 1
2024.5 2082 1978 1.0 2 0 0.000491306513681 0.000990589400693 0.0 3 1
1980.0 1980 1980 0.0 0 0 0.0 0.0 0.0 0 1
2056.0 2065 2047 0.5 1 0 0.000242013552759 0.000484027105518 0.0 1 1
2033.5 2072 1995 0.5 1 0 0.000241196333816 0.000482392667631 0.0 1 1
2167.9 2201 2114 0.5 2 0 0.000228755899509 0.000916170407696 0.0 9 1
1981.5 2007 1958 0.0 0 0 0.0 0.0 0.0 3 1
2231.25 2298 2162 0.5 1 0 0.000224323144377 0.00046232085067 0.0 3 1
1995.0 2044 1964 0.0 0 0 0.0 0.0 0.0 3 1
2053.5 2076 2031 0.5 1 0 0.000240731824747 0.000481463649494 0.0 1 1
2053.0 2053 2053 0.0 0 0 0.0 0.0 0.0 0 1
2063.5 2077 2050 0.0 0 0 0.0 0.0 0.0 1 1
2150.0 2150 2150 0.0 0 0 0.0 0.0 0.0 0 1
2266.0 2266 2266 0.0 0 0 0.0 0.0 0.0 0 1
1865.33333333 1912 1835 1.0 2 0 0.000529864796261 0.00104493207941 0.0 2 1
2100.0 2100 2100 0.0 0 0 0.0 0.0 0.0 0 1
2038.0 2038 2038 0.0 0 0 0.0 0.0 0.0 0 1
2145.0 2145 2145 0.0 0 0 0.0 0.0 0.0 0 1
2286.0 2286 2286 0.0 0 0 0.0 0.0 0.0 0 1
1998.0 1998 1998 0.0 0 0 0.0 0.0 0.0 0 1
1974.66666667 2000 1929 0.5 1 0 0.000252275888925 0.000507872016252 0.0 5 1
2032.0 2070 1963 0.0 0 0 0.0 0.0 0.0 2 1
2014.0 2014 2014 0.0 0 0 0.0 0.0 0.0 0 1
2111.33333333 2142 2054 1.0 2 0 0.000467071665627 0.000934579439252 0.0 2 1
2170.25 2296 2080 0.875 1 0 0.000400929290206 0.00047460844803 0.0 7 1
1903.8 1985 1869 0.8 2 0 0.000421161018632 0.00106894708712 0.0 4 1
2083.0 2083 2083 0.0 0 0 0.0 0.0 0.0 0 1
2153.0 2153 2153 0.0 0 0 0.0 0.0 0.0 0 1
2152.0 2152 2152 0.0 0 0 0.0 0.0 0.0 0 1
2075.14285714 2148 2002 0.857142857143 2 0 0.000409066949436 0.00093023255814 0.0 6 1
2001.0 2001 2001 0.0 0 0 0.0 0.0 0.0 0 1
2056.33333333 2097 2035 0.333333333333 1 0 0.00015888147442 0.00047664442326 0.0 2 1
2021.66666667 2041 1984 0.333333333333 1 0 0.000163318634656 0.000489955903969 0.0 2 1
1978.66666667 2041 1907 0.5 1 0 0.000250027741434 0.000514933058702 0.0 5 1
2142.0 2183 2101 0.5 1 0 0.000228937728938 0.000457875457875 0.0 1 1
2114.0 2114 2114 0.0 0 0 0.0 0.0 0.0 0 1
2041.14285714 2157 1941 0.714285714286 1 0 0.000345122600242 0.000512557662737 0.0 6 1
2020.44444444 2144 1915 2.44444444444 5 0 0.00119799934838 0.00248756218905 0.0 8 1
2069.0 2069 2069 0.0 0 0 0.0 0.0 0.0 0 1
2000.0 2027 1973 0.5 1 0 0.000246548323471 0.000493096646943 0.0 1 1
1973.625 2080 1885 2.375 4 0 0.0011912147302 0.00204918032787 0.0 7 1
2020.0 2020 2020 0.0 0 0 0.0 0.0 0.0 0 1
2072.25 2162 2035 0.75 1 0 0.00036049994282 0.00049115913556 0.0 3 1
2098.0 2098 2098 0.0 0 0 0.0 0.0 0.0 0 1
2196.0 2196 2196 0.0 0 0 0.0 0.0 0.0 0 1
2095.0 2095 2095 0.0 0 0 0.0 0.0 0.0 0 1
1831.0 1831 1831 0.0 0 0 0.0 0.0 0.0 0 1
2162.5 2186 2139 0.0 0 0 0.0 0.0 0.0 1 1
2330.0 2330 2330 0.0 0 0 0.0 0.0 0.0 0 1
1997.83333333 2100 1915 0.5 1 0 0.000254114154957 0.000521920668058 0.0 5 1
2120.0 2142 2098 0.0 0 0 0.0 0.0 0.0 1 1
2185.0 2185 2185 0.0 0 0 0.0 0.0 0.0 0 1
2116.0 2128 2104 1.0 2 0 0.000469483568075 0.00093896713615 0.0 1 1
1938.8 1977 1871 0.8 2 0 0.000406716709873 0.00102040816327 0.0 4 1
2182.27272727 2260 2098 2.81818181818 6 0 0.00129273221682 0.00283687943262 0.0 10 1
2009.75 2079 1949 0.5 1 0 0.000249190271334 0.000498753117207 0.0 3 1
2119.5 2133 2106 0.5 1 0 0.000237304224015 0.00047460844803 0.0 1 1
2136.0 2136 2136 0.0 0 0 0.0 0.0 0.0 0 1
1968.0 1968 1968 0.0 0 0 0.0 0.0 0.0 0 1
1979.0 2052 1923 0.0 0 0 0.0 0.0 0.0 3 1
2115.33333333 2179 2033 0.333333333333 1 0 0.000152905198777 0.00045871559633 0.0 2 1
1967.0 1967 1967 0.0 0 0 0.0 0.0 0.0 0 1
2142.0 2142 2142 0.0 0 0 0.0 0.0 0.0 0 1
2007.0 2007 2007 0.0 0 0 0.0 0.0 0.0 0 1
2132.0 2132 2132 0.0 0 0 0.0 0.0 0.0 0 1
1977.5 2028 1950 1.0 2 0 0.000498703197619 0.0010095911156 0.0 3 1
2262.0 2262 2262 0.0 0 0 0.0 0.0 0.0 0 1
2012.0 2012 2012 0.0 0 0 0.0 0.0 0.0 0 1
2153.0 2153 2153 0.0 0 0 0.0 0.0 0.0 0 1
1938.25 2071 1853 0.916666666667 2 0 0.0004663098548 0.00102933607823 0.0 11 1
2080.66666667 2148 2005 1.5 3 0 0.000716765315877 0.00146412884334 0.0 5 1
2121.5 2177 2066 0.5 1 0 0.000241896468312 0.000483792936623 0.0 1 1
2204.0 2204 2204 0.0 0 0 0.0 0.0 0.0 0 1
2010.66666667 2030 1986 0.666666666667 1 0 0.000331879851564 0.000503271263211 0.0 2 1
2165.0 2165 2165 0.0 0 0 0.0 0.0 0.0 0 1
1890.93333333 2074 1743 1.0 2 0 0.000523153422662 0.00112803158488 0.0 14 1
2181.0 2181 2181 0.0 0 0 0.0 0.0 0.0 0 1
2075.0 2075 2075 0.0 0 0 0.0 0.0 0.0 0 1
2007.0 2007 2007 0.0 0 0 0.0 0.0 0.0 0 1
1899.8 1967 1855 1.1 2 0 0.000582444757561 0.00107700592353 0.0 9 1
2123.0 2143 2103 0.666666666667 1 0 0.000315364987982 0.000475285171103 0.0 2 1
2332.375 2378 2289 0.375 1 0 0.000162151333457 0.000436681222707 0.0 7 1
2195.5 2207 2184 0.5 1 0 0.000228832951945 0.00045766590389 0.0 1 1
1900.5 1913 1888 0.0 0 0 0.0 0.0 0.0 1 1
2092.0 2118 2061 0.333333333333 1 0 0.000157306905773 0.000471920717319 0.0 2 1
2235.0 2262 2208 0.0 0 0 0.0 0.0 0.0 1 1
1968.5 1988 1949 0.5 1 0 0.00025641025641 0.000512820512821 0.0 1 1
2019.5 2039 2000 0.5 1 0 0.000249875062469 0.000499750124938 0.0 1 1
1980.0 1980 1980 0.0 0 0 0.0 0.0 0.0 0 1
2058.0 2058 2058 0.0 0 0 0.0 0.0 0.0 0 1
1977.0 1977 1977 0.0 0 0 0.0 0.0 0.0 0 1
2023.55555556 2095 1958 1.22222222222 2 0 0.000605402339831 0.00101677681749 0.0 8 1
1807.0 1807 1807 0.0 0 0 0.0 0.0 0.0 0 1
2099.8 2149 2055 1.0 2 0 0.000471987360191 0.00092980009298 0.0 4 1
2186.66666667 2200 2175 0.333333333333 1 0 0.000151446312282 0.000454338936847 0.0 2 1
2082.0 2082 2082 0.0 0 0 0.0 0.0 0.0 0 1
2065.0 2065 2065 0.0 0 0 0.0 0.0 0.0 0 1
2062.0 2087 2047 0.666666666667 1 0 0.000322402817688 0.00048828125 0.0 2 1
1992.33333333 2033 1968 0.0 0 0 0.0 0.0 0.0 2 1
2164.5 2190 2139 0.5 1 0 0.000228206298494 0.000456412596988 0.0 1 1
2037.0 2037 2037 0.0 0 0 0.0 0.0 0.0 0 1
1980.85714286 2160 1879 1.64285714286 3 0 0.000830503348875 0.00159404888417 0.0 13 1
2006.5 2040 1978 0.5 2 0 0.000251218286328 0.00100200400802 0.0 5 1
2039.0 2039 2039 0.0 0 0 0.0 0.0 0.0 0 1
2048.0 2053 2043 0.0 0 0 0.0 0.0 0.0 1 1
2242.66666667 2324 2172 0.333333333333 1 0 0.000143369175627 0.000430107526882 0.0 2 1
1855.16666667 1900 1807 0.833333333333 2 0 0.000450762239455 0.00108108108108 0.0 5 1
2003.5 2028 1979 0.0 0 0 0.0 0.0 0.0 1 1
2145.33333333 2179 2122 0.666666666667 1 0 0.000308960130113 0.000468164794007 0.0 2 1
2140.0 2140 2140 0.0 0 0 0.0 0.0 0.0 0 1
2058.0 2058 2058 0.0 0 0 0.0 0.0 0.0 0 1
2185.0 2185 2185 0.0 0 0 0.0 0.0 0.0 0 1
2006.5 2038 1975 0.0 0 0 0.0 0.0 0.0 1 1
1969.5 2080 1916 0.875 2 0 0.000447151038796 0.00104275286757 0.0 7 1
1856.0952381 2008 1761 1.71428571429 4 0 0.000920138783466 0.00215517241379 0.0 20 1
2033.75 2046 2016 0.0 0 0 0.0 0.0 0.0 3 1
1943.0 1943 1943 0.0 0 0 0.0 0.0 0.0 0 1
2379.0 2379 2379 0.0 0 0 0.0 0.0 0.0 0 1
2023.28571429 2060 1997 1.14285714286 2 0 0.000565781419126 0.00100050025013 0.0 6 1
1854.33333333 1929 1773 1.0 2 0 0.000536488415741 0.00104438642298 0.0 8 1
1953.75 2067 1875 0.5 1 0 0.000260878390807 0.000533049040512 0.0 3 1
2251.0 2254 2248 0.0 0 0 0.0 0.0 0.0 1 1
2089.33333333 2124 2025 0.333333333333 1 0 0.000157232704403 0.000471698113208 0.0 2 1
2078.33333333 2095 2048 0.0 0 0 0.0 0.0 0.0 2 1
1951.38888889 2013 1894 2.88888888889 8 0 0.00148361020756 0.00416449765747 0.0 17 1
1899.0 1946 1852 0.5 1 0 0.000256805341551 0.000513610683102 0.0 1 1
2102.0 2162 2024 0.333333333333 1 0 0.000157158573 0.000471475719 0.0 2 1
2217.5 2231 2204 1.0 2 0 0.000453309156845 0.00090661831369 0.0 1 1
2202.0 2202 2202 0.0 0 0 0.0 0.0 0.0 0 1
1971.0 2015 1940 1.0 2 0 0.000500678721256 0.000991571641051 0.0 2 1
2101.0 2109 2093 1.0 2 0 0.000473709142586 0.000947418285173 0.0 1 1
2045.0 2072 2018 0.5 1 0 0.000247647350173 0.000495294700347 0.0 1 1
2067.5 2096 2039 1.0 2 0 0.000489955903969 0.000979911807937 0.0 1 1
1948.0 1948 1948 0.0 0 0 0.0 0.0 0.0 0 1
2024.0 2024 2024 0.0 0 0 0.0 0.0 0.0 0 1
1929.33333333 1960 1908 0.666666666667 1 0 0.000348132225164 0.000523834468308 0.0 2 1
2031.0 2031 2031 0.0 0 0 0.0 0.0 0.0 0 1
1956.0 1956 1956 0.0 0 0 0.0 0.0 0.0 0 1
1896.0 1896 1896 0.0 0 0 0.0 0.0 0.0 0 1
1938.0 1938 1938 0.0 0 0 0.0 0.0 0.0 0 1
2131.42857143 2251 1994 0.571428571429 3 0 0.00027374203766 0.00144023043687 0.0 6 1
2000.15789474 2094 1930 1.84210526316 4 0 0.000920685087219 0.0020366598778 0.0 18 1
2032.0 2090 1974 1.85714285714 4 0 0.00091383486967 0.00202224469161 0.0 6 1
2222.0 2222 2222 0.0 0 0 0.0 0.0 0.0 0 1
2045.4 2136 1924 1.86666666667 4 0 0.000899517483492 0.00194647201946 0.0 14 1
1941.0 1941 1941 0.0 0 0 0.0 0.0 0.0 0 1
2132.0 2141 2123 1.5 3 0 0.000699626865672 0.00139925373134 0.0 1 1
2207.0 2207 2207 0.0 0 0 0.0 0.0 0.0 0 1
2021.0 2036 2006 0.0 0 0 0.0 0.0 0.0 1 1
1894.83333333 1956 1854 1.0 2 0 0.000524346692244 0.00103573278094 0.0 5 1
1878.5 1937 1788 0.5 1 0 0.00026385551158 0.000536480686695 0.0 3 1
2018.0 2018 2018 0.0 0 0 0.0 0.0 0.0 0 1
2033.71428571 2154 1929 2.71428571429 6 0 0.00131302874916 0.00294695481336 0.0 13 1
1928.0 1973 1841 1.0 3 0 0.000515092156713 0.00152983171851 0.0 5 1
2088.0 2129 2061 0.666666666667 1 0 0.000318149873484 0.000484966052376 0.0 2 1
1850.0 1867 1833 0.5 1 0 0.000267665952891 0.000535331905782 0.0 1 1
2184.0 2184 2184 0.0 0 0 0.0 0.0 0.0 0 1
2071.0 2071 2071 0.0 0 0 0.0 0.0 0.0 0 1
2037.33333333 2116 1962 0.666666666667 1 0 0.000321255682616 0.0004914004914 0.0 2 1
2062.0 2062 2062 0.0 0 0 0.0 0.0 0.0 0 1
1989.3 2100 1884 0.9 2 0 0.000449794314877 0.00103573278094 0.0 9 1
2146.0 2146 2146 0.0 0 0 0.0 0.0 0.0 0 1
2044.0 2044 2044 0.0 0 0 0.0 0.0 0.0 0 1
2124.0 2124 2124 0.0 0 0 0.0 0.0 0.0 0 1
2286.0 2286 2286 0.0 0 0 0.0 0.0 0.0 0 1
2091.66666667 2130 2072 0.333333333333 1 0 0.000160720025715 0.000482160077146 0.0 2 1
1994.0 1994 1994 0.0 0 0 0.0 0.0 0.0 0 1
1907.3 2018 1815 0.9 2 0 0.000470589259481 0.00106951871658 0.0 9 1
1989.0 2050 1934 0.571428571429 1 0 0.000289492420028 0.000516795865633 0.0 6 1
2109.0 2109 2109 0.0 0 0 0.0 0.0 0.0 0 1
2110.0 2110 2110 0.0 0 0 0.0 0.0 0.0 0 1
2116.0 2116 2116 0.0 0 0 0.0 0.0 0.0 0 1
2038.5 2187 1945 1.125 2 0 0.000553224634105 0.00102092904543 0.0 7 1
2060.66666667 2068 2052 1.33333333333 2 0 0.00064663113645 0.000973709834469 0.0 2 1
1966.66666667 2024 1937 0.333333333333 1 0 0.000164609053498 0.000493827160494 0.0 2 1
2066.5 2107 2017 0.75 1 0 0.000362442472399 0.000495540138751 0.0 3 1
2248.0 2248 2248 0.0 0 0 0.0 0.0 0.0 0 1
2180.5 2223 2138 0.5 1 0 0.000233754090697 0.000467508181393 0.0 1 1
2194.0 2194 2194 0.0 0 0 0.0 0.0 0.0 0 1
1999.0 1999 1999 0.0 0 0 0.0 0.0 0.0 0 1
1899.12 2004 1820 4.2 10 0 0.00220789378953 0.00546448087432 0.0 24 1
1945.0 2022 1829 1.08333333333 2 0 0.000553180856953 0.00101214574899 0.0 11 1
1973.0 1973 1973 0.0 0 0 0.0 0.0 0.0 0 1
2066.75 2086 2052 0.25 1 0 0.000119789171059 0.000479156684236 0.0 3 1
1989.5 2029 1950 0.0 0 0 0.0 0.0 0.0 1 1
1961.0 1961 1961 0.0 0 0 0.0 0.0 0.0 0 1
2089.0 2089 2089 0.0 0 0 0.0 0.0 0.0 0 1
2052.0 2115 1985 1.25 3 0 0.000603125980049 0.0014164305949 0.0 7 1
2156.0 2159 2153 0.0 0 0 0.0 0.0 0.0 1 1
2129.0 2129 2129 0.5 1 0 0.000234741784038 0.000469483568075 0.0 1 1
2085.5 2126 2048 0.75 2 0 0.000353445818337 0.00093984962406 0.0 3 1
2147.0 2147 2147 0.0 0 0 0.0 0.0 0.0 0 1
1988.0 1988 1988 0.0 0 0 0.0 0.0 0.0 0 1
1984.31578947 2067 1898 2.89473684211 9 0 0.0014546333813 0.00464156781846 0.0 18 1
2193.0 2193 2193 0.0 0 0 0.0 0.0 0.0 0 1
2081.5 2091 2072 1.0 2 0 0.000482160077146 0.000964320154291 0.0 1 1
2077.6 2194 2014 1.2 2 0 0.000572200858607 0.000981836033382 0.0 4 1
2089.75 2194 1995 1.83333333333 5 0 0.000879184304823 0.00243902439024 0.0 11 1
2058.0 2092 2031 0.75 2 0 0.000367183470792 0.000983767830792 0.0 3 1
1971.0 1971 1971 0.0 0 0 0.0 0.0 0.0 0 1
2090.0 2095 2085 0.0 0 0 0.0 0.0 0.0 1 1
2045.0 2098 1999 1.0 2 0 0.000491972530489 0.000999500249875 0.0 2 1
2166.0 2175 2157 0.5 1 0 0.000231696014829 0.000463392029657 0.0 1 1
2038.6 2116 1989 0.6 1 0 0.000291878165608 0.00049850448654 0.0 4 1
2196.0 2196 2196 0.0 0 0 0.0 0.0 0.0 0 1
2000.5 2043 1977 0.5 1 0 0.00024762248086 0.000501253132832 0.0 3 1
2006.0 2030 1982 0.5 1 0 0.000246184145741 0.000492368291482 0.0 1 1
2057.0 2057 2057 0.0 0 0 0.0 0.0 0.0 0 1
1998.0 1998 1998 0.0 0 0 0.0 0.0 0.0 0 1
2149.0 2157 2134 0.666666666667 1 0 0.000310592034866 0.000468384074941 0.0 2 1
2006.0 2017 1995 0.0 0 0 0.0 0.0 0.0 1 1
2023.0 2045 2001 0.0 0 0 0.0 0.0 0.0 1 1
2084.66666667 2134 2046 1.0 2 0 0.000477258403914 0.000963391136802 0.0 2 1
1994.5 2019 1970 0.5 1 0 0.000247524752475 0.00049504950495 0.0 1 1
2225.5 2234 2217 1.0 2 0 0.000450653447499 0.000901306894998 0.0 1 1
2132.5 2183 2068 0.25 1 0 0.000114731528224 0.000458926112896 0.0 3 1
1998.5 2027 1970 0.0 0 0 0.0 0.0 0.0 1 1
2192.0 2192 2192 0.0 0 0 0.0 0.0 0.0 0 1
2213.0 2213 2213 0.0 0 0 0.0 0.0 0.0 0 1
2073.71428571 2154 2011 0.714285714286 1 0 0.000341368037609 0.000485436893204 0.0 6 1
2074.2 2123 1996 1.0 2 0 0.000476033738516 0.000941176470588 0.0 4 1
2130.0 2130 2130 0.0 0 0 0.0 0.0 0.0 0 1
2154.33333333 2321 2036 1.0 3 0 0.000451918933806 0.00132802124834 0.0 11 1
2062.0 2149 2009 0.333333333333 1 0 0.00016583747927 0.000497512437811 0.0 2 1
2098.0 2098 2098 0.0 0 0 0.0 0.0 0.0 0 1
2012.33333333 2097 1970 0.333333333333 1 0 0.00015888147442 0.00047664442326 0.0 2 1
2043.0 2043 2043 0.0 0 0 0.0 0.0 0.0 0 1
2007.66666667 2119 1915 0.833333333333 3 0 0.00040641081627 0.00149551345962 0.0 5 1
2188.33333333 2250 2145 0.666666666667 2 0 0.000296033155713 0.00088809946714 0.0 2 1
2058.75 2091 2012 0.75 1 0 0.00036140890507 0.000486854917235 0.0 3 1
1993.42857143 2066 1893 1.92857142857 4 0 0.000958937600417 0.00196656833825 0.0 13 1
2194.0 2204 2184 0.5 1 0 0.000226757369615 0.000453514739229 0.0 1 1
2064.75 2142 2012 0.5 1 0 0.000236505485764 0.000479386385427 0.0 3 1
2029.0 2029 2029 0.0 0 0 0.0 0.0 0.0 0 1
2013.0 2031 1995 0.5 1 0 0.000246062992126 0.000492125984252 0.0 1 1
2046.0 2074 1997 0.333333333333 1 0 0.000166833500167 0.000500500500501 0.0 2 1
1939.0 1991 1896 0.2 1 0 0.000105429625725 0.000527148128624 0.0 4 1
1941.66666667 1969 1902 0.0 0 0 0.0 0.0 0.0 2 1
2158.0 2176 2145 0.666666666667 2 0 0.000306091215182 0.000918273645546 0.0 2 1
1988.66666667 2012 1957 1.0 2 0 0.0004990904129 0.00100050025013 0.0 2 1
1997.0 1997 1997 0.0 0 0 0.0 0.0 0.0 0 1
2074.0 2074 2074 0.0 0 0 0.0 0.0 0.0 0 1
1933.0 1933 1933 0.0 0 0 0.0 0.0 0.0 0 1
2022.0 2022 2022 0.0 0 0 0.0 0.0 0.0 0 1
2068.0 2068 2068 0.0 0 0 0.0 0.0 0.0 0 1
2207.0 2207 2207 0.0 0 0 0.0 0.0 0.0 0 1
2070.0 2070 2070 0.0 0 0 0.0 0.0 0.0 0 1
1969.0 1987 1951 0.5 1 0 0.000251509054326 0.000503018108652 0.0 1 1
1989.2 2119 1861 0.8 1 0 0.000396062306152 0.000515995872033 0.0 4 1
2100.25 2109 2091 1.75 3 0 0.000831871470658 0.0014245014245 0.0 3 1
2038.0 2038 2038 0.0 0 0 0.0 0.0 0.0 0 1
2097.8 2174 2051 0.8 2 0 0.000379587973557 0.000956937799043 0.0 4 1
