2067.0 2104 2030 0.0 0 0 0.0 0.0 0.0 1 1
2207.0 2207 2207 0.0 0 0 0.0 0.0 0.0 0 1
1986.6 2070 1945 0.8 1 0 0.000406777694513 0.000513874614594 0.0 4 1
2282.0 2282 2282 0.0 0 0 0.0 0.0 0.0 0 1
2137.5 2162 2113 0.0 0 0 0.0 0.0 0.0 1 1
2123.0 2123 2123 0.0 0 0 0.0 0.0 0.0 0 1
1948.0 1948 1948 0.0 0 0 0.0 0.0 0.0 0 1
1982.5 2008 1957 0.0 0 0 0.0 0.0 0.0 1 1
2153.0 2153 2153 0.0 0 0 0.0 0.0 0.0 0 1
1913.0 1913 1913 0.0 0 0 0.0 0.0 0.0 0 1
2155.66666667 2172 2135 0.666666666667 1 0 0.000309452691729 0.000468164794007 0.0 2 1
2016.22222222 2155 1880 1.0 2 0 0.000494822409706 0.00104657247514 0.0 8 1
2021.8 2113 1947 0.6 3 0 0.000283553875236 0.00141776937618 0.0 4 1
1990.0 1990 1990 0.0 0 0 0.0 0.0 0.0 0 1
2039.2 2107 1988 1.2 3 0 0.000576047112276 0.00145843461351 0.0 4 1
2220.0 2220 2220 0.0 0 0 0.0 0.0 0.0 0 1
1912.0 1912 1912 0.0 0 0 0.0 0.0 0.0 0 1
2042.90909091 2111 1986 0.818181818182 2 0 0.00039807611799 0.000947867298578 0.0 10 1
1996.5 2000 1993 0.5 1 0 0.00025075225677 0.000501504513541 0.0 1 1
2020.8 2061 1995 0.6 1 0 0.000297585354545 0.000501002004008 0.0 4 1
2042.66666667 2102 2010 0.666666666667 2 0 0.000316856780735 0.000950570342205 0.0 2 1
1355.8315508 1881 1129 64.9197860963 164 0 0.0458893913809 0.0998003992016 0.0 373 1
2097.5 2124 2071 0.0 0 0 0.0 0.0 0.0 1 1
2075.4 2110 2040 0.6 1 0 0.000287054899403 0.000483325277912 0.0 4 1
1957.0 2032 1878 1.57142857143 3 0 0.000802095846939 0.00155199172271 0.0 6 1
2007.0 2040 1914 2.375 4 0 0.00119129756215 0.00208550573514 0.0 7 1
2046.66666667 2073 2029 0.666666666667 2 0 0.000326797385621 0.000980392156863 0.0 2 1
1928.25 1963 1891 0.25 1 0 0.000130208333333 0.000520833333333 0.0 3 1
1998.83333333 2111 1888 0.833333333333 2 0 0.000421195542184 0.0010582010582 0.0 11 1
2070.0 2070 2070 0.0 0 0 0.0 0.0 0.0 0 1
2013.0 2013 2013 0.0 0 0 0.0 0.0 0.0 0 1
2099.0 2099 2099 0.0 0 0 0.0 0.0 0.0 0 1
2086.5 2111 2062 0.5 1 0 0.000242365487155 0.000484730974309 0.0 1 1
2107.0 2107 2107 0.0 0 0 0.0 0.0 0.0 0 1
2179.5 2264 2066 1.6 3 0 0.00072857982988 0.00136612021858 0.0 9 1
2085.33333333 2173 2031 0.666666666667 1 0 0.000317369194996 0.000492125984252 0.0 2 1
1798.92941176 2105 1516 10.6823529412 30 0 0.00592099096906 0.0155763239875 0.0 84 1
2041.0 2041 2041 0.0 0 0 0.0 0.0 0.0 0 1
2114.0 2114 2114 0.0 0 0 0.0 0.0 0.0 0 1
2053.25 2090 2019 0.75 2 0 0.000365866362621 0.000983767830792 0.0 7 1
2114.0 2114 2114 0.0 0 0 0.0 0.0 0.0 0 1
2275.0 2275 2275 0.0 0 0 0.0 0.0 0.0 0 1
1850.28571429 1969 1796 1.42857142857 2 0 0.000776267371335 0.00111234705228 0.0 6 1
2091.0 2091 2091 0.0 0 0 0.0 0.0 0.0 0 1
2056.0 2136 2021 0.75 1 0 0.000364022243909 0.000494559841741 0.0 3 1
1275.96855346 2056 946 66.106918239 190 0 0.0501904815168 0.126835781041 0.0 476 1
2138.0 2147 2129 0.0 0 0 0.0 0.0 0.0 1 1
1987.0 2014 1952 0.666666666667 1 0 0.000337678258035 0.000512032770097 0.0 2 1
2031.0 2031 2031 0.0 0 0 0.0 0.0 0.0 0 1
2128.0 2128 2128 0.0 0 0 0.0 0.0 0.0 0 1
2156.0 2169 2143 0.5 1 0 0.000233208955224 0.000466417910448 0.0 1 1
2051.5 2054 2049 0.5 1 0 0.000243309002433 0.000486618004866 0.0 1 1
2170.0 2226 2098 0.0 0 0 0.0 0.0 0.0 3 1
1967.66666667 2068 1907 0.333333333333 1 0 0.000174703004892 0.000524109014675 0.0 2 1
1751.78740157 2057 1513 15.7007874016 61 0 0.00884426865885 0.0322410147992 0.0 126 1
2129.0 2129 2129 0.0 0 0 0.0 0.0 0.0 0 1
2218.0 2218 2218 0.0 0 0 0.0 0.0 0.0 0 1
1739.03174603 2016 1572 21.2698412698 42 0 0.0122181645245 0.0251046025105 0.0 62 1
2090.0 2090 2090 0.0 0 0 0.0 0.0 0.0 0 1
2150.0 2150 2150 0.0 0 0 0.0 0.0 0.0 0 1
2098.33333333 2157 2057 0.0 0 0 0.0 0.0 0.0 2 1
2195.0 2195 2195 0.0 0 0 0.0 0.0 0.0 0 1
1945.0 1980 1910 0.0 0 0 0.0 0.0 0.0 1 1
1383.003 2140 1010 52.061 160 1 0.0376459138227 0.126984126984 0.000490436488475 999 1
2123.25 2180 2041 0.75 1 0 0.000348617674209 0.000472143531634 0.0 3 1
2124.4 2147 2070 1.2 2 0 0.000560839093632 0.000935891436593 0.0 4 1
2230.66666667 2304 2169 0.666666666667 2 0 0.000289100896213 0.000867302688638 0.0 2 1
2180.0 2180 2180 0.0 0 0 0.0 0.0 0.0 0 1
2071.2 2138 2034 0.8 2 0 0.00038865984537 0.000977517106549 0.0 4 1
2054.5 2091 2018 0.5 1 0 0.000239005736138 0.000478011472275 0.0 1 1
1438.31944444 2021 1000 76.125 160 0 0.0526184123679 0.105401844532 0.0 143 1
2089.0 2089 2089 0.0 0 0 0.0 0.0 0.0 0 1
2115.0 2172 2065 1.0 2 0 0.000464707190122 0.000919963201472 0.0 2 1
1979.0 2035 1934 0.75 2 0 0.000374657974754 0.000981836033382 0.0 3 1
2101.5 2125 2079 0.5 1 0 0.000237869557857 0.00047664442326 0.0 3 1
1989.0 1989 1989 0.0 0 0 0.0 0.0 0.0 0 1
2199.0 2199 2199 0.0 0 0 0.0 0.0 0.0 0 1
2047.0 2070 2024 0.0 0 0 0.0 0.0 0.0 1 1
1990.27777778 2199 1876 1.61111111111 3 0 0.000807325276996 0.00159659393294 0.0 17 1
2229.5 2272 2187 0.0 0 0 0.0 0.0 0.0 1 1
2116.66666667 2138 2100 0.666666666667 1 0 0.000313589649359 0.000473260766682 0.0 2 1
1355.58559783 2193 972 58.6154891304 209 0 0.0421014752948 0.138870431894 0.0 735 1
1462.78571429 2103 1032 71.5 167 0 0.0476630748518 0.121632024634 0.0 111 1
2083.0 2085 2081 1.0 2 0 0.000479156684236 0.000958313368471 0.0 1 1
2063.5 2070 2057 0.5 1 0 0.000241429261226 0.000482858522453 0.0 1 1
1948.66666667 1993 1901 0.666666666667 2 0 0.000334168755221 0.00100250626566 0.0 2 1
1940.0 1967 1895 1.0 2 0 0.000508736185073 0.0010157440325 0.0 2 1
2185.0 2185 2185 0.0 0 0 0.0 0.0 0.0 0 1
2117.0 2117 2117 0.0 0 0 0.0 0.0 0.0 0 1
2211.0 2211 2211 0.0 0 0 0.0 0.0 0.0 0 1
1980.0 1980 1980 0.0 0 0 0.0 0.0 0.0 0 1
2075.75 2093 2044 0.5 1 0 0.000239812621804 0.000481695568401 0.0 3 1
2078.5 2092 2052 1.25 2 0 0.000600930139376 0.000959232613909 0.0 3 1
2290.0 2345 2251 0.5 2 0 0.000221926320462 0.000887705281846 0.0 3 1
2116.0 2116 2116 0.0 0 0 0.0 0.0 0.0 0 1
2106.0 2106 2106 0.0 0 0 0.0 0.0 0.0 0 1
2137.8 2157 2097 1.4 3 0 0.000651770781882 0.0013986013986 0.0 4 1
2005.0 2005 2005 0.0 0 0 0.0 0.0 0.0 0 1
2212.33333333 2251 2178 0.666666666667 1 0 0.000298914420018 0.000452693526483 0.0 2 1
1934.0 1934 1934 0.0 0 0 0.0 0.0 0.0 0 1
2163.0 2163 2163 0.0 0 0 0.0 0.0 0.0 0 1
2051.0 2051 2051 0.0 0 0 0.0 0.0 0.0 0 1
2066.11111111 2138 1951 0.777777777778 3 0 0.000368278383636 0.00142382534409 0.0 8 1
2080.5 2106 2055 0.5 1 0 0.000237304224015 0.00047460844803 0.0 1 1
2122.75 2202 2021 1.25 4 0 0.000598639571755 0.0019147917664 0.0 7 1
1327.54615385 2136 899 70.1576923077 183 0 0.0508717106475 0.132376395534 0.0 259 1
1786.02739726 2087 1637 13.3698630137 43 0 0.00738387353127 0.0231058570661 0.0 72 1
2204.75 2247 2179 1.5 3 0 0.00068397643628 0.00137425561154 0.0 3 1
2022.0 2078 1966 0.0 0 0 0.0 0.0 0.0 1 1
2045.5 2056 2035 0.5 1 0 0.00024557956778 0.00049115913556 0.0 1 1
2018.0 2018 2018 0.0 0 0 0.0 0.0 0.0 0 1
2102.57142857 2130 2082 0.714285714286 2 0 0.000339634909451 0.000945179584121 0.0 6 1
2122.5 2138 2107 0.5 1 0 0.000237191650854 0.000474383301708 0.0 1 1
2260.0 2260 2260 0.0 0 0 0.0 0.0 0.0 0 1
2089.0 2089 2089 0.0 0 0 0.0 0.0 0.0 0 1
1917.0 1917 1917 0.0 0 0 0.0 0.0 0.0 0 1
2123.0 2123 2123 0.0 0 0 0.0 0.0 0.0 0 1
2087.33333333 2191 1921 1.41666666667 3 0 0.000667137853576 0.00143884892086 0.0 11 1
1922.33333333 1963 1887 0.333333333333 1 0 0.000173792144595 0.000521376433785 0.0 2 1
1825.0 1874 1771 2.0 4 0 0.00107908569392 0.00212992545261 0.0 3 1
2044.5 2066 2023 0.5 1 0 0.000241896468312 0.000483792936623 0.0 1 1
2052.0 2052 2052 0.0 0 0 0.0 0.0 0.0 0 1
2015.5 2053 1986 1.25 3 0 0.000614536241968 0.00145914396887 0.0 3 1
2086.84615385 2196 2007 1.23076923077 3 0 0.00058896379008 0.00145843461351 0.0 12 1
1998.5 2004 1992 0.5 1 0 0.00025012731593 0.000501756146513 0.0 3 1
2066.0 2066 2066 0.0 0 0 0.0 0.0 0.0 0 1
1545.92237443 1959 1348 41.9086757991 94 0 0.0267345402451 0.0570719602978 0.0 218 1
1923.0 1923 1923 0.0 0 0 0.0 0.0 0.0 0 1
2057.0 2100 2014 1.0 2 0 0.000475737392959 0.000951474785918 0.0 1 1
2217.0 2217 2217 0.0 0 0 0.0 0.0 0.0 0 1
2050.0 2050 2050 0.0 0 0 0.0 0.0 0.0 0 1
1966.4375 2143 1818 0.625 3 0 0.00030583516554 0.00139794967381 0.0 15 1
2052.0 2075 2029 0.5 1 0 0.0002408477842 0.000481695568401 0.0 1 1
2039.0 2039 2039 0.0 0 0 0.0 0.0 0.0 0 1
1307.859 1996 988 65.415 182 1 0.0490260369939 0.137152777778 0.000505816894284 999 1
2288.5 2346 2231 0.5 1 0 0.00021303792075 0.0004260758415 0.0 1 1
2163.0 2163 2163 0.0 0 0 0.0 0.0 0.0 0 1
2218.0 2218 2218 0.0 0 0 0.0 0.0 0.0 0 1
2000.66666667 2012 1981 0.666666666667 1 0 0.00033401776854 0.00050454086781 0.0 2 1
2040.0 2040 2040 0.0 0 0 0.0 0.0 0.0 0 1
2022.5 2087 1972 1.25 3 0 0.000610750049319 0.00143540669856 0.0 3 1
1533.62878788 1922 1361 35.8787878788 132 0 0.0224806607558 0.0835443037975 0.0 131 1
2036.0 2052 2020 0.5 1 0 0.0002435460302 0.000487092060399 0.0 1 1
2059.33333333 2079 2030 0.333333333333 1 0 0.000161030595813 0.00048309178744 0.0 2 1
1819.47540984 2147 1544 9.11475409836 27 0 0.00489961344807 0.0155083285468 0.0 60 1
2022.0 2022 2022 0.0 0 0 0.0 0.0 0.0 0 1
2181.0 2181 2181 0.0 0 0 0.0 0.0 0.0 0 1
2106.0 2106 2106 0.0 0 0 0.0 0.0 0.0 0 1
2035.0 2035 2035 0.0 0 0 0.0 0.0 0.0 0 1
2051.2 2085 1978 1.0 3 0 0.000480837571237 0.0014367816092 0.0 4 1
2025.0 2025 2025 0.0 0 0 0.0 0.0 0.0 0 1
2066.91666667 2179 1968 2.66666666667 6 0 0.00128722830083 0.00291686922703 0.0 11 1
2136.0 2136 2136 0.0 0 0 0.0 0.0 0.0 0 1
2080.5 2112 2049 0.5 1 0 0.000236630383341 0.000473260766682 0.0 1 1
1849.4 1877 1830 0.4 1 0 0.000213850003173 0.000536768652711 0.0 4 1
2244.5 2263 2226 0.5 1 0 0.000220848056537 0.000441696113074 0.0 1 1
1861.96296296 1979 1713 3.44444444444 9 0 0.00183839267348 0.00467289719626 0.0 26 1
2085.75 2120 2061 0.25 1 0 0.00011786892975 0.000471475719 0.0 3 1
2080.0 2093 2057 0.666666666667 1 0 0.000321154522663 0.000485908649174 0.0 2 1
2176.5 2216 2137 0.5 1 0 0.000225529995489 0.000451059990979 0.0 1 1
1864.4 1962 1764 0.4 1 0 0.000211714633963 0.00054914881933 0.0 4 1
1954.5 2061 1826 0.75 2 0 0.000378975396619 0.00100806451613 0.0 7 1
2091.75 2146 2022 1.75 4 0 0.000824737592359 0.00187353629977 0.0 3 1
2161.0 2208 2136 0.666666666667 1 0 0.000306661082036 0.000467289719626 0.0 2 1
2105.0 2105 2105 0.0 0 0 0.0 0.0 0.0 0 1
1997.0 2070 1903 0.142857142857 1 0 7.29607471181e-05 0.000510725229826 0.0 6 1
1959.75 1999 1888 0.625 1 0 0.000320636422798 0.000529380624669 0.0 7 1
1935.28571429 1994 1891 0.714285714286 3 0 0.000363448804125 0.00150225338007 0.0 6 1
1964.9375 2040 1857 1.125 2 0 0.000569644451362 0.00103896103896 0.0 15 1
1993.5 2034 1953 0.5 1 0 0.0002457002457 0.0004914004914 0.0 1 1
2137.5 2172 2090 0.0 0 0 0.0 0.0 0.0 3 1
2016.90909091 2154 1838 1.27272727273 2 0 0.000618927429382 0.000996015936255 0.0 10 1
2052.5 2093 2012 0.5 1 0 0.000248385494287 0.000496770988574 0.0 1 1
2218.0 2218 2218 0.0 0 0 0.0 0.0 0.0 0 1
2078.54545455 2144 2016 2.27272727273 7 0 0.00108692449912 0.00335249042146 0.0 10 1
2082.0 2082 2082 0.0 0 0 0.0 0.0 0.0 0 1
2132.0 2132 2132 0.0 0 0 0.0 0.0 0.0 0 1
2057.33333333 2116 2010 0.333333333333 1 0 0.00016283992835 0.000488519785051 0.0 2 1
2059.0 2059 2059 0.0 0 0 0.0 0.0 0.0 0 1
2115.25 2200 2044 0.5 1 0 0.000238043737989 0.000488997555012 0.0 3 1
2008.0 2008 2008 0.0 0 0 0.0 0.0 0.0 0 1
2070.5 2103 2031 0.75 1 0 0.000361127597999 0.000492125984252 0.0 3 1
2038.0 2038 2038 0.0 0 0 0.0 0.0 0.0 0 1
1772.43076923 2212 1505 21.4307692308 69 0 0.0120711858163 0.0376712328767 0.0 64 1
2147.0 2232 2116 0.4 1 0 0.000187617632273 0.000469704086426 0.0 4 1
1765.79710145 2251 1541 14.3043478261 50 0 0.00830375874149 0.0306560392397 0.0 68 1
2208.0 2208 2208 0.0 0 0 0.0 0.0 0.0 0 1
1935.71428571 1978 1874 1.0 2 0 0.000514379033582 0.00103199174407 0.0 6 1
1982.0 2003 1955 1.0 2 0 0.000502917892726 0.000997506234414 0.0 2 1
2045.0 2062 2028 0.0 0 0 0.0 0.0 0.0 1 1
2257.25 2341 2175 0.5 1 0 0.000221494384099 0.000446030330062 0.0 3 1
1914.5 1924 1905 0.5 1 0 0.00025974025974 0.000519480519481 0.0 1 1
2199.0 2199 2199 0.0 0 0 0.0 0.0 0.0 0 1
2086.0 2086 2086 0.0 0 0 0.0 0.0 0.0 0 1
1955.1 2014 1876 1.2 2 0 0.00061365396018 0.00105652403592 0.0 9 1
2012.5 2067 1964 0.333333333333 1 0 0.000165410807769 0.000508905852417 0.0 5 1
2006.88888889 2114 1962 1.33333333333 3 0 0.000663203752687 0.00152129817444 0.0 8 1
1808.0 1808 1808 0.0 0 0 0.0 0.0 0.0 0 1
2101.06666667 2180 1995 0.4 2 0 0.000187028438566 0.00093153237075 0.0 14 1
1995.5 2031 1960 0.5 1 0 0.000246062992126 0.000492125984252 0.0 1 1
1845.5 1867 1822 0.25 1 0 0.00013520822066 0.000540832882639 0.0 3 1
1948.5 2022 1859 1.0 2 0 0.000502488764702 0.00098814229249 0.0 3 1
2199.0 2249 2165 0.0 0 0 0.0 0.0 0.0 2 1
1978.5 1995 1962 1.0 2 0 0.00050916496945 0.0010183299389 0.0 1 1
2046.0 2117 1981 0.6 2 0 0.00028832109605 0.000969461948619 0.0 4 1
2075.44444444 2150 1998 2.33333333333 6 0 0.00113303686265 0.00294406280667 0.0 8 1
1999.0 1999 1999 0.0 0 0 0.0 0.0 0.0 0 1
1949.0 1949 1949 0.0 0 0 0.0 0.0 0.0 0 1
2006.8 2052 1970 1.0 2 0 0.000494304968304 0.000976085895559 0.0 4 1
2209.5 2235 2178 0.5 1 0 0.000224419410466 0.00045045045045 0.0 3 1
1894.0 1894 1894 0.0 0 0 0.0 0.0 0.0 0 1
2114.0 2114 2114 0.0 0 0 0.0 0.0 0.0 0 1
1910.16923077 2108 1703 7.46153846154 27 0 0.00387460566388 0.0138248847926 0.0 64 1
2280.0 2280 2280 0.0 0 0 0.0 0.0 0.0 0 1
2013.0 2055 1971 0.5 1 0 0.000243190661479 0.000486381322957 0.0 1 1
2131.0 2131 2131 0.0 0 0 0.0 0.0 0.0 0 1
2087.0 2132 2026 0.75 2 0 0.000357636758493 0.000937207122774 0.0 3 1
2037.0 2037 2037 0.0 0 0 0.0 0.0 0.0 0 1
2149.0 2149 2149 0.0 0 0 0.0 0.0 0.0 0 1
2085.0 2085 2085 0.0 0 0 0.0 0.0 0.0 0 1
2027.0 2081 1973 0.5 1 0 0.000240153698367 0.000480307396734 0.0 1 1
2074.5 2118 2031 0.5 1 0 0.00023596035866 0.000471920717319 0.0 1 1
2180.0 2180 2180 0.0 0 0 0.0 0.0 0.0 0 1
2028.5 2037 2020 0.0 0 0 0.0 0.0 0.0 1 1
2192.0 2255 2119 0.333333333333 1 0 0.000147754137116 0.000443262411348 0.0 2 1
1980.0 1980 1980 0.0 0 0 0.0 0.0 0.0 0 1
2246.0 2246 2246 0.0 0 0 0.0 0.0 0.0 0 1
2156.66666667 2181 2134 0.666666666667 1 0 0.000307372344822 0.000463821892393 0.0 2 1
1995.0 2028 1954 0.75 2 0 0.000372377027393 0.000985221674877 0.0 3 1
1975.0 1975 1975 0.0 0 0 0.0 0.0 0.0 0 1
2178.0 2178 2178 0.0 0 0 0.0 0.0 0.0 0 1
2014.0 2014 2014 0.0 0 0 0.0 0.0 0.0 0 1
2031.0 2039 2023 0.5 1 0 0.000245098039216 0.000490196078431 0.0 1 1
2102.5 2136 2069 1.0 2 0 0.000482858522453 0.000965717044906 0.0 1 1
2264.0 2264 2264 0.0 0 0 0.0 0.0 0.0 0 1
2012.0 2012 2012 0.0 0 0 0.0 0.0 0.0 0 1
2113.5 2143 2084 0.0 0 0 0.0 0.0 0.0 1 1
1962.66666667 2006 1899 1.0 2 0 0.000500016064773 0.000996015936255 0.0 2 1
2023.0 2027 2019 0.5 1 0 0.000246548323471 0.000493096646943 0.0 1 1
2179.5 2189 2170 0.5 1 0 0.000230308613542 0.000460617227084 0.0 1 1
2204.0 2204 2204 0.0 0 0 0.0 0.0 0.0 0 1
2234.0 2234 2234 0.0 0 0 0.0 0.0 0.0 0 1
1898.0 1911 1885 0.5 1 0 0.000265111346766 0.000530222693531 0.0 1 1
2078.66666667 2189 2002 1.33333333333 3 0 0.000638513616571 0.00147928994083 0.0 5 1
1755.75384615 2020 1422 21.8 67 0 0.0129036411882 0.0401757689893 0.0 64 1
1931.0 1931 1931 0.0 0 0 0.0 0.0 0.0 0 1
1929.0 1929 1929 0.0 0 0 0.0 0.0 0.0 0 1
1962.4109589 2162 1692 14.5342465753 41 0 0.00729287404705 0.0204590818363 0.0 72 1
1981.33333333 1994 1959 0.666666666667 1 0 0.00033740403792 0.000510204081633 0.0 2 1
2240.0 2243 2237 0.0 0 0 0.0 0.0 0.0 1 1
2066.42857143 2112 2013 0.714285714286 1 0 0.000345317938815 0.000496524329692 0.0 6 1
2057.5 2059 2056 1.0 2 0 0.000485201358564 0.000970402717128 0.0 1 1
1922.0 1922 1922 0.0 0 0 0.0 0.0 0.0 0 1
2061.0 2074 2048 1.0 2 0 0.000487804878049 0.000975609756098 0.0 1 1
2100.83333333 2140 2035 1.0 2 0 0.000472111493249 0.000937207122774 0.0 5 1
2056.0 2056 2056 0.0 0 0 0.0 0.0 0.0 0 1
2074.8 2136 2006 0.4 1 0 0.000196222925218 0.000498256103637 0.0 4 1
1588.69172932 2010 1305 45.5338345865 128 0 0.0282008255082 0.0725212464589 0.0 132 1
2104.0 2104 2104 0.0 0 0 0.0 0.0 0.0 0 1
2073.5 2093 2054 0.0 0 0 0.0 0.0 0.0 1 1
1965.0 1965 1965 0.0 0 0 0.0 0.0 0.0 0 1
2022.0 2042 2005 0.0 0 0 0.0 0.0 0.0 2 1
2101.375 2179 2032 1.375 4 0 0.000648099313943 0.00191113234591 0.0 7 1
2086.0 2086 2086 0.0 0 0 0.0 0.0 0.0 0 1
2105.0 2123 2087 0.5 1 0 0.000239463601533 0.000478927203065 0.0 1 1
1926.4 2014 1818 1.86666666667 3 0 0.000963183784643 0.00160170848905 0.0 14 1
2061.0 2061 2061 0.0 0 0 0.0 0.0 0.0 0 1
2143.25 2250 2060 0.5 1 0 0.000232362089974 0.000485201358564 0.0 3 1
1907.0 1907 1907 0.0 0 0 0.0 0.0 0.0 0 1
2002.0 2002 2002 0.0 0 0 0.0 0.0 0.0 0 1
2070.0 2080 2065 0.333333333333 1 0 0.000160179400929 0.000480538202787 0.0 2 1
1376.21077283 2200 921 53.4274004684 204 0 0.0389223964134 0.145427286357 0.0 853 1
2027.0 2059 1995 0.5 1 0 0.000250501002004 0.000501002004008 0.0 1 1
1986.5 2022 1914 0.666666666667 1 0 0.000337139616437 0.000522193211488 0.0 5 1
2059.125 2136 1973 2.0 6 0 0.00096730414234 0.00280373831776 0.0 15 1
2068.75 2109 1993 0.75 1 0 0.000358006692723 0.000480538202787 0.0 3 1
2008.0 2008 2008 0.0 0 0 0.0 0.0 0.0 0 1
1735.90449438 2034 1556 23.7696629213 87 0 0.01341238311 0.049685893775 0.0 177 1
1922.0 1987 1869 0.428571428571 2 0 0.000219073360262 0.0010055304173 0.0 6 1
1927.5 2029 1874 0.75 1 0 0.000386558883484 0.000533333333333 0.0 3 1
2139.0 2139 2139 0.0 0 0 0.0 0.0 0.0 0 1
1645.15636364 2196 1342 22.8218181818 95 0 0.013653822919 0.0520833333333 0.0 274 1
2210.5 2266 2155 1.0 2 0 0.000440917107584 0.000881834215168 0.0 1 1
2020.0 2020 2020 0.0 0 0 0.0 0.0 0.0 0 1
2135.18181818 2189 2074 0.363636363636 1 0 0.00016948242822 0.000472813238771 0.0 10 1
2190.0 2196 2184 0.5 1 0 0.000228832951945 0.00045766590389 0.0 1 1
1948.0 1990 1906 1.0 2 0 0.000502008032129 0.00100401606426 0.0 1 1
2104.0 2104 2104 0.0 0 0 0.0 0.0 0.0 0 1
2211.66666667 2251 2161 1.0 2 0 0.000447642046022 0.000898876404494 0.0 2 1
1989.66666667 2022 1957 0.333333333333 1 0 0.000170241743275 0.000510725229826 0.0 2 1
1979.33333333 2051 1921 0.333333333333 1 0 0.00016405788789 0.000497017892644 0.0 5 1
2224.0 2224 2224 0.0 0 0 0.0 0.0 0.0 0 1
2208.0 2208 2208 0.0 0 0 0.0 0.0 0.0 0 1
2063.5 2089 2027 0.25 1 0 0.00012025012025 0.000481000481 0.0 3 1
1955.21052632 2117 1862 1.84210526316 4 0 0.000935490429519 0.00206825232678 0.0 18 1
1989.0 1989 1989 0.0 0 0 0.0 0.0 0.0 0 1
2094.0 2094 2094 0.0 0 0 0.0 0.0 0.0 0 1
1831.6 1898 1784 0.6 1 0 0.000324168668046 0.000553709856035 0.0 4 1
1310.43939394 2055 985 62.1022727273 187 0 0.0469517635822 0.143790849673 0.0 527 1
2108.33333333 2180 2054 0.333333333333 1 0 0.000152835090937 0.000458505272811 0.0 2 1
1984.4 2083 1900 0.6 2 0 0.000291946622882 0.000959232613909 0.0 4 1
2171.25 2212 2123 0.875 2 0 0.000402587387017 0.000934142923867 0.0 7 1
1956.0 1956 1956 0.0 0 0 0.0 0.0 0.0 0 1
2001.0 2005 1994 0.333333333333 1 0 0.000167084377611 0.000501253132832 0.0 2 1
2074.0 2085 2053 0.333333333333 1 0 0.000162284972412 0.000486854917235 0.0 2 1
2038.4 2084 2008 0.8 2 0 0.000392352666128 0.000969932104753 0.0 4 1
1948.0 1971 1925 0.0 0 0 0.0 0.0 0.0 1 1
2286.5 2370 2246 0.75 1 0 0.000326157292176 0.000445037828215 0.0 3 1
2071.5 2098 2045 0.5 1 0 0.000238208670796 0.000476417341591 0.0 1 1
2011.0 2050 1994 0.5 1 0 0.000250501064881 0.000501253132832 0.0 3 1
2123.0 2123 2123 0.0 0 0 0.0 0.0 0.0 0 1
1940.0 1980 1860 1.0 2 0 0.000510607465873 0.00103788271925 0.0 4 1
1933.0 1933 1933 0.0 0 0 0.0 0.0 0.0 0 1
2074.0 2107 2041 0.0 0 0 0.0 0.0 0.0 1 1
2241.0 2241 2241 0.0 0 0 0.0 0.0 0.0 0 1
1948.625 2025 1889 1.25 4 0 0.000645342508659 0.00207146556189 0.0 7 1
2208.0 2211 2205 0.5 1 0 0.000226654578422 0.000453309156845 0.0 1 1
2080.5 2115 2046 0.5 1 0 0.00023629489603 0.00047258979206 0.0 1 1
2090.0 2090 2090 0.0 0 0 0.0 0.0 0.0 0 1
2206.0 2206 2206 0.0 0 0 0.0 0.0 0.0 0 1
1912.0 1919 1905 0.5 1 0 0.000260416666667 0.000520833333333 0.0 1 1
2011.0 2011 2011 0.0 0 0 0.0 0.0 0.0 0 1
2116.0 2116 2116 0.0 0 0 0.0 0.0 0.0 0 1
2016.5 2082 1951 0.5 1 0 0.000240038406145 0.00048007681229 0.0 1 1
2144.5 2281 2082 1.16666666667 3 0 0.000546626405451 0.00143129770992 0.0 5 1
2015.0 2015 2015 0.0 0 0 0.0 0.0 0.0 0 1
1867.25 1915 1839 0.5 2 0 0.000266951414842 0.00106780565937 0.0 3 1
2073.0 2073 2073 0.0 0 0 0.0 0.0 0.0 0 1
2041.0 2048 2034 0.5 1 0 0.00024402147389 0.000488042947779 0.0 1 1
2140.0 2140 2140 0.0 0 0 0.0 0.0 0.0 0 1
2182.0 2182 2182 0.0 0 0 0.0 0.0 0.0 0 1
2114.71428571 2190 2031 0.714285714286 1 0 0.000336696924269 0.000492125984252 0.0 6 1
2018.5 2038 1999 0.5 1 0 0.000245218244237 0.000490436488475 0.0 1 1
1834.0 1844 1819 0.333333333333 1 0 0.00018315018315 0.000549450549451 0.0 2 1
2057.0 2102 2012 0.5 1 0 0.000237755587256 0.000475511174513 0.0 1 1
2136.0 2136 2136 0.0 0 0 0.0 0.0 0.0 0 1
2070.0 2132 2020 1.0 2 0 0.000488559446203 0.000970873786408 0.0 2 1
1785.7 2041 1634 8.92222222222 28 0 0.00499906529364 0.015393386545 0.0 89 1
2061.0 2061 2061 0.0 0 0 0.0 0.0 0.0 0 1
2017.66666667 2048 1985 0.666666666667 1 0 0.000330522540163 0.000503524672709 0.0 2 1
1827.67567568 2046 1585 5.7027027027 14 0 0.00310009972307 0.00745473908413 0.0 36 1
2102.0 2102 2102 0.0 0 0 0.0 0.0 0.0 0 1
2150.0 2150 2150 0.0 0 0 0.0 0.0 0.0 0 1
1355.38358779 1922 1041 62.1603053435 159 0 0.0442645514563 0.122685185185 0.0 523 1
1906.0 1989 1862 1.5 3 0 0.000785480039945 0.00160857908847 0.0 3 1
2037.0 2037 2037 0.0 0 0 0.0 0.0 0.0 0 1
2034.0 2034 2034 0.0 0 0 0.0 0.0 0.0 0 1
1393.66929134 2232 1061 60.5478065242 149 0 0.0422703924625 0.102777777778 0.0 888 1
2035.66666667 2063 2007 1.33333333333 2 0 0.00064979865979 0.000980872976949 0.0 2 1
2016.0 2131 1901 1.5 3 0 0.000702905342081 0.00140581068416 0.0 1 1
1870.0 1870 1870 0.0 0 0 0.0 0.0 0.0 0 1
1975.25 1992 1940 1.0 2 0 0.000506253800839 0.0010055304173 0.0 3 1
2084.0 2084 2084 0.0 0 0 0.0 0.0 0.0 0 1
1992.0 2018 1966 0.0 0 0 0.0 0.0 0.0 1 1
1812.44444444 2111 1553 12.4666666667 39 0 0.00703294884836 0.0230769230769 0.0 44 1
2058.5 2083 2034 0.5 1 0 0.0002457002457 0.0004914004914 0.0 1 1
1916.38461538 2157 1714 6.76923076923 14 0 0.00352210759339 0.00756347920043 0.0 38 1
2127.5 2152 2103 0.5 1 0 0.000232234091965 0.000464468183929 0.0 1 1
1935.58823529 1998 1855 1.17647058824 3 0 0.000609223587148 0.00159066808059 0.0 16 1
2321.0 2372 2270 0.5 1 0 0.000210703750527 0.000421407501054 0.0 1 1
2143.66666667 2168 2100 0.333333333333 1 0 0.000158654608916 0.000475963826749 0.0 2 1
2094.5 2096 2093 0.5 1 0 0.000238777459408 0.000477554918816 0.0 1 1
2154.0 2205 2126 1.0 2 0 0.000458784422234 0.000906207521522 0.0 2 1
2038.5 2107 1973 0.5 1 0 0.000239692001084 0.000487804878049 0.0 5 1
2247.66666667 2301 2200 0.5 1 0 0.000222016162445 0.000451263537906 0.0 5 1
1688.33516484 2143 1438 17.7472527473 72 0 0.0105351150116 0.0451693851945 0.0 181 1
2064.0 2064 2064 0.0 0 0 0.0 0.0 0.0 0 1
2041.0 2058 2024 1.0 2 0 0.000493583415597 0.000987166831194 0.0 1 1
1990.33333333 2123 1936 0.833333333333 2 0 0.000423966591108 0.00102933607823 0.0 5 1
1947.0 1954 1940 0.5 1 0 0.000257599175683 0.000515198351365 0.0 1 1
1977.0 2000 1963 0.333333333333 1 0 0.000169721656483 0.00050916496945 0.0 2 1
2235.75 2253 2224 0.25 1 0 0.000112258643916 0.000449034575662 0.0 3 1
1853.0 1935 1789 1.16666666667 2 0 0.000636213426331 0.00111669458403 0.0 5 1
2203.0 2203 2203 0.0 0 0 0.0 0.0 0.0 0 1
2104.0 2104 2104 0.0 0 0 0.0 0.0 0.0 0 1
2150.5 2155 2146 0.5 1 0 0.000231910946197 0.000463821892393 0.0 1 1
2047.5 2049 2046 0.0 0 0 0.0 0.0 0.0 1 1
2077.25 2120 2037 0.75 1 0 0.000359585832409 0.000490677134446 0.0 3 1
2030.0 2030 2030 0.0 0 0 0.0 0.0 0.0 0 1
1984.0 1984 1984 0.0 0 0 0.0 0.0 0.0 0 1
2146.0 2146 2146 0.0 0 0 0.0 0.0 0.0 0 1
2077.0 2077 2077 0.0 0 0 0.0 0.0 0.0 0 1
1908.0 1910 1906 0.0 0 0 0.0 0.0 0.0 1 1
2090.14285714 2200 2024 0.571428571429 1 0 0.000272787466904 0.000493827160494 0.0 6 1
2089.33333333 2151 2059 1.16666666667 3 0 0.000552275027544 0.00139275766017 0.0 5 1
2089.0 2089 2089 0.0 0 0 0.0 0.0 0.0 0 1
2014.0 2068 1960 0.0 0 0 0.0 0.0 0.0 1 1
1919.0 1919 1919 0.0 0 0 0.0 0.0 0.0 0 1
2207.0 2207 2207 0.0 0 0 0.0 0.0 0.0 0 1
2055.0 2105 2019 0.333333333333 1 0 0.000163238654913 0.00048971596474 0.0 2 1
2121.6 2160 2084 1.8 5 0 0.000852213461547 0.00239234449761 0.0 4 1
2075.5 2081 2070 0.5 1 0 0.000241429261226 0.000482858522453 0.0 1 1
1971.5 1997 1946 0.0 0 0 0.0 0.0 0.0 1 1
1638.21632653 2053 1375 24.3469387755 63 0 0.0147800451789 0.0373887240356 0.0 244 1
1976.0 1976 1976 0.0 0 0 0.0 0.0 0.0 0 1
2027.33333333 2032 2023 0.333333333333 1 0 0.000164365548981 0.000493096646943 0.0 2 1
1431.11111111 2129 1133 62.7037037037 160 0 0.0430728497998 0.108991825613 0.0 296 1
2110.0 2122 2094 1.0 2 0 0.000475670570684 0.000954198473282 0.0 2 1
2001.375 2075 1885 1.875 5 0 0.0009218345954 0.00242130750605 0.0 7 1
1991.66666667 2052 1945 0.333333333333 1 0 0.000171291538198 0.000513874614594 0.0 2 1
2051.0 2092 2006 0.4 1 0 0.000194601247323 0.000487804878049 0.0 4 1
2089.5 2097 2082 0.5 1 0 0.00023832221163 0.00047664442326 0.0 1 1
1802.0 1802 1802 0.0 0 0 0.0 0.0 0.0 0 1
2141.0 2154 2128 0.5 1 0 0.000234852043213 0.000469704086426 0.0 1 1
1866.63636364 1972 1800 0.818181818182 2 0 0.000436511419268 0.00107991360691 0.0 10 1
2076.2 2138 1990 0.4 1 0 0.000193953670432 0.000502260170768 0.0 4 1
1988.8 2162 1919 0.8 1 0 0.000399383800551 0.000517866390471 0.0 4 1
2043.0 2049 2037 0.5 1 0 0.000245338567223 0.000490677134446 0.0 1 1
2074.0 2093 2055 0.5 1 0 0.000243190661479 0.000486381322957 0.0 1 1
2078.5 2124 2033 0.0 0 0 0.0 0.0 0.0 1 1
2167.0 2203 2114 0.0 0 0 0.0 0.0 0.0 2 1
2105.0 2131 2079 0.5 1 0 0.000240384615385 0.000480769230769 0.0 1 1
1927.54545455 1982 1888 2.09090909091 5 0 0.00107890322993 0.00258799171843 0.0 10 1
2117.0 2117 2117 0.0 0 0 0.0 0.0 0.0 0 1
2161.0 2161 2161 0.0 0 0 0.0 0.0 0.0 0 1
1512.85611511 2081 1255 57.1223021583 179 0 0.036694175891 0.101359003398 0.0 138 1
2225.0 2225 2225 0.0 0 0 0.0 0.0 0.0 0 1
1484.28112965 2078 1088 41.783055199 124 0 0.0278163994833 0.0916209866875 0.0 778 1
2180.0 2180 2180 0.0 0 0 0.0 0.0 0.0 0 1
1241.08144796 2043 903 73.8159879336 182 0 0.0567511926601 0.126972201352 0.0 662 1
2055.0 2063 2047 0.5 1 0 0.000244140625 0.00048828125 0.0 1 1
2122.0 2122 2122 0.0 0 0 0.0 0.0 0.0 0 1
1985.0 1985 1985 0.0 0 0 0.0 0.0 0.0 0 1
2069.0 2069 2069 0.0 0 0 0.0 0.0 0.0 0 1
2101.0 2125 2077 0.5 1 0 0.000240615976901 0.000481231953802 0.0 1 1
2105.66666667 2143 2063 0.666666666667 2 0 0.000315102491413 0.000936329588015 0.0 5 1
1984.5 2008 1961 0.5 1 0 0.000248880039821 0.000497760079642 0.0 1 1
2102.0 2102 2102 0.0 0 0 0.0 0.0 0.0 0 1
2223.0 2223 2223 0.0 0 0 0.0 0.0 0.0 0 1
2081.0 2081 2081 0.0 0 0 0.0 0.0 0.0 0 1
2140.0 2232 2093 1.0 2 0 0.00046719049235 0.000953743443014 0.0 2 1
1991.0 1991 1991 0.0 0 0 0.0 0.0 0.0 0 1
2086.0 2086 2086 0.0 0 0 0.0 0.0 0.0 0 1
2031.0 2031 2031 0.0 0 0 0.0 0.0 0.0 0 1
2070.0 2070 2070 0.0 0 0 0.0 0.0 0.0 0 1
1933.75 1960 1907 0.25 1 0 0.000128600823045 0.000514403292181 0.0 3 1
2063.0 2075 2051 0.5 1 0 0.0002408477842 0.000481695568401 0.0 1 1
2095.5 2126 2065 0.5 1 0 0.000235072872591 0.000470145745181 0.0 1 1
1910.0 1950 1881 0.333333333333 1 0 0.000170852554246 0.000512557662737 0.0 2 1
1974.0 1974 1974 0.0 0 0 0.0 0.0 0.0 0 1
2063.33333333 2150 1997 0.166666666667 1 0 7.97448165869e-05 0.000478468899522 0.0 5 1
2060.25 2120 2020 0.5 1 0 0.000241570067801 0.000494804552202 0.0 3 1
1924.1 2028 1818 1.8 7 0 0.000929255337929 0.00365917407214 0.0 9 1
2161.0 2161 2161 0.0 0 0 0.0 0.0 0.0 0 1
2106.42857143 2173 2005 1.0 2 0 0.000470894883572 0.000943396226415 0.0 6 1
2109.33333333 2156 2063 0.0 0 0 0.0 0.0 0.0 5 1
2040.0 2040 2040 0.0 0 0 0.0 0.0 0.0 0 1
2025.0 2057 1996 0.0 0 0 0.0 0.0 0.0 2 1
1294.373 1972 997 68.94 187 1 0.0512517940988 0.13318452381 0.000506842372022 999 1
2072.0 2072 2072 0.0 0 0 0.0 0.0 0.0 0 1
1745.96111111 2180 1554 7.44444444444 27 0 0.00424095820075 0.0149833518313 0.0 179 1
2054.33333333 2085 2037 0.833333333333 3 0 0.000407777969448 0.00146627565982 0.0 5 1
2158.0 2158 2158 0.0 0 0 0.0 0.0 0.0 0 1
1693.26388889 2150 1461 20.5138888889 74 0 0.0119352716478 0.0410882842865 0.0 215 1
2080.0 2080 2080 0.0 0 0 0.0 0.0 0.0 0 1
2064.0 2064 2064 0.0 0 0 0.0 0.0 0.0 0 1
2088.0 2107 2069 1.0 2 0 0.000474158368895 0.00094831673779 0.0 1 1
2287.0 2287 2287 0.0 0 0 0.0 0.0 0.0 0 1
2188.0 2193 2183 0.5 1 0 0.000227894257065 0.000455788514129 0.0 1 1
2042.25 2055 2033 0.5 1 0 0.000245159909894 0.000491642084562 0.0 3 1
1350.47642276 2273 969 57.3105691057 162 0 0.0418620188915 0.126365054602 0.0 614 1
2005.0 2005 2005 0.0 0 0 0.0 0.0 0.0 0 1
1420.31904762 2092 1052 62.680952381 149 0 0.0437501325587 0.111111111111 0.0 209 1
2104.4 2166 2041 1.0 2 0 0.000477878770317 0.000950118764846 0.0 4 1
2163.0 2163 2163 0.0 0 0 0.0 0.0 0.0 0 1
2010.83333333 2062 1935 1.83333333333 4 0 0.000901731780476 0.00199900049975 0.0 5 1
1951.0 2000 1902 0.5 1 0 0.000249875062469 0.000499750124938 0.0 1 1
2250.0 2250 2250 0.0 0 0 0.0 0.0 0.0 0 1
1965.33333333 2023 1859 0.833333333333 2 0 0.000417847123133 0.00100502512563 0.0 5 1
1946.66666667 1957 1932 0.333333333333 1 0 0.000170765027322 0.000512295081967 0.0 2 1
2068.66666667 2077 2061 1.0 2 0 0.000482471842894 0.000966183574879 0.0 2 1
1947.0 1947 1947 0.0 0 0 0.0 0.0 0.0 0 1
1922.6 2070 1832 4.33333333333 10 0 0.0022622045772 0.00520291363163 0.0 29 1
1908.14285714 1957 1870 1.14285714286 2 0 0.000600082905567 0.00105764145955 0.0 6 1
2047.0 2047 2047 0.0 0 0 0.0 0.0 0.0 0 1
1803.8625 2085 1477 15.775 79 0 0.00820907622104 0.0395791583166 0.0 79 1
1833.58181818 2081 1665 14.0363636364 46 0 0.00759409448655 0.0254143646409 0.0 54 1
2049.0 2052 2046 0.5 1 0 0.000244259892526 0.000488519785051 0.0 1 1
2098.33333333 2164 2034 0.0 0 0 0.0 0.0 0.0 2 1
2008.0 2008 2008 0.0 0 0 0.0 0.0 0.0 0 1
2073.0 2133 2021 1.25 3 0 0.000607128417535 0.00148221343874 0.0 7 1
1312.3406214 2213 959 60.9010356732 201 0 0.0463056178427 0.145334434352 0.0 868 1
2116.0 2132 2085 0.333333333333 1 0 0.000156274417878 0.000468823253633 0.0 2 1
2089.66666667 2109 2069 0.333333333333 1 0 0.000161030595813 0.00048309178744 0.0 2 1
2148.0 2161 2135 1.0 2 0 0.000467945718297 0.000935891436593 0.0 1 1
1748.37254902 1926 1599 22.5490196078 62 0 0.012588993986 0.0350877192982 0.0 50 1
2122.0 2152 2092 0.0 0 0 0.0 0.0 0.0 1 1
2084.0 2092 2076 0.0 0 0 0.0 0.0 0.0 1 1
2008.0 2043 1978 0.6 2 0 0.000297078790579 0.000990589400693 0.0 4 1
2088.0 2089 2087 0.0 0 0 0.0 0.0 0.0 1 1
2033.5 2090 1966 0.5 1 0 0.000246499815598 0.000503524672709 0.0 9 1
1994.0 1994 1994 0.0 0 0 0.0 0.0 0.0 0 1
2008.0 2008 2008 0.0 0 0 0.0 0.0 0.0 0 1
2059.0 2059 2059 0.0 0 0 0.0 0.0 0.0 0 1
1993.0 2005 1981 0.0 0 0 0.0 0.0 0.0 1 1
1927.5 1969 1888 0.75 1 0 0.000386371892912 0.000527148128624 0.0 3 1
1952.0 1952 1952 0.0 0 0 0.0 0.0 0.0 0 1
2227.0 2227 2227 0.0 0 0 0.0 0.0 0.0 0 1
2082.5 2135 2030 0.0 0 0 0.0 0.0 0.0 1 1
2057.5 2070 2045 0.0 0 0 0.0 0.0 0.0 1 1
2028.66666667 2039 2022 0.666666666667 1 0 0.000329299596268 0.000494315373208 0.0 2 1
2086.0 2086 2086 0.0 0 0 0.0 0.0 0.0 0 1
1875.0 1960 1794 1.14285714286 3 0 0.000603751041014 0.00164835164835 0.0 6 1
1946.0 1946 1946 0.0 0 0 0.0 0.0 0.0 0 1
2066.8 2164 1955 1.4 3 0 0.000675686579171 0.00147783251232 0.0 9 1
2206.0 2206 2206 0.0 0 0 0.0 0.0 0.0 0 1
2090.0 2090 2090 0.0 0 0 0.0 0.0 0.0 0 1
2101.0 2101 2101 0.0 0 0 0.0 0.0 0.0 0 1
2096.16666667 2164 2031 0.833333333333 3 0 0.000393613923013 0.00138440239963 0.0 5 1
2108.0 2108 2108 0.0 0 0 0.0 0.0 0.0 0 1
2138.66666667 2182 2079 0.666666666667 1 0 0.000307302365414 0.000463821892393 0.0 2 1
2089.0 2089 2089 0.0 0 0 0.0 0.0 0.0 0 1
2068.0 2069 2067 0.0 0 0 0.0 0.0 0.0 1 1
2043.0 2077 2009 0.0 0 0 0.0 0.0 0.0 1 1
2098.0 2098 2098 0.0 0 0 0.0 0.0 0.0 0 1
1431.00598802 2079 1150 44.7125748503 131 0 0.0302865803671 0.0738860688099 0.0 166 1
2098.0 2098 2098 0.0 0 0 0.0 0.0 0.0 0 1
2019.66666667 2090 1977 1.16666666667 3 0 0.000566251510252 0.00143747005271 0.0 5 1
1665.67123288 2201 1332 22.2054794521 71 0 0.0126619311171 0.0369984366858 0.0 72 1
2133.0 2133 2133 0.0 0 0 0.0 0.0 0.0 0 1
1966.0 1966 1966 0.0 0 0 0.0 0.0 0.0 0 1
2118.66666667 2135 2089 0.666666666667 1 0 0.000315764051052 0.000478468899522 0.0 2 1
2125.33333333 2145 2095 0.666666666667 1 0 0.000315014984979 0.000477099236641 0.0 2 1
1971.57142857 2072 1887 2.0 5 0 0.00101317148989 0.00260010400416 0.0 13 1
2144.0 2144 2144 0.0 0 0 0.0 0.0 0.0 0 1
2113.33333333 2153 2090 0.0 0 0 0.0 0.0 0.0 2 1
2118.11111111 2206 2084 1.0 2 0 0.000471496693143 0.000958772770853 0.0 8 1
1944.11111111 1998 1894 1.44444444444 5 0 0.000744981653328 0.00256541816316 0.0 8 1
2040.14285714 2088 1988 1.42857142857 3 0 0.000696545854981 0.00146771037182 0.0 6 1
2050.5 2088 2016 0.5 2 0 0.000240039400523 0.000961538461538 0.0 5 1
2024.5 2046 2003 0.0 0 0 0.0 0.0 0.0 1 1
2049.90909091 2131 1901 2.90909090909 5 0 0.00140700431192 0.00242013552759 0.0 10 1
1756.33962264 2127 1436 16.1320754717 48 0 0.00936876317013 0.028968014484 0.0 105 1
2012.5 2013 2012 1.0 2 0 0.000496277915633 0.000992555831266 0.0 1 1
1991.0 1991 1991 0.0 0 0 0.0 0.0 0.0 0 1
2072.0 2072 2072 0.0 0 0 0.0 0.0 0.0 0 1
2118.0 2142 2094 0.5 1 0 0.000238663484487 0.000477326968974 0.0 1 1
1804.21518987 2150 1556 18.4810126582 59 0 0.00980406732883 0.0292223873205 0.0 78 1
2022.0 2034 2012 1.0 2 0 0.000492374274441 0.00098231827112 0.0 2 1
2136.0 2171 2101 0.5 1 0 0.000230202578269 0.000460405156538 0.0 1 1
1568.28776978 2048 1314 50.6258992806 112 0 0.0322639269545 0.073087431694 0.0 138 1
2157.0 2157 2157 0.0 0 0 0.0 0.0 0.0 0 1
2134.0 2134 2134 0.0 0 0 0.0 0.0 0.0 0 1
1998.0 2013 1983 0.5 1 0 0.000248262164846 0.000496524329692 0.0 1 1
2035.0 2044 2026 0.5 1 0 0.000244498777506 0.000488997555012 0.0 1 1
2007.7 2108 1889 3.15 7 0 0.00157121200347 0.00337512054002 0.0 19 1
1959.5 1985 1934 0.5 1 0 0.000258397932817 0.000516795865633 0.0 1 1
2192.0 2192 2192 0.0 0 0 0.0 0.0 0.0 0 1
2128.0 2128 2128 0.0 0 0 0.0 0.0 0.0 0 1
1874.64 2160 1579 21.0933333333 72 0 0.0111089774291 0.0369406867846 0.0 74 1
2085.0 2085 2085 0.0 0 0 0.0 0.0 0.0 0 1
1942.66666667 1992 1872 0.666666666667 1 0 0.000336887332977 0.000508905852417 0.0 2 1
2091.33333333 2118 2048 0.666666666667 1 0 0.000320733772225 0.000488042947779 0.0 2 1
2173.5 2214 2155 0.75 2 0 0.000347597779927 0.000927213722763 0.0 3 1
2143.5 2145 2142 0.0 0 0 0.0 0.0 0.0 1 1
2046.0 2046 2046 0.0 0 0 0.0 0.0 0.0 0 1
1356.30592105 2059 1041 65.8256578947 174 0 0.0473041505795 0.11209439528 0.0 303 1
1829.35294118 1946 1640 1.29411764706 4 0 0.000692366562399 0.0020618556701 0.0 16 1
1905.0 1970 1814 0.333333333333 1 0 0.000172532781228 0.000517598343685 0.0 2 1
2177.0 2177 2177 0.0 0 0 0.0 0.0 0.0 0 1
1684.11235955 2087 1488 8.10112359551 28 0 0.00475041013353 0.0155210643016 0.0 177 1
1998.0 1998 1998 0.0 0 0 0.0 0.0 0.0 0 1
2108.5 2116 2101 0.5 1 0 0.00023786869648 0.000475737392959 0.0 1 1
1812.8677686 2194 1636 11.3305785124 38 0 0.00621326085563 0.0210060807076 0.0 120 1
2120.0 2120 2120 0.0 0 0 0.0 0.0 0.0 0 1
2256.0 2256 2256 0.0 0 0 0.0 0.0 0.0 0 1
2090.0 2090 2090 0.0 0 0 0.0 0.0 0.0 0 1
1947.0 2048 1901 2.42857142857 5 0 0.00124418990576 0.00259470679813 0.0 6 1
2032.0 2034 2030 0.5 1 0 0.0002457002457 0.0004914004914 0.0 1 1
2229.25 2248 2208 1.75 3 0 0.000780168637323 0.00133809099019 0.0 3 1
2219.33333333 2323 2158 0.333333333333 1 0 0.000148865678727 0.000461041954818 0.0 5 1
2023.0 2055 1991 0.0 0 0 0.0 0.0 0.0 1 1
2063.0 2101 2012 0.25 1 0 0.000124192747144 0.000496770988574 0.0 3 1
1321.56 2219 953 53.64 153 0 0.0396942143329 0.11724137931 0.0 999 1
2097.0 2097 2097 0.0 0 0 0.0 0.0 0.0 0 1
2203.5 2236 2171 1.0 2 0 0.000451381868578 0.000893655049151 0.0 3 1
2079.66666667 2224 1999 1.44444444444 3 0 0.000700611449251 0.0014985014985 0.0 8 1
2106.0 2144 2066 0.333333333333 1 0 0.000158052789632 0.000474158368895 0.0 2 1
2073.4 2113 2041 0.6 1 0 0.000287802398574 0.000485436893204 0.0 4 1
2069.0 2069 2069 0.0 0 0 0.0 0.0 0.0 0 1
2000.25 2115 1885 0.875 2 0 0.000432160131584 0.000945626477541 0.0 7 1
1998.5 2030 1967 0.0 0 0 0.0 0.0 0.0 1 1
1330.5401662 2186 951 55.7950138504 161 0 0.0426841078813 0.113300492611 0.0 721 1
2049.6 2081 2027 1.2 3 0 0.00058414040204 0.00146914789422 0.0 4 1
1881.0 1881 1881 0.0 0 0 0.0 0.0 0.0 0 1
2107.0 2107 2107 0.0 0 0 0.0 0.0 0.0 0 1
2033.0 2033 2033 0.0 0 0 0.0 0.0 0.0 0 1
2137.28571429 2210 2073 1.28571428571 3 0 0.000610563628555 0.0014450867052 0.0 6 1
1960.8125 2029 1837 2.0625 6 0 0.00103803549107 0.00295130349238 0.0 15 1
1972.5 1978 1967 0.0 0 0 0.0 0.0 0.0 1 1
2176.0 2176 2176 0.0 0 0 0.0 0.0 0.0 0 1
1963.0 1963 1963 0.0 0 0 0.0 0.0 0.0 0 1
1949.83333333 1979 1919 0.666666666667 2 0 0.000340821949875 0.00103252452246 0.0 5 1
1916.33333333 2051 1778 21.0 55 0 0.010662231527 0.0272817460317 0.0 38 1
2285.5 2342 2229 0.5 1 0 0.000213401621852 0.000426803243705 0.0 1 1
2055.0 2058 2052 0.5 1 0 0.000242836328315 0.000485672656629 0.0 1 1
2147.0 2147 2147 0.0 0 0 0.0 0.0 0.0 0 1
1323.996 2090 1020 59.542 206 1 0.0439543813959 0.141095890411 0.000478468899522 999 1
1826.5 1864 1789 0.5 1 0 0.000268096514745 0.000536193029491 0.0 1 1
2016.75 2028 1986 0.75 2 0 0.000369761789037 0.000985707244948 0.0 3 1
2145.0 2211 2017 0.75 2 0 0.000341304507847 0.000903750564844 0.0 3 1
2106.0 2106 2106 0.0 0 0 0.0 0.0 0.0 0 1
2239.75 2277 2171 1.25 3 0 0.000566040585012 0.00137994480221 0.0 3 1
2023.5 2044 2003 0.0 0 0 0.0 0.0 0.0 1 1
2124.0 2124 2124 0.0 0 0 0.0 0.0 0.0 0 1
2182.5 2201 2164 0.0 0 0 0.0 0.0 0.0 1 1
1986.0 1986 1986 0.0 0 0 0.0 0.0 0.0 0 1
2072.5 2106 2039 1.5 3 0 0.000711237553343 0.00142247510669 0.0 1 1
1683.85 2015 1456 11.8166666667 48 0 0.00703112620054 0.0264171711613 0.0 119 1
2106.0 2106 2106 0.0 0 0 0.0 0.0 0.0 0 1
2035.25 2101 1978 0.583333333333 2 0 0.000284271570273 0.0009765625 0.0 11 1
1992.16666667 2065 1878 1.08333333333 2 0 0.00054355645314 0.00104712041885 0.0 11 1
2126.44 2225 2031 5.32 16 0 0.00246751492105 0.00739030023095 0.0 24 1
1384.62823529 2229 986 58.4870588235 226 0 0.0419050794594 0.163059163059 0.0 424 1
1968.0 1968 1968 0.0 0 0 0.0 0.0 0.0 0 1
1979.0 2039 1919 0.5 1 0 0.000260416666667 0.000520833333333 0.0 1 1
2054.0 2054 2054 0.0 0 0 0.0 0.0 0.0 0 1
2046.0 2046 2046 0.0 0 0 0.0 0.0 0.0 0 1
2094.0 2119 2060 0.666666666667 1 0 0.00031896649059 0.000485201358564 0.0 2 1
2016.0 2016 2016 0.0 0 0 0.0 0.0 0.0 0 1
2145.0 2145 2145 0.0 0 0 0.0 0.0 0.0 0 1
1991.0 1997 1985 0.5 1 0 0.000251762336354 0.000503524672709 0.0 1 1
2004.0 2058 1945 1.5 3 0 0.000736629565097 0.00145560407569 0.0 3 1
2179.0 2179 2179 0.0 0 0 0.0 0.0 0.0 0 1
2081.0 2087 2075 0.0 0 0 0.0 0.0 0.0 1 1
1336.75 2231 969 62.583 188 0 0.0462486051823 0.142640364188 0.0 999 1
1945.5 1958 1933 0.0 0 0 0.0 0.0 0.0 1 1
2110.0 2234 2068 0.5 1 0 0.000233150084453 0.000473260766682 0.0 7 1
1908.0 2078 1757 2.28 7 0 0.00121896375032 0.00396825396825 0.0 24 1
1935.5 1945 1926 0.5 1 0 0.000259470679813 0.000518941359626 0.0 1 1
2102.0 2102 2102 0.0 0 0 0.0 0.0 0.0 0 1
2018.66666667 2056 1989 0.666666666667 1 0 0.000329552477995 0.000502512562814 0.0 2 1
2061.66666667 2119 2031 0.666666666667 1 0 0.000320952416256 0.00049115913556 0.0 2 1
2175.0 2175 2175 0.0 0 0 0.0 0.0 0.0 0 1
2160.0 2172 2148 0.5 1 0 0.000230096640589 0.000460193281178 0.0 1 1
2051.0 2051 2051 0.0 0 0 0.0 0.0 0.0 0 1
1986.0 1986 1986 0.0 0 0 0.0 0.0 0.0 0 1
1841.0 1841 1841 0.0 0 0 0.0 0.0 0.0 0 1
2084.66666667 2106 2074 0.666666666667 1 0 0.000321285140562 0.000481927710843 0.0 2 1
2153.0 2153 2153 0.0 0 0 0.0 0.0 0.0 0 1
2295.0 2295 2295 0.0 0 0 0.0 0.0 0.0 0 1
2145.0 2159 2119 0.666666666667 1 0 0.00030878499754 0.000463392029657 0.0 2 1
1993.0 1993 1993 0.0 0 0 0.0 0.0 0.0 0 1
2028.0 2028 2028 0.0 0 0 0.0 0.0 0.0 0 1
2122.0 2140 2104 0.5 1 0 0.000233535730967 0.000467071461934 0.0 1 1
1785.4556962 2068 1550 13.3164556962 37 0 0.00709707327783 0.0192608016658 0.0 78 1
2142.75 2175 2090 1.0 2 0 0.000471148223774 0.000956022944551 0.0 3 1
1886.4 2041 1776 1.0 2 0 0.000540743135541 0.00112485939258 0.0 9 1
1996.0 1996 1996 0.0 0 0 0.0 0.0 0.0 0 1
1952.0 1979 1929 0.0 0 0 0.0 0.0 0.0 2 1
2042.75 2069 2018 1.0 2 0 0.000488244274757 0.00098231827112 0.0 3 1
1988.0 1992 1984 0.0 0 0 0.0 0.0 0.0 1 1
2033.25 2122 1894 1.0 3 0 0.000516485127476 0.00158144438587 0.0 3 1
1770.94285714 2151 1625 9.18095238095 34 0 0.00523385016265 0.0204942736588 0.0 104 1
2052.0 2052 2052 0.0 0 0 0.0 0.0 0.0 0 1
1936.57142857 1998 1801 0.857142857143 2 0 0.000434831507501 0.001 0.0 6 1
2176.75 2267 2090 1.0 3 0 0.000444970261289 0.00132158590308 0.0 3 1
1848.4 2039 1737 1.88 5 0 0.00101846895157 0.00277008310249 0.0 24 1
2058.0 2058 2058 0.0 0 0 0.0 0.0 0.0 0 1
2104.0 2104 2104 0.0 0 0 0.0 0.0 0.0 0 1
1308.15252525 2010 868 57.7181818182 164 0 0.0428280050245 0.124714828897 0.0 989 1
1639.34666667 2058 1356 33.1333333333 93 0 0.0204891481139 0.0591979630808 0.0 74 1
2042.0 2042 2042 0.0 0 0 0.0 0.0 0.0 0 1
2067.0 2067 2067 0.0 0 0 0.0 0.0 0.0 0 1
1990.0 1990 1990 0.0 0 0 0.0 0.0 0.0 0 1
2019.125 2091 1856 1.5 4 0 0.000725424678405 0.00190930787589 0.0 7 1
2093.33333333 2129 2065 0.666666666667 1 0 0.000321061263251 0.000484027105518 0.0 2 1
2107.0 2107 2107 0.0 0 0 0.0 0.0 0.0 0 1
1998.0 1998 1998 0.0 0 0 0.0 0.0 0.0 0 1
1929.0 1929 1929 0.0 0 0 0.0 0.0 0.0 0 1
2222.0 2222 2222 0.0 0 0 0.0 0.0 0.0 0 1
2140.33333333 2174 2116 0.666666666667 1 0 0.000310712223797 0.000472366556448 0.0 2 1
2111.6 2157 2053 1.2 3 0 0.000563384097028 0.00138888888889 0.0 4 1
2039.0 2067 1997 0.666666666667 1 0 0.000329118472578 0.000500500500501 0.0 2 1
2134.0 2236 2069 0.0 0 0 0.0 0.0 0.0 3 1
2023.0 2065 1981 0.5 1 0 0.000242013552759 0.000484027105518 0.0 1 1
2187.66666667 2242 2158 0.0 0 0 0.0 0.0 0.0 2 1
1972.0 2009 1935 0.5 1 0 0.000248756218905 0.000497512437811 0.0 1 1
2010.0 2010 2010 0.0 0 0 0.0 0.0 0.0 0 1
2034.6 2081 2002 1.2 2 0 0.00058694407302 0.0009765625 0.0 4 1
1971.6 2051 1918 1.4 4 0 0.000696260785767 0.00194647201946 0.0 4 1
1990.0 1990 1990 0.0 0 0 0.0 0.0 0.0 0 1
1687.3081571 2104 1503 17.5951661631 61 0 0.0103681104594 0.0354857475276 0.0 330 1
2083.0 2083 2083 0.0 0 0 0.0 0.0 0.0 0 1
2085.0 2139 2031 0.5 1 0 0.000246062992126 0.000492125984252 0.0 1 1
2028.0 2056 2009 1.5 3 0 0.000742891368771 0.00149105367793 0.0 3 1
1642.06962025 2063 1425 15.1708860759 50 0 0.009171503477 0.0289940828402 0.0 157 1
1888.0 1888 1888 0.0 0 0 0.0 0.0 0.0 0 1
1977.0 2011 1943 0.0 0 0 0.0 0.0 0.0 1 1
1301.51551724 2178 983 68.8465517241 175 0 0.0511884534841 0.133503401361 0.0 579 1
2192.8 2262 2161 1.2 2 0 0.000545301820191 0.000919540229885 0.0 4 1
2080.0 2080 2080 0.0 0 0 0.0 0.0 0.0 0 1
2066.0 2066 2066 0.0 0 0 0.0 0.0 0.0 0 1
2165.66666667 2208 2109 0.0 0 0 0.0 0.0 0.0 2 1
1984.0 1984 1984 0.0 0 0 0.0 0.0 0.0 0 1
1694.43137255 2164 1452 24.3333333333 74 0 0.0147141313236 0.0445514750151 0.0 50 1
2154.25 2191 2130 0.5 1 0 0.000231366909062 0.000469263256687 0.0 3 1
1881.0 1881 1881 0.0 0 0 0.0 0.0 0.0 0 1
2124.0 2124 2124 0.0 0 0 0.0 0.0 0.0 0 1
2072.0 2107 2037 0.0 0 0 0.0 0.0 0.0 1 1
2094.0 2094 2094 0.0 0 0 0.0 0.0 0.0 0 1
2147.0 2147 2147 0.0 0 0 0.0 0.0 0.0 0 1
2093.0 2093 2093 0.0 0 0 0.0 0.0 0.0 0 1
2117.0 2197 2037 0.5 1 0 0.000227479526843 0.000454959053685 0.0 1 1
2124.0 2124 2124 0.0 0 0 0.0 0.0 0.0 0 1
2052.4 2092 2006 1.0 3 0 0.000480948710567 0.00143198090692 0.0 4 1
2143.0 2143 2143 0.0 0 0 0.0 0.0 0.0 0 1
2094.78571429 2230 1978 1.35714285714 4 0 0.000641746353263 0.00184586986617 0.0 13 1
2089.5 2136 2043 0.5 1 0 0.000233972859148 0.000467945718297 0.0 1 1
2027.0 2027 2027 0.0 0 0 0.0 0.0 0.0 0 1
2052.75 2088 2008 0.75 1 0 0.000365828234619 0.000497760079642 0.0 3 1
1950.75 2025 1873 0.625 2 0 0.000317158038214 0.00098814229249 0.0 7 1
1998.0 2070 1956 0.666666666667 1 0 0.000331281575275 0.000510986203373 0.0 2 1
2285.0 2285 2285 0.0 0 0 0.0 0.0 0.0 0 1
1920.27272727 2039 1842 1.18181818182 2 0 0.000615703732061 0.00108459869848 0.0 10 1
1971.0 1971 1971 0.0 0 0 0.0 0.0 0.0 0 1
2021.0 2021 2021 0.0 0 0 0.0 0.0 0.0 0 1
1979.0 1979 1979 0.0 0 0 0.0 0.0 0.0 0 1
2147.0 2147 2147 0.0 0 0 0.0 0.0 0.0 0 1
1882.0 1912 1852 0.0 0 0 0.0 0.0 0.0 1 1
2106.2 2186 1964 0.8 2 0 0.000373669730689 0.000941176470588 0.0 4 1
2117.0 2117 2117 0.0 0 0 0.0 0.0 0.0 0 1
2053.4 2105 1998 0.6 1 0 0.000289184987324 0.000496031746032 0.0 4 1
2071.25 2103 2017 0.5 1 0 0.000239981921016 0.000481000481 0.0 3 1
2014.0 2047 1981 0.0 0 0 0.0 0.0 0.0 1 1
2185.0 2185 2185 0.0 0 0 0.0 0.0 0.0 0 1
2024.0 2074 1998 0.666666666667 1 0 0.000333333416667 0.000500250125063 0.0 2 1
2117.5 2134 2101 0.5 1 0 0.000234192037471 0.000468384074941 0.0 1 1
2176.0 2176 2176 0.0 0 0 0.0 0.0 0.0 0 1
2272.0 2272 2272 0.0 0 0 0.0 0.0 0.0 0 1
2135.5 2160 2111 0.5 1 0 0.00023137436372 0.000462748727441 0.0 1 1
2067.0 2067 2067 0.0 0 0 0.0 0.0 0.0 0 1
2016.0 2016 2016 0.0 0 0 0.0 0.0 0.0 0 1
2176.33333333 2190 2150 0.0 0 0 0.0 0.0 0.0 2 1
2128.75 2182 2082 0.5 1 0 0.000231343730869 0.000467289719626 0.0 3 1
2077.5 2128 2020 1.33333333333 3 0 0.00064241088351 0.00144787644788 0.0 5 1
1993.3902439 2184 1857 7.51219512195 22 0 0.00375748796382 0.0110887096774 0.0 40 1
2205.5 2220 2179 0.25 1 0 0.000112815884477 0.000451263537906 0.0 3 1
2089.28571429 2157 2014 1.85714285714 4 0 0.000875137828999 0.00185099490976 0.0 6 1
1787.62424242 2000 1529 14.8181818182 41 0 0.00823599087845 0.0218201170836 0.0 164 1
1331.831 2177 1002 58.312 180 1 0.0429788194127 0.143884892086 0.000473260766682 999 1
2005.0 2048 1974 1.0 2 0 0.000493902689025 0.000975609756098 0.0 3 1
1564.38461538 2206 1312 40.9140271493 120 0 0.0257249932511 0.0732153752288 0.0 220 1
1993.0 1993 1993 0.0 0 0 0.0 0.0 0.0 0 1
2015.625 2059 1967 0.625 2 0 0.000313072314143 0.0010157440325 0.0 7 1
2175.0 2175 2175 0.0 0 0 0.0 0.0 0.0 0 1
1987.6 2009 1969 0.8 1 0 0.00040203649718 0.000507614213198 0.0 4 1
2049.66666667 2058 2040 0.666666666667 1 0 0.000324334030442 0.000487329434698 0.0 2 1
1988.0 1988 1988 0.0 0 0 0.0 0.0 0.0 0 1
2057.0 2057 2057 0.0 0 0 0.0 0.0 0.0 0 1
2096.0 2096 2096 0.0 0 0 0.0 0.0 0.0 0 1
2164.0 2164 2164 0.0 0 0 0.0 0.0 0.0 0 1
2037.52380952 2270 1819 2.33333333333 8 0 0.0011564281915 0.00404858299595 0.0 20 1
2107.0 2107 2107 0.0 0 0 0.0 0.0 0.0 0 1
1980.66666667 2145 1828 1.18518518519 3 0 0.000604594184757 0.00160599571734 0.0 26 1
1985.0 1985 1985 0.0 0 0 0.0 0.0 0.0 0 1
1887.0 1887 1887 0.0 0 0 0.0 0.0 0.0 0 1
2132.0 2132 2132 0.0 0 0 0.0 0.0 0.0 0 1
2084.0 2099 2069 0.5 1 0 0.000238095238095 0.00047619047619 0.0 1 1
2053.0 2124 1967 0.25 1 0 0.000121124031008 0.000484496124031 0.0 3 1
1919.5 1948 1896 0.5 1 0 0.000260713801221 0.000526592943655 0.0 3 1
1707.50862069 2259 1415 30.275862069 77 0 0.0174442606356 0.0420765027322 0.0 115 1
1985.28571429 2019 1956 0.571428571429 1 0 0.000287512487519 0.000510986203373 0.0 6 1
1966.13636364 2076 1807 0.954545454545 2 0 0.000480028891362 0.00107066381156 0.0 21 1
1970.0 1970 1970 0.0 0 0 0.0 0.0 0.0 0 1
1913.0 1913 1913 0.0 0 0 0.0 0.0 0.0 0 1
2064.0 2064 2064 0.0 0 0 0.0 0.0 0.0 0 1
2147.5 2148 2147 0.0 0 0 0.0 0.0 0.0 1 1
1963.66666667 2012 1923 0.0 0 0 0.0 0.0 0.0 2 1
1991.0 1991 1991 0.0 0 0 0.0 0.0 0.0 0 1
2139.5 2181 2098 0.0 0 0 0.0 0.0 0.0 1 1
2224.0 2224 2224 0.0 0 0 0.0 0.0 0.0 0 1
2021.93333333 2099 1877 2.13333333333 4 0 0.0010403999241 0.00194552529183 0.0 14 1
2097.66666667 2140 2029 0.333333333333 1 0 0.000156862745098 0.000470588235294 0.0 2 1
2105.0 2105 2105 0.0 0 0 0.0 0.0 0.0 0 1
1883.85714286 1932 1819 1.14285714286 3 0 0.00060376715206 0.00155520995334 0.0 6 1
1990.2 2084 1918 1.2 2 0 0.000592840347371 0.000977995110024 0.0 4 1
2155.0 2155 2155 0.0 0 0 0.0 0.0 0.0 0 1
2091.0 2108 2068 0.25 1 0 0.000119502868069 0.000478011472275 0.0 3 1
1854.25714286 2277 1654 21.3142857143 54 0 0.0112365218265 0.0282515991471 0.0 69 1
2082.6 2165 1997 1.4 4 0 0.000668898961442 0.00190566936636 0.0 4 1
1903.8125 2034 1791 0.75 3 0 0.000391694369159 0.00156821745949 0.0 15 1
1988.0 1988 1988 0.0 0 0 0.0 0.0 0.0 0 1
2174.0 2174 2174 0.0 0 0 0.0 0.0 0.0 0 1
1756.25203252 2119 1523 10.593495935 31 0 0.00604442379523 0.0183323477232 0.0 122 1
2077.0 2092 2061 0.2 1 0 9.61076405574e-05 0.000480538202787 0.0 4 1
1675.61111111 2237 1440 15.3611111111 46 0 0.00920169131644 0.0277264325323 0.0 71 1
2112.0 2112 2112 0.0 0 0 0.0 0.0 0.0 0 1
2085.0 2085 2085 0.0 0 0 0.0 0.0 0.0 0 1
2050.0 2050 2050 0.0 0 0 0.0 0.0 0.0 0 1
2174.5 2211 2138 0.5 1 0 0.000226039783002 0.000452079566004 0.0 1 1
2043.66666667 2060 2028 0.666666666667 1 0 0.000326018327013 0.000492853622474 0.0 2 1
2077.0 2077 2077 0.0 0 0 0.0 0.0 0.0 0 1
2059.5 2119 2000 0.0 0 0 0.0 0.0 0.0 1 1
2125.0 2125 2125 0.0 0 0 0.0 0.0 0.0 0 1
2082.0 2082 2082 0.0 0 0 0.0 0.0 0.0 0 1
2005.5 2016 1995 0.5 1 0 0.000250501002004 0.000501002004008 0.0 1 1
2031.18181818 2304 1861 2.22727272727 6 0 0.00109139763367 0.00295275590551 0.0 21 1
2062.0 2062 2062 0.0 0 0 0.0 0.0 0.0 0 1
2016.0 2017 2015 0.5 1 0 0.000247770069376 0.000495540138751 0.0 1 1
2117.66666667 2182 2072 0.0 0 0 0.0 0.0 0.0 2 1
2092.0 2092 2092 0.0 0 0 0.0 0.0 0.0 0 1
2037.0 2037 2037 0.0 0 0 0.0 0.0 0.0 0 1
2018.33333333 2028 2012 1.0 2 0 0.000496360135139 0.000993048659384 0.0 2 1
2065.0 2065 2065 0.0 0 0 0.0 0.0 0.0 0 1
1767.45555556 2171 1577 16.9444444444 46 0 0.00950708494399 0.0256702795208 0.0 89 1
2122.0 2157 2074 0.666666666667 1 0 0.000310518941222 0.000468164794007 0.0 2 1
2177.0 2197 2157 0.0 0 0 0.0 0.0 0.0 1 1
2199.0 2207 2191 0.5 1 0 0.000228102189781 0.000456204379562 0.0 1 1
2110.0 2110 2110 0.0 0 0 0.0 0.0 0.0 0 1
2297.0 2297 2297 0.0 0 0 0.0 0.0 0.0 0 1
1957.5 2031 1887 1.33333333333 2 0 0.000675342821427 0.00102880658436 0.0 5 1
2085.75 2118 2055 1.25 2 0 0.000597068940205 0.000972289742343 0.0 3 1
2222.0 2222 2222 0.0 0 0 0.0 0.0 0.0 0 1
2114.5 2186 2065 0.9 3 0 0.000423199071593 0.00140778977006 0.0 9 1
1381.07110092 2153 971 55.5779816514 152 0 0.0396332428907 0.114544084401 0.0 435 1
2059.5 2062 2057 0.0 0 0 0.0 0.0 0.0 1 1
2343.5 2366 2321 0.0 0 0 0.0 0.0 0.0 1 1
1890.0 1890 1890 0.0 0 0 0.0 0.0 0.0 0 1
2165.5 2183 2148 0.0 0 0 0.0 0.0 0.0 1 1
1990.57894737 2203 1802 4.31578947368 17 0 0.00225772585877 0.00930996714129 0.0 18 1
2205.0 2205 2205 0.0 0 0 0.0 0.0 0.0 0 1
2195.0 2195 2195 0.0 0 0 0.0 0.0 0.0 0 1
1991.75 2044 1930 0.75 1 0 0.000372692224345 0.000512295081967 0.0 3 1
2099.0 2099 2099 0.0 0 0 0.0 0.0 0.0 0 1
2130.0 2175 2085 0.0 0 0 0.0 0.0 0.0 1 1
2161.0 2161 2161 0.0 0 0 0.0 0.0 0.0 0 1
2021.6 2115 1912 2.5 6 0 0.0012355607211 0.00287907869482 0.0 9 1
2137.0 2137 2137 0.0 0 0 0.0 0.0 0.0 0 1
1869.5 1897 1842 0.0 0 0 0.0 0.0 0.0 1 1
2091.5 2122 2061 0.5 1 0 0.000235515779557 0.000471031559114 0.0 1 1
2141.0 2141 2141 0.0 0 0 0.0 0.0 0.0 0 1
2099.0 2099 2099 0.0 0 0 0.0 0.0 0.0 0 1
2234.0 2234 2234 0.0 0 0 0.0 0.0 0.0 0 1
1661.64864865 2021 1462 16.5675675676 64 0 0.00963333660984 0.033934252386 0.0 110 1
2077.9 2145 2010 1.0 3 0 0.000474364669432 0.00143472022956 0.0 9 1
1894.0 1921 1876 1.0 2 0 0.000523421431732 0.00104004160166 0.0 2 1
1428.79017857 2170 1207 53.6607142857 165 0 0.0364914164161 0.113091158328 0.0 447 1
2129.66666667 2184 2063 0.666666666667 1 0 0.000308100487173 0.000466635557629 0.0 2 1
2106.0 2106 2106 0.0 0 0 0.0 0.0 0.0 0 1
1960.0 1960 1960 0.0 0 0 0.0 0.0 0.0 0 1
2235.5 2261 2204 0.75 2 0 0.000337292701825 0.00089565606807 0.0 3 1
2188.5 2208 2169 0.5 1 0 0.000226346763241 0.000452693526483 0.0 1 1
2002.0 2081 1929 2.375 6 0 0.00119238898471 0.0031007751938 0.0 15 1
2103.0 2103 2103 0.0 0 0 0.0 0.0 0.0 0 1
2172.0 2172 2172 0.0 0 0 0.0 0.0 0.0 0 1
1923.0 1965 1884 0.0 0 0 0.0 0.0 0.0 2 1
2166.0 2166 2166 0.0 0 0 0.0 0.0 0.0 0 1
2082.0 2082 2082 0.0 0 0 0.0 0.0 0.0 0 1
1996.0 2011 1981 0.5 1 0 0.000248508946322 0.000497017892644 0.0 1 1
2151.0 2151 2151 0.0 0 0 0.0 0.0 0.0 0 1
2068.0 2120 2034 0.25 1 0 0.00012285012285 0.0004914004914 0.0 3 1
1955.75 2004 1923 0.75 2 0 0.000387814030232 0.00103896103896 0.0 3 1
1948.25 2035 1906 0.5 2 0 0.000250813608149 0.000992063492063 0.0 7 1
2032.5 2145 1902 2.08333333333 5 0 0.00102272387196 0.00239120038259 0.0 11 1
2170.25 2239 2130 0.5 1 0 0.000226338671081 0.000458926112896 0.0 3 1
2143.0 2143 2143 0.0 0 0 0.0 0.0 0.0 0 1
2170.0 2170 2170 0.0 0 0 0.0 0.0 0.0 0 1
2058.85714286 2119 1959 1.57142857143 2 0 0.000766781544017 0.00101988781234 0.0 6 1
2007.875 2076 1960 1.0 3 0 0.000502744440013 0.00150075037519 0.0 7 1
2093.0 2093 2093 0.0 0 0 0.0 0.0 0.0 0 1
2139.5 2157 2122 0.5 1 0 0.000235515779557 0.000471031559114 0.0 1 1
1999.0 2052 1946 0.5 1 0 0.0002435460302 0.000487092060399 0.0 1 1
2062.0 2062 2062 0.0 0 0 0.0 0.0 0.0 0 1
2158.5 2205 2112 0.0 0 0 0.0 0.0 0.0 1 1
1995.38461538 2159 1836 1.46153846154 3 0 0.000735281590281 0.00157068062827 0.0 12 1
2047.0 2047 2047 0.0 0 0 0.0 0.0 0.0 0 1
2231.0 2238 2224 0.0 0 0 0.0 0.0 0.0 1 1
2128.0 2128 2128 0.0 0 0 0.0 0.0 0.0 0 1
2053.0 2053 2053 0.0 0 0 0.0 0.0 0.0 0 1
2178.8 2235 2105 0.4 1 0 0.00018508709131 0.000471920717319 0.0 4 1
1894.71428571 1975 1851 0.428571428571 1 0 0.000224768159144 0.000537923614847 0.0 6 1
2023.0 2023 2023 0.0 0 0 0.0 0.0 0.0 0 1
2019.11111111 2101 1862 1.33333333333 3 0 0.000638433293305 0.00144023043687 0.0 8 1
2161.66666667 2192 2131 0.666666666667 1 0 0.000308346501333 0.00046904315197 0.0 2 1
1982.25 2019 1934 0.75 1 0 0.000380615189315 0.000516795865633 0.0 3 1
2139.0 2139 2139 0.0 0 0 0.0 0.0 0.0 0 1
2052.66666667 2121 1996 0.666666666667 1 0 0.000320384468472 0.000490436488475 0.0 5 1
2038.0 2038 2038 0.0 0 0 0.0 0.0 0.0 0 1
2200.5 2213 2188 0.5 1 0 0.000228414801279 0.000456829602558 0.0 1 1
2157.0 2157 2157 0.0 0 0 0.0 0.0 0.0 0 1
2110.5 2115 2106 0.5 1 0 0.00023629489603 0.00047258979206 0.0 1 1
2036.0 2060 2020 0.0 0 0 0.0 0.0 0.0 2 1
2140.2 2166 2107 1.0 2 0 0.000464993714265 0.000922509225092 0.0 4 1
2031.0 2031 2031 0.0 0 0 0.0 0.0 0.0 0 1
1824.0 1824 1824 0.0 0 0 0.0 0.0 0.0 0 1
2090.0 2142 2038 1.0 2 0 0.000466417910448 0.000932835820896 0.0 1 1
2165.0 2165 2165 0.0 0 0 0.0 0.0 0.0 0 1
1986.2 2021 1957 0.6 1 0 0.000301760540398 0.000510464522716 0.0 4 1
2177.0 2177 2177 0.0 0 0 0.0 0.0 0.0 0 1
2033.8 2085 1990 0.8 2 0 0.000391462873494 0.000999000999001 0.0 4 1
2045.0 2045 2045 0.0 0 0 0.0 0.0 0.0 0 1
2069.25 2130 2016 0.75 2 0 0.000358468031116 0.00093808630394 0.0 3 1
2030.58333333 2117 1938 0.666666666667 2 0 0.000329064611671 0.000983767830792 0.0 11 1
2034.0 2034 2034 0.0 0 0 0.0 0.0 0.0 0 1
1957.0 1957 1957 0.0 0 0 0.0 0.0 0.0 0 1
2224.0 2224 2224 0.0 0 0 0.0 0.0 0.0 0 1
2083.0 2110 2056 0.5 1 0 0.000243072435586 0.000486144871172 0.0 1 1
1963.0 1963 1963 0.0 0 0 0.0 0.0 0.0 0 1
2123.0 2123 2123 0.0 0 0 0.0 0.0 0.0 0 1
1754.26865672 2090 1580 17.1791044776 46 0 0.00956564502657 0.0242616033755 0.0 66 1
1955.54545455 2040 1894 1.45454545455 5 0 0.000750772378024 0.00263296471827 0.0 10 1
2012.0 2068 1981 0.666666666667 1 0 0.000329288715241 0.00050454086781 0.0 2 1
2148.5 2187 2110 0.0 0 0 0.0 0.0 0.0 1 1
2078.0 2078 2078 0.0 0 0 0.0 0.0 0.0 0 1
1932.5 1970 1913 0.5 2 0 0.000261096605744 0.00104438642298 0.0 3 1
2217.0 2245 2189 0.5 1 0 0.000222617987533 0.000445235975067 0.0 1 1
1893.42857143 1928 1831 0.571428571429 2 0 0.000299901600383 0.00105652403592 0.0 6 1
2072.0 2072 2072 0.0 0 0 0.0 0.0 0.0 0 1
2168.0 2168 2168 0.0 0 0 0.0 0.0 0.0 0 1
2066.5 2076 2057 0.0 0 0 0.0 0.0 0.0 1 1
2094.0 2151 2027 0.333333333333 1 0 0.000154894671623 0.00046468401487 0.0 2 1
1985.0 1986 1984 1.0 2 0 0.000503524672709 0.00100704934542 0.0 1 1
1744.23170732 2134 1487 16.1951219512 68 0 0.00892822973189 0.0336467095497 0.0 81 1
1939.0 1939 1939 0.0 0 0 0.0 0.0 0.0 0 1
2167.0 2206 2111 1.0 2 0 0.000465754330946 0.000946521533365 0.0 3 1
1968.5 1988 1949 0.5 1 0 0.000251382604324 0.000502765208648 0.0 1 1
1991.14285714 2055 1925 0.857142857143 2 0 0.000426571859268 0.000998003992016 0.0 6 1
2094.0 2094 2094 0.0 0 0 0.0 0.0 0.0 0 1
2101.0 2143 2059 0.75 2 0 0.000363140698568 0.000970402717128 0.0 3 1
1853.96581197 2096 1685 14.4273504274 55 0 0.0076137423819 0.0271203155819 0.0 116 1
2078.0 2123 2033 0.5 1 0 0.000245821042281 0.000491642084562 0.0 1 1
2017.0 2017 2017 0.0 0 0 0.0 0.0 0.0 0 1
1951.0 1998 1903 0.666666666667 1 0 0.000341820069699 0.000525210084034 0.0 2 1
2156.75 2252 2089 0.5 1 0 0.000227404706575 0.000465766185375 0.0 3 1
2147.5 2173 2122 0.0 0 0 0.0 0.0 0.0 1 1
2143.0 2143 2143 0.0 0 0 0.0 0.0 0.0 0 1
2070.33333333 2152 2021 0.666666666667 1 0 0.000319676008557 0.000494559841741 0.0 2 1
2226.0 2226 2226 0.0 0 0 0.0 0.0 0.0 0 1
1824.0 1824 1824 0.0 0 0 0.0 0.0 0.0 0 1
1955.0 1955 1955 0.0 0 0 0.0 0.0 0.0 0 1
2022.4 2073 1964 0.6 1 0 0.000296060544034 0.000508905852417 0.0 4 1
2013.0 2033 1993 0.0 0 0 0.0 0.0 0.0 1 1
1372.674 2234 978 60.508 163 0 0.043383652154 0.11617961511 0.0 999 1
1876.47058824 2040 1778 2.29411764706 6 0 0.00124332708685 0.00331674958541 0.0 16 1
1912.66666667 1965 1862 0.333333333333 1 0 0.000173787941209 0.000529380624669 0.0 5 1
2194.0 2234 2140 0.8 3 0 0.000357902459853 0.00134108180599 0.0 4 1
2055.5 2134 2017 0.5 1 0 0.000240687927947 0.000493583415597 0.0 5 1
2219.0 2219 2219 0.0 0 0 0.0 0.0 0.0 0 1
2009.5 2062 1957 0.0 0 0 0.0 0.0 0.0 1 1
2237.75 2272 2197 0.25 1 0 0.000111507582516 0.000446030330062 0.0 3 1
2137.0 2137 2137 0.0 0 0 0.0 0.0 0.0 0 1
1835.0 1835 1835 0.0 0 0 0.0 0.0 0.0 0 1
2046.66666667 2110 1987 1.33333333333 3 0 0.000657505465941 0.00150753768844 0.0 5 1
1341.541 2270 980 63.72 177 0 0.0464255768443 0.128075253256 0.0 999 1
1998.0 1998 1998 0.0 0 0 0.0 0.0 0.0 0 1
2099.33333333 2143 2044 0.333333333333 1 0 0.000162999185004 0.000488997555012 0.0 2 1
1903.2 2020 1819 1.0 2 0 0.000518439422361 0.0010157440325 0.0 4 1
1938.66666667 1969 1916 0.666666666667 1 0 0.000343087540723 0.000521648408972 0.0 2 1
2039.0 2039 2039 0.0 0 0 0.0 0.0 0.0 0 1
1924.0 1953 1895 0.5 1 0 0.000255885363357 0.000511770726714 0.0 1 1
2029.0 2029 2029 0.0 0 0 0.0 0.0 0.0 0 1
1840.0 1881 1799 0.5 1 0 0.000277777777778 0.000555555555556 0.0 1 1
1955.0 1955 1955 0.0 0 0 0.0 0.0 0.0 0 1
2077.0 2077 2077 0.0 0 0 0.0 0.0 0.0 0 1
1308.62549801 2129 1002 71.0179282869 182 0 0.0524787366161 0.139250191278 0.0 501 1
2039.5 2086 1970 0.25 1 0 0.000126839167935 0.00050735667174 0.0 3 1
1259.11942675 1958 975 68.6321656051 160 0 0.0518391949923 0.121008403361 0.0 627 1
2108.0 2108 2108 0.0 0 0 0.0 0.0 0.0 0 1
1989.0 1989 1989 0.0 0 0 0.0 0.0 0.0 0 1
2183.0 2239 2149 0.666666666667 1 0 0.000302987753843 0.000462534690102 0.0 2 1
2055.0 2055 2055 0.0 0 0 0.0 0.0 0.0 0 1
2071.66666667 2094 2036 0.666666666667 2 0 0.00031943778949 0.000958313368471 0.0 2 1
1445.0 2111 1090 65.1363636364 180 0 0.0422984599094 0.118890356671 0.0 131 1
2107.0 2120 2094 0.0 0 0 0.0 0.0 0.0 1 1
2046.66666667 2111 1954 0.333333333333 1 0 0.000157828282828 0.000473484848485 0.0 2 1
1971.7 2099 1812 0.9 2 0 0.000452109257367 0.00103573278094 0.0 9 1
1858.0 1858 1858 0.0 0 0 0.0 0.0 0.0 0 1
2117.0 2149 2087 1.0 2 0 0.000471943695312 0.000956022944551 0.0 3 1
2029.0 2029 2029 0.0 0 0 0.0 0.0 0.0 0 1
1812.0 1812 1812 0.0 0 0 0.0 0.0 0.0 0 1
2003.0 2032 1974 0.5 1 0 0.000245941957698 0.000491883915396 0.0 1 1
2086.6 2136 2018 0.0 0 0 0.0 0.0 0.0 4 1
1973.0 1973 1973 0.0 0 0 0.0 0.0 0.0 0 1
2145.0 2152 2138 0.0 0 0 0.0 0.0 0.0 1 1
2087.0 2087 2087 0.0 0 0 0.0 0.0 0.0 0 1
2310.5 2314 2307 0.5 1 0 0.000215982721382 0.000431965442765 0.0 1 1
2332.0 2332 2332 0.0 0 0 0.0 0.0 0.0 0 1
2030.0 2030 2030 0.0 0 0 0.0 0.0 0.0 0 1
2121.0 2141 2101 0.5 1 0 0.00023786869648 0.000475737392959 0.0 1 1
2016.4 2065 1964 0.4 2 0 0.00019617459539 0.000980872976949 0.0 4 1
1962.0 1970 1954 0.0 0 0 0.0 0.0 0.0 1 1
2145.0 2165 2131 0.0 0 0 0.0 0.0 0.0 2 1
2080.0 2128 2032 0.0 0 0 0.0 0.0 0.0 1 1
2174.0 2174 2174 0.0 0 0 0.0 0.0 0.0 0 1
2113.0 2113 2113 0.0 0 0 0.0 0.0 0.0 0 1
2019.0 2043 1995 0.5 1 0 0.000244618395303 0.000489236790607 0.0 1 1
1995.0 1995 1995 0.0 0 0 0.0 0.0 0.0 0 1
2114.85714286 2196 2057 0.928571428571 3 0 0.000435467624354 0.00138185168125 0.0 13 1
2085.2 2185 2010 1.3 2 0 0.000618619914775 0.000994035785288 0.0 9 1
2166.0 2166 2166 0.0 0 0 0.0 0.0 0.0 0 1
1989.0 1989 1989 0.0 0 0 0.0 0.0 0.0 0 1
2199.5 2206 2193 1.0 2 0 0.000452898550725 0.000905797101449 0.0 1 1
1900.0 1900 1900 0.0 0 0 0.0 0.0 0.0 0 1
1380.22947368 2043 1022 61.3684210526 250 0 0.0429530503279 0.169562195969 0.0 474 1
1966.25 1975 1961 0.0 0 0 0.0 0.0 0.0 3 1
1820.33333333 1833 1808 0.333333333333 1 0 0.000183049606443 0.00054914881933 0.0 2 1
1996.5 2012 1981 0.5 1 0 0.000248385494287 0.000496770988574 0.0 1 1
2140.0 2140 2140 0.0 0 0 0.0 0.0 0.0 0 1
2150.0 2150 2150 0.0 0 0 0.0 0.0 0.0 0 1
