2222.33333333 2234 2207 0.333333333333 1 0 0.000149678191887 0.000449034575662 0.0 2 1
1951.0 1951 1951 0.0 0 0 0.0 0.0 0.0 0 1
2056.57142857 2078 2015 1.71428571429 4 0 0.000834089336077 0.00192122958694 0.0 6 1
2100.0 2100 2100 0.0 0 0 0.0 0.0 0.0 0 1
2004.0 2023 1985 0.0 0 0 0.0 0.0 0.0 1 1
2124.5 2143 2106 0.5 1 0 0.000237304224015 0.00047460844803 0.0 1 1
2227.0 2270 2185 1.25 3 0 0.000560191697567 0.00135440180587 0.0 3 1
1973.0 1973 1973 0.0 0 0 0.0 0.0 0.0 0 1
2028.0 2028 2028 0.0 0 0 0.0 0.0 0.0 0 1
2042.0 2042 2042 0.0 0 0 0.0 0.0 0.0 0 1
2227.0 2233 2221 0.0 0 0 0.0 0.0 0.0 1 1
2174.5 2182 2167 0.0 0 0 0.0 0.0 0.0 1 1
1908.42857143 1987 1838 2.0 4 0 0.00103354893873 0.00200904068307 0.0 6 1
1879.0 1879 1879 0.0 0 0 0.0 0.0 0.0 0 1
1910.5 1942 1879 0.0 0 0 0.0 0.0 0.0 1 1
2143.0 2223 2080 0.6 1 0 0.00027719729983 0.000470145745181 0.0 4 1
2096.14285714 2141 2043 0.857142857143 2 0 0.000405396624078 0.000951474785918 0.0 6 1
1968.0 2001 1935 1.14285714286 2 0 0.000581611416518 0.00102406554019 0.0 6 1
2236.5 2288 2185 1.0 2 0 0.000436681222707 0.000873362445415 0.0 1 1
2014.5 2024 2005 0.0 0 0 0.0 0.0 0.0 1 1
2008.0 2008 2008 0.0 0 0 0.0 0.0 0.0 0 1
1967.25 2038 1906 1.25 3 0 0.00062282954289 0.00146986771191 0.0 3 1
2112.0 2216 2012 0.25 1 0 0.000112764997745 0.000451059990979 0.0 3 1
1882.0 1882 1882 0.0 0 0 0.0 0.0 0.0 0 1
2070.16666667 2168 2007 0.833333333333 1 0 0.000400155095211 0.000493096646943 0.0 5 1
2137.0 2183 2088 0.8 2 0 0.000377414629316 0.000945626477541 0.0 4 1
2004.25 2078 1888 1.5 3 0 0.000731846718834 0.00145701796989 0.0 7 1
2131.0 2142 2120 0.5 1 0 0.000233317778815 0.000466635557629 0.0 1 1
2130.0 2130 2130 0.0 0 0 0.0 0.0 0.0 0 1
1964.47826087 2309 1694 3.78260869565 12 0 0.00198122863489 0.00644122383253 0.0 45 1
2172.5 2231 2086 1.0 2 0 0.000452500075097 0.00089565606807 0.0 3 1
1957.0 2037 1864 0.818181818182 2 0 0.00042087548748 0.0010718113612 0.0 10 1
2104.2 2156 2041 1.4 2 0 0.000660295712592 0.000962927298989 0.0 4 1
2132.33333333 2175 2089 1.83333333333 4 0 0.000854667798633 0.0018691588785 0.0 5 1
2125.0 2125 2125 0.0 0 0 0.0 0.0 0.0 0 1
2139.0 2139 2139 0.0 0 0 0.0 0.0 0.0 0 1
2122.0 2122 2122 0.0 0 0 0.0 0.0 0.0 0 1
1930.66666667 1977 1902 0.666666666667 1 0 0.000342675737536 0.000522466039707 0.0 2 1
1928.0 1928 1928 0.0 0 0 0.0 0.0 0.0 0 1
2157.0 2157 2157 0.0 0 0 0.0 0.0 0.0 0 1
2102.25 2129 2068 0.5 1 0 0.000240505804878 0.000483325277912 0.0 3 1
1993.0 2073 1886 0.666666666667 2 0 0.000344926560098 0.0010593220339 0.0 5 1
1810.0 1885 1763 0.142857142857 1 0 7.57460990759e-05 0.000530222693531 0.0 6 1
2010.0 2010 2010 0.0 0 0 0.0 0.0 0.0 0 1
2167.0 2167 2167 0.0 0 0 0.0 0.0 0.0 0 1
2241.14285714 2319 2117 0.285714285714 1 0 0.000124675799405 0.000441696113074 0.0 6 1
1942.0 2035 1838 1.125 4 0 0.000589138137662 0.00216216216216 0.0 7 1
1934.26666667 2107 1811 1.4 3 0 0.000721403899345 0.00164744645799 0.0 14 1
2051.5 2062 2041 1.0 2 0 0.000489476260401 0.000978952520803 0.0 1 1
2086.0 2086 2086 0.0 0 0 0.0 0.0 0.0 0 1
2057.11111111 2169 1932 0.333333333333 1 0 0.000156865368686 0.000481695568401 0.0 8 1
2131.5 2154 2109 0.5 1 0 0.000236966824645 0.000473933649289 0.0 1 1
1988.0 1988 1988 0.0 0 0 0.0 0.0 0.0 0 1
2099.0 2139 2056 1.0 4 0 0.000474971873236 0.00190657769304 0.0 5 1
1982.5 1994 1971 0.0 0 0 0.0 0.0 0.0 1 1
2000.25 2034 1952 0.5 1 0 0.000253133317649 0.000512032770097 0.0 3 1
2256.0 2263 2249 0.5 1 0 0.000220848056537 0.000441696113074 0.0 1 1
2146.5 2198 2095 0.5 1 0 0.000227376080036 0.000454752160073 0.0 1 1
2211.0 2211 2211 0.0 0 0 0.0 0.0 0.0 0 1
2055.33333333 2117 1995 0.444444444444 1 0 0.000216117749163 0.000501002004008 0.0 8 1
2093.5 2145 2042 0.5 1 0 0.000232991612302 0.000465983224604 0.0 1 1
1942.0 1963 1921 0.0 0 0 0.0 0.0 0.0 1 1
2162.0 2162 2162 0.0 0 0 0.0 0.0 0.0 0 1
2062.0 2062 2062 0.0 0 0 0.0 0.0 0.0 0 1
1937.0 1937 1937 0.0 0 0 0.0 0.0 0.0 0 1
2153.0 2190 2088 0.4 1 0 0.000188503966798 0.000478697941599 0.0 4 1
1929.5 1956 1903 0.0 0 0 0.0 0.0 0.0 1 1
2202.5 2209 2196 0.5 1 0 0.000226244343891 0.000452488687783 0.0 1 1
1945.5 1962 1929 0.0 0 0 0.0 0.0 0.0 1 1
2149.45454545 2319 1998 2.63636363636 6 0 0.0012222828183 0.00290416263311 0.0 10 1
2088.5 2153 2020 1.875 5 0 0.000891421193306 0.00239234449761 0.0 7 1
1993.4 2066 1938 1.4 2 0 0.000700490033689 0.00103092783505 0.0 4 1
2062.91666667 2149 1892 1.08333333333 4 0 0.000530428672711 0.00188768286928 0.0 11 1
2143.0 2143 2143 0.0 0 0 0.0 0.0 0.0 0 1
2209.2 2230 2190 0.8 1 0 0.000362094118458 0.000456412596988 0.0 4 1
2115.33333333 2162 2064 0.666666666667 1 0 0.000318579073404 0.000484261501211 0.0 2 1
2290.0 2290 2290 0.0 0 0 0.0 0.0 0.0 0 1
2069.5 2084 2055 0.0 0 0 0.0 0.0 0.0 1 1
1823.5 1888 1758 1.16666666667 2 0 0.000627003378272 0.0010775862069 0.0 5 1
1863.77272727 2110 1711 1.72727272727 4 0 0.000932823084826 0.00227014755959 0.0 21 1
2071.0 2080 2062 1.0 2 0 0.000480307396734 0.000960614793468 0.0 1 1
1972.5 1994 1951 0.0 0 0 0.0 0.0 0.0 1 1
2169.0 2169 2169 0.0 0 0 0.0 0.0 0.0 0 1
2101.5 2124 2078 0.75 2 0 0.000359432234432 0.000961538461538 0.0 3 1
2051.5 2059 2044 0.5 1 0 0.000244498777506 0.000488997555012 0.0 1 1
1929.2 1969 1886 0.8 1 0 0.000412265934006 0.000528820729773 0.0 4 1
2250.66666667 2297 2227 0.333333333333 1 0 0.00014961101137 0.000448833034111 0.0 2 1
2114.5 2135 2094 1.0 2 0 0.000467945718297 0.000935891436593 0.0 1 1
1959.0 1959 1959 0.0 0 0 0.0 0.0 0.0 0 1
2102.66666667 2114 2086 1.0 2 0 0.000473112651005 0.000945179584121 0.0 2 1
2029.0 2029 2029 0.0 0 0 0.0 0.0 0.0 0 1
1977.0 1977 1977 0.0 0 0 0.0 0.0 0.0 0 1
2074.0 2074 2074 0.0 0 0 0.0 0.0 0.0 0 1
1981.75 2028 1937 0.625 1 0 0.000312920774481 0.000509683995923 0.0 7 1
2104.5 2174 2052 1.0 2 0 0.00046821532674 0.000919117647059 0.0 3 1
2022.0 2022 2022 0.0 0 0 0.0 0.0 0.0 0 1
2262.0 2262 2262 0.0 0 0 0.0 0.0 0.0 0 1
1996.5 2012 1981 0.5 1 0 0.000248385494287 0.000496770988574 0.0 1 1
2096.0 2096 2096 0.0 0 0 0.0 0.0 0.0 0 1
1985.0 1985 1985 0.0 0 0 0.0 0.0 0.0 0 1
2090.0 2090 2090 0.0 0 0 0.0 0.0 0.0 0 1
2013.0 2079 1908 0.583333333333 2 0 0.000290724621544 0.000988630746416 0.0 11 1
1994.0 1994 1994 0.0 0 0 0.0 0.0 0.0 0 1
2126.66666667 2170 2071 0.333333333333 1 0 0.000155763239875 0.000467289719626 0.0 2 1
2213.83333333 2248 2180 0.333333333333 1 0 0.000149881580747 0.000451059990979 0.0 5 1
2006.5 2014 1999 0.5 1 0 0.000248138957816 0.000496277915633 0.0 1 1
1954.57142857 2038 1880 1.42857142857 3 0 0.000717829614907 0.00148367952522 0.0 6 1
1936.0 1936 1936 0.0 0 0 0.0 0.0 0.0 0 1
1825.5 1838 1813 0.0 0 0 0.0 0.0 0.0 1 1
2099.0 2099 2099 0.0 0 0 0.0 0.0 0.0 0 1
1914.16666667 2024 1830 1.91666666667 5 0 0.000982899674352 0.00246426811237 0.0 11 1
2266.5 2294 2239 0.0 0 0 0.0 0.0 0.0 1 1
2032.0 2032 2032 0.0 0 0 0.0 0.0 0.0 0 1
2017.5 2028 2007 0.0 0 0 0.0 0.0 0.0 1 1
2245.0 2246 2244 0.5 1 0 0.000222518914108 0.000445037828215 0.0 1 1
2016.0 2016 2016 0.0 0 0 0.0 0.0 0.0 0 1
2155.33333333 2187 2139 0.333333333333 1 0 0.000152346130408 0.000457038391225 0.0 2 1
2068.0 2068 2068 0.0 0 0 0.0 0.0 0.0 0 1
1982.0 1982 1982 0.0 0 0 0.0 0.0 0.0 0 1
1906.0 1906 1906 0.0 0 0 0.0 0.0 0.0 0 1
2064.0 2064 2064 0.0 0 0 0.0 0.0 0.0 0 1
2060.0 2060 2060 0.0 0 0 0.0 0.0 0.0 0 1
2225.0 2225 2225 0.0 0 0 0.0 0.0 0.0 0 1
1957.66666667 1973 1936 1.33333333333 3 0 0.000684591628597 0.00154718927282 0.0 2 1
2221.5 2249 2194 0.5 1 0 0.000222222222222 0.000444444444444 0.0 1 1
1926.33333333 1947 1892 0.333333333333 1 0 0.000171732783788 0.000515198351365 0.0 2 1
1966.28571429 2153 1770 3.0 7 0 0.00153604054288 0.00384193194292 0.0 13 1
2085.0 2085 2085 0.0 0 0 0.0 0.0 0.0 0 1
2071.5 2100 2043 1.0 2 0 0.000488997555012 0.000977995110024 0.0 1 1
2271.0 2271 2271 0.0 0 0 0.0 0.0 0.0 0 1
2125.0 2207 2012 0.0 0 0 0.0 0.0 0.0 3 1
2004.5 2046 1963 0.5 1 0 0.000254582484725 0.00050916496945 0.0 1 1
2190.33333333 2214 2171 0.666666666667 1 0 0.000303957475054 0.000460405156538 0.0 2 1
2107.0 2129 2074 0.8 2 0 0.000377810097828 0.000944733112896 0.0 4 1
1880.0 1880 1880 0.0 0 0 0.0 0.0 0.0 0 1
2113.0 2144 2082 0.5 1 0 0.0002331002331 0.0004662004662 0.0 1 1
2120.0 2120 2120 0.0 0 0 0.0 0.0 0.0 0 1
2035.0 2035 2035 0.0 0 0 0.0 0.0 0.0 0 1
2118.33333333 2138 2104 0.666666666667 1 0 0.00031351502609 0.000473036896878 0.0 2 1
1968.0 1968 1968 0.0 0 0 0.0 0.0 0.0 0 1
1964.0 1964 1964 0.0 0 0 0.0 0.0 0.0 0 1
2004.16666667 2041 1955 0.666666666667 1 0 0.000329841115988 0.000497265042268 0.0 5 1
2133.33333333 2190 2072 1.33333333333 2 0 0.000632966531181 0.000964320154291 0.0 2 1
1921.08333333 2081 1729 1.16666666667 3 0 0.000596357890654 0.00159829515184 0.0 23 1
2136.0 2136 2136 0.0 0 0 0.0 0.0 0.0 0 1
1984.0 1984 1984 0.0 0 0 0.0 0.0 0.0 0 1
2115.5 2117 2114 0.5 1 0 0.000236406619385 0.000472813238771 0.0 1 1
2056.0 2056 2056 0.0 0 0 0.0 0.0 0.0 0 1
2061.33333333 2097 2035 0.333333333333 1 0 0.00015888147442 0.00047664442326 0.0 2 1
1949.47368421 2091 1835 1.26315789474 3 0 0.000648773244238 0.0015625 0.0 18 1
2186.25 2254 2126 1.25 3 0 0.000562385408309 0.00136301681054 0.0 3 1
2090.0 2090 2090 0.0 0 0 0.0 0.0 0.0 0 1
1973.0 1973 1973 0.0 0 0 0.0 0.0 0.0 0 1
2127.5 2153 2083 1.66666666667 3 0 0.000786479445345 0.00143815915628 0.0 5 1
2019.5 2047 1992 0.0 0 0 0.0 0.0 0.0 1 1
2134.0 2134 2134 0.0 0 0 0.0 0.0 0.0 0 1
2003.0 2003 2003 0.0 0 0 0.0 0.0 0.0 0 1
2059.46153846 2229 1934 1.07692307692 2 0 0.000516495610568 0.000993048659384 0.0 12 1
2130.0 2161 2099 0.5 1 0 0.000231267345051 0.000462534690102 0.0 1 1
2031.0 2072 1980 0.666666666667 1 0 0.000324036210791 0.00048971596474 0.0 2 1
1956.625 2039 1864 0.75 1 0 0.000383771212743 0.000536193029491 0.0 7 1
2144.0 2176 2112 1.0 2 0 0.000459136822773 0.000918273645546 0.0 1 1
2309.0 2309 2309 0.0 0 0 0.0 0.0 0.0 0 1
1981.0 2022 1940 0.5 1 0 0.000247157686604 0.000494315373208 0.0 1 1
2049.0 2049 2049 0.0 0 0 0.0 0.0 0.0 0 1
2090.5 2091 2090 0.0 0 0 0.0 0.0 0.0 1 1
2034.0 2034 2034 0.0 0 0 0.0 0.0 0.0 0 1
2014.0 2014 2014 0.0 0 0 0.0 0.0 0.0 0 1
2195.0 2195 2195 0.0 0 0 0.0 0.0 0.0 0 1
1972.0 1972 1972 0.0 0 0 0.0 0.0 0.0 0 1
2026.0 2026 2026 0.0 0 0 0.0 0.0 0.0 0 1
2041.0 2058 2009 1.25 2 0 0.000613600356489 0.000994530084535 0.0 3 1
1985.0 2012 1958 0.5 1 0 0.000255232261358 0.000510464522716 0.0 1 1
1989.11111111 2072 1938 0.888888888889 2 0 0.000449184070073 0.00100857286939 0.0 8 1
2011.0 2011 2011 0.0 0 0 0.0 0.0 0.0 0 1
2312.0 2312 2312 0.0 0 0 0.0 0.0 0.0 0 1
2104.0 2116 2079 0.75 2 0 0.000355169762964 0.000947418285173 0.0 3 1
1884.5 1885 1884 0.0 0 0 0.0 0.0 0.0 1 1
2205.0 2205 2205 0.0 0 0 0.0 0.0 0.0 0 1
2059.0 2059 2059 0.0 0 0 0.0 0.0 0.0 0 1
2208.0 2208 2208 0.0 0 0 0.0 0.0 0.0 0 1
2067.0 2067 2067 0.0 0 0 0.0 0.0 0.0 0 1
1881.0 1881 1881 0.0 0 0 0.0 0.0 0.0 0 1
1918.0 1952 1884 0.5 1 0 0.000256016385049 0.000512032770097 0.0 1 1
2106.5 2113 2100 0.5 1 0 0.000236518448439 0.000473036896878 0.0 1 1
2023.0 2023 2023 0.0 0 0 0.0 0.0 0.0 0 1
2121.0 2142 2102 1.0 2 0 0.000469290773732 0.000935016362786 0.0 3 1
2027.75 2136 1925 2.125 6 0 0.00102756351457 0.00280112044818 0.0 7 1
2099.0 2102 2096 0.5 1 0 0.000238435860753 0.000476871721507 0.0 1 1
2119.33333333 2149 2096 0.0 0 0 0.0 0.0 0.0 2 1
2185.5 2204 2167 0.0 0 0 0.0 0.0 0.0 1 1
2047.8 2082 2031 0.6 2 0 0.000292768928616 0.000983767830792 0.0 4 1
2177.0 2177 2177 0.0 0 0 0.0 0.0 0.0 0 1
2031.6 2061 1980 0.6 1 0 0.000291026692663 0.000485201358564 0.0 4 1
2075.25 2103 2052 0.5 1 0 0.00024254596196 0.000487092060399 0.0 3 1
2149.66666667 2167 2141 2.0 3 0 0.000927247403535 0.00139925373134 0.0 2 1
1997.0 1997 1997 0.0 0 0 0.0 0.0 0.0 0 1
1994.0625 2077 1934 1.25 3 0 0.000626872254248 0.00152983171851 0.0 15 1
1911.5 1954 1869 0.0 0 0 0.0 0.0 0.0 1 1
2193.0 2193 2193 0.0 0 0 0.0 0.0 0.0 0 1
2057.0 2065 2049 0.5 1 0 0.000242013552759 0.000484027105518 0.0 1 1
2024.66666667 2053 1978 0.333333333333 1 0 0.000163078930202 0.000489236790607 0.0 2 1
2006.33333333 2075 1917 0.0 0 0 0.0 0.0 0.0 2 1
2088.0 2088 2088 0.0 0 0 0.0 0.0 0.0 0 1
2140.0 2140 2140 0.0 0 0 0.0 0.0 0.0 0 1
1963.0 1963 1963 0.0 0 0 0.0 0.0 0.0 0 1
1923.33333333 1941 1888 0.666666666667 1 0 0.000348104561124 0.000529380624669 0.0 2 1
2073.8 2117 2030 0.6 1 0 0.000292368280376 0.000492368291482 0.0 4 1
2096.0 2096 2096 0.0 0 0 0.0 0.0 0.0 0 1
2147.0 2171 2123 0.0 0 0 0.0 0.0 0.0 1 1
1913.0 1925 1901 1.0 2 0 0.000518941359626 0.00103788271925 0.0 1 1
2006.75 2047 1967 0.375 2 0 0.000185366033448 0.000976085895559 0.0 7 1
1926.5 1931 1922 0.5 1 0 0.000260010400416 0.000520020800832 0.0 1 1
1938.0 1965 1915 0.333333333333 1 0 0.000169548999661 0.000508646998983 0.0 2 1
2014.0 2014 2014 0.0 0 0 0.0 0.0 0.0 0 1
1855.86666667 2031 1715 2.73333333333 7 0 0.00143822116836 0.00355691056911 0.0 14 1
2170.5 2173 2168 0.5 1 0 0.000230520977409 0.000461041954818 0.0 1 1
2117.0 2117 2117 0.0 0 0 0.0 0.0 0.0 0 1
1988.83333333 2082 1930 1.83333333333 4 0 0.000918343747138 0.00197726149283 0.0 5 1
2029.0 2029 2029 0.0 0 0 0.0 0.0 0.0 0 1
2039.4 2103 1936 0.4 1 0 0.000195025263448 0.00049504950495 0.0 4 1
1857.66666667 1923 1792 0.666666666667 1 0 0.000358702235002 0.000545553737043 0.0 5 1
2102.0 2102 2102 0.0 0 0 0.0 0.0 0.0 0 1
2116.33333333 2183 2077 0.833333333333 1 0 0.000392323471527 0.000481231953802 0.0 5 1
2123.0 2123 2123 0.0 0 0 0.0 0.0 0.0 0 1
2075.81818182 2221 1898 1.18181818182 3 0 0.000556002256097 0.00137236962489 0.0 10 1
1955.0 1955 1955 0.0 0 0 0.0 0.0 0.0 0 1
2109.0 2109 2109 0.0 0 0 0.0 0.0 0.0 0 1
1883.2 1910 1817 1.8 4 0 0.000948050771799 0.0021164021164 0.0 4 1
1866.66666667 1874 1859 0.666666666667 1 0 0.000356989247312 0.000537634408602 0.0 2 1
1981.33333333 1998 1967 0.666666666667 1 0 0.000335100210038 0.000505050505051 0.0 2 1
2037.0 2037 2037 0.0 0 0 0.0 0.0 0.0 0 1
2040.83333333 2098 1917 1.5 4 0 0.00072906766511 0.00198412698413 0.0 5 1
2053.0 2061 2045 0.0 0 0 0.0 0.0 0.0 1 1
2241.66666667 2299 2157 0.666666666667 1 0 0.000291770414352 0.000440528634361 0.0 2 1
2033.0 2033 2033 0.0 0 0 0.0 0.0 0.0 0 1
2102.42857143 2146 2029 0.857142857143 2 0 0.000409874875135 0.000984736582964 0.0 6 1
2128.75 2185 2098 0.5 1 0 0.000233468470805 0.000476417341591 0.0 3 1
1902.14285714 2123 1722 3.04761904762 9 0 0.00158607673383 0.00479233226837 0.0 41 1
1995.0 1995 1995 0.0 0 0 0.0 0.0 0.0 0 1
2145.0 2145 2145 0.0 0 0 0.0 0.0 0.0 0 1
2018.5 2026 2011 0.5 1 0 0.000246669955599 0.000493339911199 0.0 1 1
2192.0 2192 2192 0.0 0 0 0.0 0.0 0.0 0 1
1935.5 1962 1909 0.5 1 0 0.000261780104712 0.000523560209424 0.0 1 1
1973.8 2006 1886 0.6 1 0 0.000300514078749 0.000505561172902 0.0 4 1
2039.0 2061 2017 0.0 0 0 0.0 0.0 0.0 1 1
2139.0 2139 2139 0.0 0 0 0.0 0.0 0.0 0 1
2114.75 2204 2067 1.33333333333 4 0 0.000632670050165 0.00192585459798 0.0 11 1
2119.0 2216 2064 0.75 2 0 0.00035113524215 0.000958313368471 0.0 7 1
2033.0 2033 2033 0.0 0 0 0.0 0.0 0.0 0 1
2080.33333333 2100 2060 0.666666666667 1 0 0.000320388395104 0.000485201358564 0.0 2 1
2055.66666667 2081 2010 0.666666666667 1 0 0.000320590348743 0.000481463649494 0.0 2 1
2100.0 2100 2100 0.0 0 0 0.0 0.0 0.0 0 1
2086.5 2095 2078 0.0 0 0 0.0 0.0 0.0 1 1
2157.0 2157 2157 0.0 0 0 0.0 0.0 0.0 0 1
2039.66666667 2063 2002 0.0 0 0 0.0 0.0 0.0 2 1
2173.66666667 2184 2158 0.666666666667 2 0 0.000305670181874 0.000917010545621 0.0 2 1
1992.5 2007 1978 0.0 0 0 0.0 0.0 0.0 1 1
2072.0 2089 2055 0.5 1 0 0.000239234449761 0.000478468899522 0.0 1 1
2187.0 2187 2187 0.0 0 0 0.0 0.0 0.0 0 1
1872.0 1899 1845 0.0 0 0 0.0 0.0 0.0 1 1
2017.33333333 2043 1984 0.0 0 0 0.0 0.0 0.0 2 1
2025.0 2147 1925 3.125 10 0 0.00154953797472 0.00502765208648 0.0 15 1
2032.13333333 2194 1921 1.26666666667 4 0 0.000609318235858 0.00185614849188 0.0 14 1
2045.33333333 2114 1979 0.333333333333 1 0 0.000157604412924 0.000472813238771 0.0 2 1
2111.0 2111 2111 0.0 0 0 0.0 0.0 0.0 0 1
2082.0 2082 2082 0.0 0 0 0.0 0.0 0.0 0 1
2130.0 2130 2130 0.0 0 0 0.0 0.0 0.0 0 1
1995.0 1995 1995 0.0 0 0 0.0 0.0 0.0 0 1
1975.0 1975 1975 0.0 0 0 0.0 0.0 0.0 0 1
2059.5 2080 2039 0.0 0 0 0.0 0.0 0.0 1 1
1919.06666667 2039 1757 2.8 6 0 0.00145219769122 0.0030737704918 0.0 14 1
2052.6 2164 1974 0.9 3 0 0.000434375942752 0.00143129770992 0.0 9 1
2177.0 2177 2177 0.0 0 0 0.0 0.0 0.0 0 1
2237.0 2265 2209 0.0 0 0 0.0 0.0 0.0 1 1
1980.0 1980 1980 0.0 0 0 0.0 0.0 0.0 0 1
2045.29166667 2239 1899 3.5 8 0 0.00169665175432 0.00394477317554 0.0 23 1
2061.5 2063 2060 0.5 1 0 0.000242600679282 0.000485201358564 0.0 1 1
2154.5 2155 2154 0.5 1 0 0.000232018561485 0.00046403712297 0.0 1 1
2100.5 2130 2071 0.0 0 0 0.0 0.0 0.0 1 1
2061.33333333 2131 2028 0.666666666667 2 0 0.000320743919576 0.000966183574879 0.0 5 1
2042.3 2091 1986 1.3 3 0 0.000636119846571 0.00148075024679 0.0 9 1
1975.0 1975 1975 0.0 0 0 0.0 0.0 0.0 0 1
2103.0 2103 2103 0.0 0 0 0.0 0.0 0.0 0 1
2218.0 2218 2218 0.0 0 0 0.0 0.0 0.0 0 1
2222.0 2222 2222 0.0 0 0 0.0 0.0 0.0 0 1
2097.0 2097 2097 0.0 0 0 0.0 0.0 0.0 0 1
1820.7037037 1981 1707 1.37037037037 5 0 0.000758418958065 0.00272479564033 0.0 26 1
2121.5 2127 2116 0.0 0 0 0.0 0.0 0.0 1 1
2072.84615385 2208 1989 2.38461538462 7 0 0.0011378768844 0.00340798442064 0.0 12 1
1985.5 2079 1922 1.5 4 0 0.000754396683193 0.00205233453053 0.0 11 1
2014.88888889 2114 1914 1.11111111111 3 0 0.000543349443378 0.00147347740668 0.0 8 1
2064.5 2171 2027 0.833333333333 1 0 0.000402271309639 0.000493096646943 0.0 5 1
2137.0 2137 2137 0.0 0 0 0.0 0.0 0.0 0 1
1932.0 1932 1932 0.0 0 0 0.0 0.0 0.0 0 1
2176.1 2243 2125 1.6 3 0 0.00073322825161 0.00140977443609 0.0 9 1
2032.5 2042 2023 0.5 1 0 0.000244738130201 0.000489476260401 0.0 1 1
1999.0 1999 1999 0.0 0 0 0.0 0.0 0.0 0 1
1950.0 1950 1950 0.0 0 0 0.0 0.0 0.0 0 1
2130.0 2130 2130 0.0 0 0 0.0 0.0 0.0 0 1
2147.0 2147 2147 0.0 0 0 0.0 0.0 0.0 0 1
1948.14285714 2014 1893 1.0 2 0 0.000508393130904 0.00104766893662 0.0 6 1
2012.0 2066 1951 2.125 4 0 0.00105176873866 0.00193236714976 0.0 7 1
2090.0 2133 2026 0.166666666667 1 0 8.09061488673e-05 0.000485436893204 0.0 5 1
1926.0 1965 1887 1.0 2 0 0.000508388408744 0.00101677681749 0.0 1 1
2031.5 2091 1972 0.0 0 0 0.0 0.0 0.0 1 1
1935.5 1947 1924 0.5 1 0 0.000256673511294 0.000513347022587 0.0 1 1
1966.0 1966 1966 0.0 0 0 0.0 0.0 0.0 0 1
1964.66666667 2035 1911 0.333333333333 1 0 0.000171027877544 0.000513083632632 0.0 2 1
2119.0 2140 2087 1.33333333333 3 0 0.000626277958651 0.00139990667289 0.0 2 1
1958.0 1984 1932 0.0 0 0 0.0 0.0 0.0 1 1
2051.0 2117 1999 1.0 2 0 0.000483952071103 0.000943841434639 0.0 4 1
1939.0 1939 1939 0.0 0 0 0.0 0.0 0.0 0 1
2196.0 2196 2196 0.0 0 0 0.0 0.0 0.0 0 1
2141.0 2141 2141 0.0 0 0 0.0 0.0 0.0 0 1
2170.0 2170 2170 0.0 0 0 0.0 0.0 0.0 0 1
2009.33333333 2052 1965 0.0 0 0 0.0 0.0 0.0 2 1
1912.0 1912 1912 0.0 0 0 0.0 0.0 0.0 0 1
2025.66666667 2039 2007 0.333333333333 1 0 0.000166002656042 0.000498007968127 0.0 2 1
2359.0 2359 2359 0.0 0 0 0.0 0.0 0.0 0 1
1907.33333333 1964 1839 0.333333333333 1 0 0.000169635284139 0.000508905852417 0.0 2 1
1989.25 2105 1851 2.75 5 0 0.00137845789339 0.00257731958763 0.0 11 1
2071.0 2071 2071 0.0 0 0 0.0 0.0 0.0 0 1
2086.0 2086 2086 0.0 0 0 0.0 0.0 0.0 0 1
1997.33333333 2037 1971 0.666666666667 1 0 0.000336959243004 0.000507099391481 0.0 2 1
2082.75 2135 2039 0.0 0 0 0.0 0.0 0.0 3 1
2338.0 2338 2338 0.0 0 0 0.0 0.0 0.0 0 1
1919.0 1920 1918 0.0 0 0 0.0 0.0 0.0 1 1
2155.0 2155 2155 0.0 0 0 0.0 0.0 0.0 0 1
2037.75 2046 2029 0.0 0 0 0.0 0.0 0.0 3 1
1992.0 2191 1843 3.90476190476 8 0 0.00193864439212 0.00427122263748 0.0 20 1
1999.0 2004 1994 0.5 1 0 0.000249376558603 0.000498753117207 0.0 1 1
2087.0 2087 2087 0.0 0 0 0.0 0.0 0.0 0 1
2156.0 2156 2156 0.0 0 0 0.0 0.0 0.0 0 1
2090.5 2111 2070 0.0 0 0 0.0 0.0 0.0 1 1
2061.5 2075 2048 1.0 2 0 0.000481463649494 0.000962927298989 0.0 1 1
2183.0 2183 2183 0.0 0 0 0.0 0.0 0.0 0 1
1995.0 2045 1952 0.333333333333 1 0 0.000162919517758 0.000488758553275 0.0 2 1
2180.5 2183 2178 0.5 1 0 0.000229463056448 0.000458926112896 0.0 1 1
2032.0 2032 2032 0.0 0 0 0.0 0.0 0.0 0 1
2013.0 2013 2013 0.0 0 0 0.0 0.0 0.0 0 1
2114.0 2114 2114 0.0 0 0 0.0 0.0 0.0 0 1
2040.33333333 2082 1988 1.0 2 0 0.000482340777657 0.000959692898273 0.0 2 1
2075.5 2105 2019 1.25 2 0 0.000596949512982 0.00095785440613 0.0 3 1
2062.0 2062 2062 0.0 0 0 0.0 0.0 0.0 0 1
2064.0 2138 1994 1.0 2 0 0.000495735122193 0.00100200400802 0.0 2 1
2011.0 2053 1969 0.0 0 0 0.0 0.0 0.0 1 1
2066.0 2066 2066 0.0 0 0 0.0 0.0 0.0 0 1
1980.33333333 2034 1925 0.666666666667 1 0 0.000331895642032 0.000504286434695 0.0 2 1
2053.75 2115 1980 0.625 2 0 0.000302993316966 0.000952380952381 0.0 7 1
2087.0 2087 2087 0.0 0 0 0.0 0.0 0.0 0 1
2125.5 2138 2113 2.0 4 0 0.000944733112896 0.00188946622579 0.0 1 1
1963.375 2057 1839 1.25 3 0 0.000630694486547 0.00152671755725 0.0 7 1
2063.0 2063 2063 0.0 0 0 0.0 0.0 0.0 0 1
1878.0 1878 1878 0.0 0 0 0.0 0.0 0.0 0 1
2100.0 2123 2077 0.5 1 0 0.000240615976901 0.000481231953802 0.0 1 1
2014.0 2014 2014 0.0 0 0 0.0 0.0 0.0 0 1
2019.0 2019 2019 0.0 0 0 0.0 0.0 0.0 0 1
2200.0 2200 2200 0.0 0 0 0.0 0.0 0.0 0 1
2128.0 2128 2128 0.0 0 0 0.0 0.0 0.0 0 1
2178.0 2178 2178 0.0 0 0 0.0 0.0 0.0 0 1
2263.0 2263 2263 0.0 0 0 0.0 0.0 0.0 0 1
2255.5 2307 2204 0.0 0 0 0.0 0.0 0.0 1 1
2106.0 2106 2106 0.0 0 0 0.0 0.0 0.0 0 1
1993.6 2109 1887 0.8 2 0 0.000395918372987 0.000947418285173 0.0 4 1
2206.05882353 2387 2079 1.11764705882 4 0 0.000505270887996 0.00185442744553 0.0 16 1
1973.0 2028 1935 0.75 2 0 0.000371681547104 0.000985221674877 0.0 3 1
2248.0 2248 2248 0.0 0 0 0.0 0.0 0.0 0 1
1886.18181818 2026 1743 2.0 5 0 0.00106965722325 0.0026581605529 0.0 21 1
2220.0 2220 2220 0.0 0 0 0.0 0.0 0.0 0 1
2114.28571429 2183 2044 0.714285714286 1 0 0.00033603022412 0.000486144871172 0.0 6 1
1992.0 2002 1982 0.5 1 0 0.000252143217347 0.000504286434695 0.0 1 1
2064.125 2115 2000 1.25 3 0 0.000605478570842 0.00144578313253 0.0 7 1
2047.33333333 2113 1975 0.5 1 0 0.000246238235785 0.000506072874494 0.0 5 1
1932.66666667 1959 1910 0.333333333333 1 0 0.000174428745857 0.000523286237572 0.0 2 1
2034.0 2034 2034 0.0 0 0 0.0 0.0 0.0 0 1
2044.125 2123 1999 1.5 3 0 0.000734263641884 0.0014917951268 0.0 7 1
2005.66666667 2080 1897 1.33333333333 3 0 0.00065254724326 0.00144023043687 0.0 5 1
2062.0 2085 2039 0.0 0 0 0.0 0.0 0.0 1 1
2084.0 2093 2059 2.0 4 0 0.000957667490027 0.00190839694656 0.0 4 1
1996.25 2032 1969 1.25 2 0 0.000631031033684 0.00101471334348 0.0 3 1
1921.66666667 1960 1879 1.0 2 0 0.000512769783824 0.00101936799185 0.0 2 1
2119.14285714 2207 2038 0.142857142857 1 0 6.46997929607e-05 0.000452898550725 0.0 6 1
1971.14285714 2069 1885 1.0 3 0 0.000502122888519 0.00155199172271 0.0 6 1
2127.5 2138 2117 0.5 1 0 0.000236071765817 0.000472143531634 0.0 1 1
2151.0 2151 2151 0.0 0 0 0.0 0.0 0.0 0 1
2182.0 2182 2182 0.0 0 0 0.0 0.0 0.0 0 1
1938.0 1938 1938 0.0 0 0 0.0 0.0 0.0 0 1
1871.0 1879 1863 0.5 1 0 0.000265957446809 0.000531914893617 0.0 1 1
2228.0 2228 2228 0.0 0 0 0.0 0.0 0.0 0 1
2039.33333333 2049 2027 0.333333333333 1 0 0.000162601626016 0.000487804878049 0.0 2 1
2066.0 2066 2066 0.0 0 0 0.0 0.0 0.0 0 1
2096.0 2096 2096 0.0 0 0 0.0 0.0 0.0 0 1
2153.5 2203 2078 1.25 3 0 0.000572439666018 0.00137048880767 0.0 3 1
2218.0 2218 2218 0.0 0 0 0.0 0.0 0.0 0 1
1973.63636364 2020 1914 1.09090909091 2 0 0.00055262044855 0.00102669404517 0.0 10 1
2019.0 2019 2019 0.0 0 0 0.0 0.0 0.0 0 1
2057.42857143 2184 1956 2.0 4 0 0.000970086885844 0.0019147917664 0.0 6 1
2012.0 2012 2012 0.0 0 0 0.0 0.0 0.0 0 1
1953.0 1953 1953 0.0 0 0 0.0 0.0 0.0 0 1
1938.93333333 2013 1820 1.73333333333 9 0 0.000883720276584 0.00455005055612 0.0 14 1
2012.71428571 2055 1991 0.571428571429 1 0 0.000282712951904 0.000502008032129 0.0 6 1
2054.25 2124 2022 1.0 2 0 0.000487410047867 0.000984736582964 0.0 3 1
2120.0 2160 2080 0.5 1 0 0.00023137436372 0.000462748727441 0.0 1 1
2117.0 2131 2103 0.333333333333 1 0 0.000158428390368 0.000475285171103 0.0 2 1
2167.5 2176 2159 0.5 1 0 0.000231481481481 0.000462962962963 0.0 1 1
2148.33333333 2172 2133 0.333333333333 1 0 0.000153397760393 0.000460193281178 0.0 2 1
2115.75 2155 2061 0.75 1 0 0.000351304980133 0.000470809792844 0.0 3 1
2069.0 2069 2069 0.0 0 0 0.0 0.0 0.0 0 1
2207.0 2207 2207 0.0 0 0 0.0 0.0 0.0 0 1
2026.0 2051 2001 0.0 0 0 0.0 0.0 0.0 1 1
2090.71428571 2125 2059 0.571428571429 2 0 0.000270349584019 0.000940291490362 0.0 6 1
2031.0 2168 1916 1.07692307692 3 0 0.0005245822711 0.00149925037481 0.0 12 1
1932.33333333 2125 1843 1.88888888889 6 0 0.000983452279751 0.00304259634888 0.0 8 1
1867.0 1942 1729 0.428571428571 1 0 0.000226028796037 0.000535618639529 0.0 6 1
2111.0 2121 2101 0.0 0 0 0.0 0.0 0.0 1 1
2097.16666667 2153 2037 0.5 2 0 0.000240854255056 0.000980872976949 0.0 5 1
2128.0 2128 2128 0.0 0 0 0.0 0.0 0.0 0 1
1893.0 1893 1893 0.0 0 0 0.0 0.0 0.0 0 1
2094.0 2094 2094 0.0 0 0 0.0 0.0 0.0 0 1
2065.66666667 2098 2041 1.0 2 0 0.000480698972374 0.000952380952381 0.0 2 1
2050.33333333 2078 2010 0.333333333333 1 0 0.000160333493667 0.000481000481 0.0 2 1
2143.0 2143 2143 0.0 0 0 0.0 0.0 0.0 0 1
2020.0 2086 1950 0.5 1 0 0.000243342306401 0.00049850448654 0.0 5 1
2216.0 2216 2216 0.0 0 0 0.0 0.0 0.0 0 1
2069.0 2069 2069 0.0 0 0 0.0 0.0 0.0 0 1
2012.75 2049 1970 1.0 2 0 0.000501505017068 0.00101419878296 0.0 3 1
2151.5 2193 2131 0.5 1 0 0.000233702334336 0.00046904315197 0.0 3 1
1990.28571429 2026 1937 0.857142857143 3 0 0.000433815835433 0.00154639175258 0.0 6 1
2185.5 2190 2181 0.5 1 0 0.000228206298494 0.000456412596988 0.0 1 1
2049.66666667 2054 2045 0.666666666667 1 0 0.000325441864581 0.000488758553275 0.0 2 1
2073.88235294 2263 1846 1.05882352941 3 0 0.000504769822799 0.00145348837209 0.0 16 1
2005.1875 2172 1902 2.375 5 0 0.00118601923766 0.00256147540984 0.0 15 1
2016.0 2027 2005 0.5 1 0 0.00024925224327 0.00049850448654 0.0 1 1
2147.0 2223 2090 1.16666666667 2 0 0.00054170432656 0.000945626477541 0.0 5 1
2272.0 2272 2272 0.0 0 0 0.0 0.0 0.0 0 1
2138.0 2157 2123 1.0 2 0 0.000466573872557 0.000936329588015 0.0 2 1
2017.8 2111 1911 0.8 2 0 0.000390580771933 0.00095328884652 0.0 9 1
2006.33333333 2047 1950 0.833333333333 2 0 0.000419123656162 0.0010101010101 0.0 5 1
2125.0 2125 2125 0.0 0 0 0.0 0.0 0.0 0 1
2228.0 2232 2224 0.5 1 0 0.000223914017017 0.000447828034035 0.0 1 1
1951.5 2004 1899 0.0 0 0 0.0 0.0 0.0 1 1
2189.66666667 2248 2134 0.0 0 0 0.0 0.0 0.0 2 1
2142.0 2142 2142 0.0 0 0 0.0 0.0 0.0 0 1
2036.0 2036 2036 0.0 0 0 0.0 0.0 0.0 0 1
2179.0 2179 2179 0.0 0 0 0.0 0.0 0.0 0 1
2164.0 2164 2164 0.0 0 0 0.0 0.0 0.0 0 1
2008.0 2008 2008 0.0 0 0 0.0 0.0 0.0 0 1
1954.46153846 2069 1845 1.0 2 0 0.000501490569293 0.00102040816327 0.0 12 1
2160.0 2168 2152 1.0 2 0 0.000464252553389 0.000928505106778 0.0 1 1
2020.33333333 2062 1979 0.0 0 0 0.0 0.0 0.0 2 1
2279.0 2279 2279 0.0 0 0 0.0 0.0 0.0 0 1
2180.5 2182 2179 0.5 1 0 0.000229042601924 0.000458085203848 0.0 1 1
2146.0 2146 2146 0.0 0 0 0.0 0.0 0.0 0 1
1910.66666667 1986 1846 1.16666666667 3 0 0.000601992609793 0.00151898734177 0.0 5 1
1851.25 1865 1841 0.5 1 0 0.000271370440608 0.000542888165038 0.0 3 1
2080.5 2082 2079 0.0 0 0 0.0 0.0 0.0 1 1
2082.66666667 2198 1958 0.777777777778 3 0 0.0003821001424 0.00151362260343 0.0 8 1
2162.0 2162 2162 0.0 0 0 0.0 0.0 0.0 0 1
2106.0 2106 2106 0.0 0 0 0.0 0.0 0.0 0 1
2131.0 2144 2118 0.5 1 0 0.0002331002331 0.0004662004662 0.0 1 1
2024.0 2024 2024 0.0 0 0 0.0 0.0 0.0 0 1
2079.33333333 2142 1998 0.833333333333 1 0 0.000397618493319 0.000493339911199 0.0 5 1
2248.0 2248 2248 0.0 0 0 0.0 0.0 0.0 0 1
1959.0 1993 1942 0.25 1 0 0.000128600823045 0.000514403292181 0.0 3 1
2213.8 2253 2185 1.0 2 0 0.000453401875705 0.000906207521522 0.0 4 1
2073.0 2073 2073 0.0 0 0 0.0 0.0 0.0 0 1
2265.75 2310 2225 0.75 1 0 0.000328929905419 0.000442477876106 0.0 3 1
2219.0 2219 2219 0.0 0 0 0.0 0.0 0.0 0 1
2269.66666667 2294 2245 0.666666666667 1 0 0.000292021500611 0.000440334654337 0.0 2 1
2102.8 2153 2056 1.4 2 0 0.000662599254684 0.000971817298348 0.0 4 1
2016.0 2016 2016 0.0 0 0 0.0 0.0 0.0 0 1
2009.0 2009 2009 0.0 0 0 0.0 0.0 0.0 0 1
2146.0 2146 2146 0.0 0 0 0.0 0.0 0.0 0 1
2056.0 2072 2040 1.0 2 0 0.000485520234077 0.000964320154291 0.0 3 1
1980.0 1980 1980 0.0 0 0 0.0 0.0 0.0 0 1
2054.5 2102 2004 1.16666666667 2 0 0.000567598074313 0.000997008973081 0.0 5 1
2193.0 2228 2158 0.0 0 0 0.0 0.0 0.0 1 1
2138.0 2138 2138 0.0 0 0 0.0 0.0 0.0 0 1
2023.75 2100 1950 1.0 2 0 0.000493527062746 0.001001001001 0.0 7 1
2063.0 2144 1983 2.45454545455 6 0 0.00117723590455 0.00287769784173 0.0 10 1
1973.76470588 2087 1817 1.70588235294 5 0 0.000861843411851 0.00247157686604 0.0 16 1
2147.0 2147 2147 0.0 0 0 0.0 0.0 0.0 0 1
2097.66666667 2258 1996 0.833333333333 3 0 0.000393728902779 0.00144578313253 0.0 5 1
1939.0 1939 1939 0.0 0 0 0.0 0.0 0.0 0 1
2078.75 2120 1993 0.5 2 0 0.000237304224015 0.000949216896061 0.0 3 1
2149.0 2149 2149 0.0 0 0 0.0 0.0 0.0 0 1
2176.0 2176 2176 0.0 0 0 0.0 0.0 0.0 0 1
2096.35714286 2241 1959 1.28571428571 4 0 0.000604575041463 0.00193517174649 0.0 13 1
2040.0 2040 2040 0.0 0 0 0.0 0.0 0.0 0 1
1933.66666667 2009 1890 0.666666666667 2 0 0.000340733768538 0.000994530084535 0.0 11 1
2139.0 2139 2139 0.0 0 0 0.0 0.0 0.0 0 1
1993.14285714 2036 1943 1.14285714286 3 0 0.000572807718483 0.00149625935162 0.0 6 1
2062.0 2062 2062 0.0 0 0 0.0 0.0 0.0 0 1
2137.22222222 2191 2072 2.11111111111 4 0 0.000984836254165 0.00185185185185 0.0 8 1
2130.0 2130 2130 0.0 0 0 0.0 0.0 0.0 0 1
2012.4 2065 1965 1.86666666667 4 0 0.000925323852175 0.00199501246883 0.0 14 1
1992.0 1992 1992 0.0 0 0 0.0 0.0 0.0 0 1
2058.0 2081 2035 0.5 1 0 0.00024557956778 0.00049115913556 0.0 1 1
2230.0 2230 2230 0.0 0 0 0.0 0.0 0.0 0 1
1945.5 1992 1899 0.0 0 0 0.0 0.0 0.0 1 1
1884.0 1884 1884 0.0 0 0 0.0 0.0 0.0 0 1
2182.0 2182 2182 0.0 0 0 0.0 0.0 0.0 0 1
2093.0 2093 2093 0.0 0 0 0.0 0.0 0.0 0 1
2047.0 2047 2047 0.0 0 0 0.0 0.0 0.0 0 1
2055.75 2085 2034 0.75 1 0 0.000363400947651 0.000489955903969 0.0 3 1
2062.0 2062 2062 0.0 0 0 0.0 0.0 0.0 0 1
2232.33333333 2246 2208 1.0 2 0 0.000445302141699 0.000890868596882 0.0 2 1
2081.0 2081 2081 0.0 0 0 0.0 0.0 0.0 0 1
1965.0 1965 1965 0.0 0 0 0.0 0.0 0.0 0 1
2076.0 2095 2054 0.333333333333 1 0 0.00015903307888 0.000477099236641 0.0 2 1
2108.0 2108 2108 0.0 0 0 0.0 0.0 0.0 0 1
2233.33333333 2261 2209 0.333333333333 1 0 0.000150829562594 0.000452488687783 0.0 2 1
2073.0 2073 2073 0.0 0 0 0.0 0.0 0.0 0 1
1941.83333333 2012 1910 0.5 2 0 0.000253910838958 0.00102669404517 0.0 5 1
2093.0 2118 2068 0.0 0 0 0.0 0.0 0.0 1 1
1994.0 1994 1994 0.0 0 0 0.0 0.0 0.0 0 1
2031.0 2031 2031 0.0 0 0 0.0 0.0 0.0 0 1
2089.0 2089 2089 0.0 0 0 0.0 0.0 0.0 0 1
2252.0 2252 2252 0.0 0 0 0.0 0.0 0.0 0 1
2140.2 2179 2101 0.8 1 0 0.00037405386815 0.000475737392959 0.0 4 1
2168.0 2168 2168 0.0 0 0 0.0 0.0 0.0 0 1
2163.0 2163 2163 0.0 0 0 0.0 0.0 0.0 0 1
2018.4 2066 1986 0.6 1 0 0.00029572589701 0.000501253132832 0.0 4 1
2116.0 2116 2116 0.0 0 0 0.0 0.0 0.0 0 1
2175.33333333 2189 2168 0.333333333333 1 0 0.000153609831029 0.000460829493088 0.0 2 1
2021.0 2021 2021 0.0 0 0 0.0 0.0 0.0 0 1
1888.0 1888 1888 0.0 0 0 0.0 0.0 0.0 0 1
1964.0 1964 1964 0.0 0 0 0.0 0.0 0.0 0 1
2080.0 2080 2080 0.0 0 0 0.0 0.0 0.0 0 1
2102.75 2166 2047 0.25 1 0 0.000115366866636 0.000461467466544 0.0 3 1
2070.0 2070 2070 0.0 0 0 0.0 0.0 0.0 0 1
2150.0 2185 2085 0.333333333333 1 0 0.000152835090937 0.000458505272811 0.0 2 1
2061.0 2061 2061 0.0 0 0 0.0 0.0 0.0 0 1
1911.22222222 1979 1848 1.88888888889 4 0 0.000980520650791 0.00201714573878 0.0 8 1
2127.0 2127 2127 0.0 0 0 0.0 0.0 0.0 0 1
2074.55555556 2181 1977 1.11111111111 2 0 0.000533737361576 0.000984251968504 0.0 8 1
2083.0 2099 2073 1.0 2 0 0.000481695791829 0.000963855421687 0.0 2 1
2078.0 2108 2048 0.5 1 0 0.000237079184448 0.000474158368895 0.0 1 1
2046.0 2109 1973 1.0 2 0 0.000485484042266 0.000980872976949 0.0 4 1
2140.0 2140 2140 0.0 0 0 0.0 0.0 0.0 0 1
2020.0 2070 1987 1.0 2 0 0.000493689714945 0.00100150225338 0.0 6 1
2003.0 2003 2003 0.0 0 0 0.0 0.0 0.0 0 1
2002.75 2060 1972 0.75 2 0 0.000369193619194 0.000969932104753 0.0 3 1
2033.0 2033 2033 0.0 0 0 0.0 0.0 0.0 0 1
2024.0 2045 2006 0.666666666667 1 0 0.000329004885637 0.000498256103637 0.0 2 1
2057.0 2057 2057 0.0 0 0 0.0 0.0 0.0 0 1
2172.0 2182 2162 0.5 1 0 0.000231160425335 0.00046232085067 0.0 1 1
1928.85714286 1962 1856 1.0 2 0 0.000513428355636 0.00102406554019 0.0 6 1
1959.0 1959 1959 0.0 0 0 0.0 0.0 0.0 0 1
2013.4 2073 1961 1.0 2 0 0.000494452691452 0.00099850224663 0.0 4 1
2016.0 2048 1984 0.5 1 0 0.00024402147389 0.000488042947779 0.0 1 1
2005.5 2059 1952 0.5 1 0 0.000242718446602 0.000485436893204 0.0 1 1
2208.0 2208 2208 0.0 0 0 0.0 0.0 0.0 0 1
2032.5 2038 2027 0.0 0 0 0.0 0.0 0.0 1 1
1982.0 1982 1982 0.0 0 0 0.0 0.0 0.0 0 1
2126.83333333 2190 2075 1.33333333333 3 0 0.000626974079199 0.00143540669856 0.0 5 1
2027.5 2049 2006 0.5 1 0 0.000243902439024 0.000487804878049 0.0 1 1
2057.08333333 2160 1985 1.16666666667 3 0 0.000568319517583 0.00145843461351 0.0 11 1
2149.75 2184 2111 0.75 2 0 0.000346430719025 0.000914913083257 0.0 3 1
2153.0 2153 2153 0.0 0 0 0.0 0.0 0.0 0 1
1937.625 1985 1871 0.5 1 0 0.000257961285015 0.000534188034188 0.0 7 1
1931.0 1931 1931 0.0 0 0 0.0 0.0 0.0 0 1
2157.0 2196 2118 0.5 1 0 0.00022758306782 0.00045516613564 0.0 1 1
2115.0 2121 2109 0.0 0 0 0.0 0.0 0.0 1 1
2320.0 2320 2320 0.0 0 0 0.0 0.0 0.0 0 1
1997.0 1997 1997 0.0 0 0 0.0 0.0 0.0 0 1
2024.0 2085 1962 0.5 1 0 0.000251858079653 0.000509424350484 0.0 3 1
2139.0 2139 2139 0.0 0 0 0.0 0.0 0.0 0 1
2141.5 2152 2127 1.0 2 0 0.000465767395633 0.000932400932401 0.0 3 1
2149.2 2203 2116 1.6 3 0 0.000749280853852 0.001414427157 0.0 4 1
2075.0 2104 2046 0.5 1 0 0.000237529691211 0.000475059382423 0.0 1 1
1993.0 1993 1993 0.0 0 0 0.0 0.0 0.0 0 1
2012.0 2023 1992 1.0 2 0 0.000496795630976 0.000988630746416 0.0 2 1
2001.25 2061 1954 1.0 2 0 0.000499175583926 0.00101936799185 0.0 3 1
2099.625 2170 2008 2.125 4 0 0.00100128563404 0.00190023752969 0.0 7 1
2130.75 2184 2061 1.5 3 0 0.000708142646708 0.00139340455179 0.0 3 1
2086.0 2090 2082 0.0 0 0 0.0 0.0 0.0 1 1
2135.5 2163 2108 0.5 1 0 0.000231053604436 0.000462107208872 0.0 1 1
2171.0 2195 2147 0.5 1 0 0.000232774674115 0.000465549348231 0.0 1 1
2006.5 2007 2006 0.5 1 0 0.000249128051819 0.000498256103637 0.0 1 1
2013.5 2047 1980 0.5 1 0 0.000244140625 0.00048828125 0.0 1 1
2259.0 2259 2259 0.0 0 0 0.0 0.0 0.0 0 1
2159.0 2159 2159 0.0 0 0 0.0 0.0 0.0 0 1
1976.0 2003 1949 0.0 0 0 0.0 0.0 0.0 1 1
1888.5 1903 1874 0.5 1 0 0.000262605042017 0.000525210084034 0.0 1 1
1928.0 1928 1928 0.0 0 0 0.0 0.0 0.0 0 1
2162.0 2186 2138 0.0 0 0 0.0 0.0 0.0 1 1
2073.66666667 2105 2019 0.0 0 0 0.0 0.0 0.0 2 1
1973.4 2027 1900 1.6 2 0 0.00080267239216 0.00102511532547 0.0 4 1
2126.0 2126 2126 0.0 0 0 0.0 0.0 0.0 0 1
2057.0 2057 2057 0.0 0 0 0.0 0.0 0.0 0 1
2010.0 2092 1959 0.0 0 0 0.0 0.0 0.0 2 1
2128.0 2128 2128 0.0 0 0 0.0 0.0 0.0 0 1
2076.0 2076 2076 0.0 0 0 0.0 0.0 0.0 0 1
1992.0 2192 1760 1.6 4 0 0.000792929268472 0.00197044334975 0.0 19 1
2134.0 2162 2095 1.0 2 0 0.000464875077749 0.000925925925926 0.0 3 1
1939.88571429 2098 1816 3.2 8 0 0.00164996956887 0.00424403183024 0.0 34 1
2197.75 2254 2088 0.875 2 0 0.00039273358098 0.0009004952724 0.0 7 1
2161.42857143 2219 2102 1.85714285714 5 0 0.000858006112258 0.00230733733272 0.0 6 1
2094.0 2153 2035 0.5 1 0 0.00024557956778 0.00049115913556 0.0 1 1
2184.0 2232 2136 0.5 1 0 0.000223914017017 0.000447828034035 0.0 1 1
2095.66666667 2106 2085 1.33333333333 3 0 0.000634620157601 0.00142925202477 0.0 2 1
1938.14285714 1974 1846 0.571428571429 2 0 0.000290692632706 0.0010183299389 0.0 6 1
1943.0 1943 1943 0.0 0 0 0.0 0.0 0.0 0 1
2101.33333333 2131 2066 0.0 0 0 0.0 0.0 0.0 2 1
2069.75 2100 2042 0.5 1 0 0.000240291296328 0.000485201358564 0.0 3 1
2204.5 2228 2162 0.75 1 0 0.000339996774932 0.00046232085067 0.0 3 1
1975.0 1975 1975 0.0 0 0 0.0 0.0 0.0 0 1
2039.0 2039 2039 0.0 0 0 0.0 0.0 0.0 0 1
2041.0 2041 2041 0.0 0 0 0.0 0.0 0.0 0 1
2101.0 2101 2101 0.0 0 0 0.0 0.0 0.0 0 1
1988.33333333 2016 1970 0.666666666667 1 0 0.000334380830755 0.00050735667174 0.0 2 1
2121.4 2179 2038 1.2 2 0 0.000561878462871 0.000955109837631 0.0 4 1
1952.5 1970 1935 0.5 1 0 0.00025826446281 0.00051652892562 0.0 1 1
2161.0 2188 2134 0.5 1 0 0.000228414801279 0.000456829602558 0.0 1 1
1919.0 1929 1909 0.5 1 0 0.000259067357513 0.000518134715026 0.0 1 1
2007.0 2007 2007 0.0 0 0 0.0 0.0 0.0 0 1
1871.11764706 2025 1765 1.76470588235 4 0 0.000944157771151 0.00216919739696 0.0 16 1
2048.0 2048 2048 0.0 0 0 0.0 0.0 0.0 0 1
1862.5 1867 1858 0.0 0 0 0.0 0.0 0.0 1 1
1998.5 2029 1968 0.0 0 0 0.0 0.0 0.0 1 1
1990.75 2053 1946 1.25 2 0 0.000626611810907 0.00102669404517 0.0 7 1
2081.66666667 2108 2029 0.666666666667 1 0 0.000322256402111 0.000492610837438 0.0 2 1
2035.4 2085 1964 0.2 1 0 9.72289742343e-05 0.000486144871172 0.0 4 1
2184.0 2184 2184 0.0 0 0 0.0 0.0 0.0 0 1
1991.5 2007 1976 0.5 1 0 0.000249003984064 0.000498007968127 0.0 1 1
2012.5 2017 2008 0.0 0 0 0.0 0.0 0.0 1 1
1865.0 1871 1859 0.0 0 0 0.0 0.0 0.0 1 1
2141.0 2141 2141 0.0 0 0 0.0 0.0 0.0 0 1
1955.0 1955 1955 0.0 0 0 0.0 0.0 0.0 0 1
2202.5 2228 2177 0.5 1 0 0.000224315836698 0.000448631673396 0.0 1 1
1948.2 2016 1911 0.4 1 0 0.000203595806403 0.000522193211488 0.0 4 1
2141.0 2141 2141 0.0 0 0 0.0 0.0 0.0 0 1
2047.5 2084 2021 0.666666666667 2 0 0.000325301007928 0.000988630746416 0.0 5 1
1986.0 2002 1970 0.5 1 0 0.00025367833587 0.00050735667174 0.0 1 1
2236.125 2326 2164 0.5 1 0 0.000219190613798 0.000452693526483 0.0 7 1
1870.0 1879 1862 0.666666666667 1 0 0.000357176003666 0.000536768652711 0.0 2 1
2075.0 2075 2075 0.0 0 0 0.0 0.0 0.0 0 1
1989.66666667 1996 1977 0.666666666667 1 0 0.000335437433197 0.000505561172902 0.0 2 1
2166.0 2238 2102 0.333333333333 1 0 0.000154392465648 0.000463177396943 0.0 2 1
1955.0 1955 1955 0.0 0 0 0.0 0.0 0.0 0 1
2014.0 2014 2014 0.0 0 0 0.0 0.0 0.0 0 1
2043.0 2043 2043 0.0 0 0 0.0 0.0 0.0 0 1
2269.0 2269 2269 0.0 0 0 0.0 0.0 0.0 0 1
2059.0 2059 2059 0.0 0 0 0.0 0.0 0.0 0 1
2108.0 2108 2108 0.0 0 0 0.0 0.0 0.0 0 1
2020.57142857 2067 1962 0.857142857143 2 0 0.000426907357709 0.0010183299389 0.0 6 1
2145.18181818 2232 2038 1.72727272727 3 0 0.000799611861181 0.00145489815713 0.0 10 1
1873.33333333 1946 1786 0.833333333333 2 0 0.000444180811908 0.00108932461874 0.0 5 1
2254.0 2254 2254 0.0 0 0 0.0 0.0 0.0 0 1
1975.5 1990 1961 0.5 1 0 0.000251130085384 0.000502260170768 0.0 1 1
2173.0 2173 2173 0.0 0 0 0.0 0.0 0.0 0 1
2222.5 2338 2116 1.16666666667 2 0 0.000521199740725 0.000939408172851 0.0 5 1
2027.0 2067 1972 0.4 1 0 0.000194130210919 0.000487092060399 0.0 4 1
1997.0 1997 1997 0.0 0 0 0.0 0.0 0.0 0 1
2085.66666667 2147 2001 0.0 0 0 0.0 0.0 0.0 2 1
2215.33333333 2297 2180 0.333333333333 1 0 0.000152486311633 0.000458505272811 0.0 5 1
1981.0 1981 1981 0.0 0 0 0.0 0.0 0.0 0 1
2176.0 2191 2161 0.0 0 0 0.0 0.0 0.0 1 1
1930.33333333 1958 1894 0.333333333333 1 0 0.000175901495163 0.000527704485488 0.0 2 1
2148.0 2148 2148 0.0 0 0 0.0 0.0 0.0 0 1
2043.0 2043 2043 0.0 0 0 0.0 0.0 0.0 0 1
2009.0 2056 1969 0.5 1 0 0.000248439771092 0.000507614213198 0.0 3 1
2034.66666667 2051 2021 0.666666666667 1 0 0.000326404450031 0.000491883915396 0.0 2 1
2135.0 2135 2135 0.0 0 0 0.0 0.0 0.0 0 1
2066.0 2066 2066 0.0 0 0 0.0 0.0 0.0 0 1
2112.0 2112 2112 0.0 0 0 0.0 0.0 0.0 0 1
2075.76470588 2161 2011 2.29411764706 6 0 0.00109751946359 0.00293398533007 0.0 16 1
2154.0 2171 2138 0.666666666667 1 0 0.000309304445977 0.000467508181393 0.0 2 1
2218.0 2239 2194 1.6 3 0 0.000723297248408 0.00136549840692 0.0 4 1
2095.0 2095 2095 0.0 0 0 0.0 0.0 0.0 0 1
2061.4 2087 2011 0.6 1 0 0.000292938872386 0.000497017892644 0.0 4 1
2158.0 2210 2108 0.666666666667 2 0 0.000312470192382 0.000939408172851 0.0 5 1
2169.0 2169 2169 0.0 0 0 0.0 0.0 0.0 0 1
1920.66666667 1993 1876 1.0 2 0 0.000522155746615 0.0010649627263 0.0 2 1
2135.0 2135 2135 0.0 0 0 0.0 0.0 0.0 0 1
2116.6 2165 2062 0.4 1 0 0.000187212763758 0.000474383301708 0.0 4 1
2160.0 2192 2117 1.33333333333 4 0 0.000620643722895 0.001885902876 0.0 5 1
2193.0 2193 2193 0.0 0 0 0.0 0.0 0.0 0 1
2076.42857143 2163 1959 2.42857142857 4 0 0.00115433737282 0.00189753320683 0.0 6 1
1954.0 1954 1954 0.0 0 0 0.0 0.0 0.0 0 1
2085.0 2085 2085 0.0 0 0 0.0 0.0 0.0 0 1
2083.5 2088 2079 1.0 2 0 0.000480538202787 0.000961076405574 0.0 1 1
2142.0 2143 2141 0.0 0 0 0.0 0.0 0.0 1 1
1974.5 1991 1958 0.5 1 0 0.000251004016064 0.000502008032129 0.0 1 1
2004.0 2029 1979 0.5 1 0 0.000252525252525 0.000505050505051 0.0 1 1
2148.0 2173 2123 0.0 0 0 0.0 0.0 0.0 1 1
2185.0 2185 2185 0.0 0 0 0.0 0.0 0.0 0 1
2125.0 2158 2093 0.666666666667 1 0 0.000313577438586 0.000477554918816 0.0 2 1
1982.66666667 2026 1956 0.333333333333 1 0 0.000164446637066 0.000493339911199 0.0 2 1
2130.5 2149 2112 0.5 1 0 0.000236630383341 0.000473260766682 0.0 1 1
2226.66666667 2250 2191 0.666666666667 1 0 0.000300150460298 0.000456204379562 0.0 2 1
2112.0 2112 2112 0.0 0 0 0.0 0.0 0.0 0 1
1982.66666667 2046 1894 0.555555555556 2 0 0.00027975329592 0.00100806451613 0.0 8 1
2145.0 2183 2097 0.8 1 0 0.000370736902949 0.000467508181393 0.0 4 1
2192.0 2192 2192 0.0 0 0 0.0 0.0 0.0 0 1
2323.0 2323 2323 0.0 0 0 0.0 0.0 0.0 0 1
2068.0 2152 2002 0.333333333333 1 0 0.000164013798947 0.000496277915633 0.0 5 1
2093.66666667 2128 2056 0.666666666667 1 0 0.000320929764811 0.000486144871172 0.0 2 1
2182.5 2340 2033 1.0 2 0 0.000453094500327 0.000894454382826 0.0 7 1
2098.0 2123 2073 0.5 1 0 0.000235404896422 0.000470809792844 0.0 1 1
1939.5 1959 1920 0.5 1 0 0.000255102040816 0.000510204081633 0.0 1 1
1990.0 1990 1990 0.0 0 0 0.0 0.0 0.0 0 1
2171.0 2171 2171 0.0 0 0 0.0 0.0 0.0 0 1
2063.5 2073 2054 0.5 1 0 0.000243309002433 0.000486618004866 0.0 1 1
2012.20689655 2235 1785 2.34482758621 5 0 0.00116155574436 0.00256805341551 0.0 28 1
1997.07692308 2027 1919 1.46153846154 3 0 0.000731275496728 0.00149775336995 0.0 12 1
2005.33333333 2064 1956 0.666666666667 1 0 0.000337245776688 0.000510986203373 0.0 2 1
2046.0 2046 2046 0.0 0 0 0.0 0.0 0.0 0 1
1991.5 2006 1977 0.5 1 0 0.000252780586451 0.000505561172902 0.0 1 1
2105.0 2105 2105 0.0 0 0 0.0 0.0 0.0 0 1
2209.0 2209 2209 0.0 0 0 0.0 0.0 0.0 0 1
2055.0 2055 2055 0.0 0 0 0.0 0.0 0.0 0 1
1946.14285714 2052 1845 1.0 2 0 0.000509125585416 0.000991080277502 0.0 6 1
1940.0 1940 1940 0.0 0 0 0.0 0.0 0.0 0 1
2133.0 2133 2133 0.0 0 0 0.0 0.0 0.0 0 1
1961.66666667 1993 1922 0.0 0 0 0.0 0.0 0.0 2 1
2017.0 2017 2017 0.0 0 0 0.0 0.0 0.0 0 1
2010.0 2010 2010 0.0 0 0 0.0 0.0 0.0 0 1
2042.0 2064 2007 0.333333333333 1 0 0.000162127107652 0.000486381322957 0.0 2 1
2161.5 2184 2117 0.0 0 0 0.0 0.0 0.0 3 1
2134.0 2134 2134 0.0 0 0 0.0 0.0 0.0 0 1
2353.0 2353 2353 0.0 0 0 0.0 0.0 0.0 0 1
2260.0 2265 2255 0.5 1 0 0.000220653133274 0.000441306266549 0.0 1 1
2008.0 2008 2008 0.0 0 0 0.0 0.0 0.0 0 1
2099.5 2115 2084 0.5 1 0 0.000239808153477 0.000479616306954 0.0 1 1
2174.0 2188 2160 0.0 0 0 0.0 0.0 0.0 1 1
1994.33333333 2031 1955 1.44444444444 4 0 0.000716717937955 0.00196850393701 0.0 8 1
2277.5 2319 2243 0.75 1 0 0.000330228570666 0.000445632798574 0.0 3 1
1948.5 2001 1896 0.5 1 0 0.00024975024975 0.0004995004995 0.0 1 1
2000.0 2020 1980 0.0 0 0 0.0 0.0 0.0 1 1
1992.5 2018 1941 0.75 1 0 0.000373015679482 0.000499750124938 0.0 3 1
2086.25 2168 2008 1.25 2 0 0.000587737007887 0.000940291490362 0.0 3 1
2112.0 2112 2112 0.0 0 0 0.0 0.0 0.0 0 1
2117.0 2117 2117 0.0 0 0 0.0 0.0 0.0 0 1
2072.5 2115 2030 1.0 2 0 0.000492125984252 0.000984251968504 0.0 1 1
2093.0 2093 2093 0.0 0 0 0.0 0.0 0.0 0 1
1890.0 1890 1890 0.0 0 0 0.0 0.0 0.0 0 1
2071.0 2071 2071 0.0 0 0 0.0 0.0 0.0 0 1
2247.0 2247 2247 0.0 0 0 0.0 0.0 0.0 0 1
1993.0 1993 1993 0.0 0 0 0.0 0.0 0.0 0 1
2227.0 2227 2227 0.0 0 0 0.0 0.0 0.0 0 1
1929.33333333 2021 1873 2.16666666667 5 0 0.001108669574 0.00251004016064 0.0 5 1
2065.0 2065 2065 0.0 0 0 0.0 0.0 0.0 0 1
2230.0 2230 2230 0.0 0 0 0.0 0.0 0.0 0 1
1939.25 2005 1899 2.08333333333 5 0 0.00106559485992 0.00253292806484 0.0 11 1
2319.0 2319 2319 0.0 0 0 0.0 0.0 0.0 0 1
2127.2 2179 2054 1.2 2 0 0.000561884401206 0.000922934933087 0.0 4 1
2026.0 2026 2026 0.0 0 0 0.0 0.0 0.0 0 1
2092.66666667 2172 2036 0.666666666667 2 0 0.000321912493926 0.000981354268891 0.0 5 1
1911.52 2191 1738 2.44 6 0 0.00125595330478 0.00302114803625 0.0 24 1
2151.5 2176 2127 0.5 1 0 0.000229673863114 0.000459347726229 0.0 1 1
2237.0 2237 2237 0.0 0 0 0.0 0.0 0.0 0 1
2173.0 2173 2173 0.0 0 0 0.0 0.0 0.0 0 1
2027.0 2106 1981 0.5 1 0 0.000241926273743 0.000493096646943 0.0 3 1
2201.0 2201 2201 0.0 0 0 0.0 0.0 0.0 0 1
2239.0 2239 2239 0.0 0 0 0.0 0.0 0.0 0 1
2084.33333333 2104 2059 0.333333333333 1 0 0.000159413358839 0.000478240076518 0.0 2 1
2051.8 2087 2014 0.8 2 0 0.000386363475659 0.000957395883198 0.0 4 1
1927.0 1927 1927 0.0 0 0 0.0 0.0 0.0 0 1
2012.25 2042 1993 0.25 1 0 0.000125187781673 0.00050075112669 0.0 3 1
1976.0 1989 1963 1.0 2 0 0.000504544969539 0.0010111223458 0.0 2 1
2093.0 2132 2065 0.25 1 0 0.000117205813408 0.000468823253633 0.0 3 1
1971.54545455 2108 1857 1.18181818182 3 0 0.000593077297928 0.00151133501259 0.0 10 1
2074.0 2109 2039 0.5 1 0 0.000236966824645 0.000473933649289 0.0 1 1
1953.6 2011 1914 0.8 1 0 0.000407339985389 0.000520833333333 0.0 4 1
2176.0 2176 2176 0.0 0 0 0.0 0.0 0.0 0 1
2144.0 2204 2084 0.5 1 0 0.000226757369615 0.000453514739229 0.0 1 1
1991.0 1991 1991 0.5 1 0 0.000251004016064 0.000502008032129 0.0 1 1
2078.33333333 2123 2035 0.333333333333 1 0 0.000160410651267 0.000481231953802 0.0 2 1
1963.66666667 1986 1937 1.33333333333 3 0 0.000674763832659 0.00150829562594 0.0 2 1
2046.0 2071 1997 0.666666666667 1 0 0.000327786340984 0.000500500500501 0.0 2 1
2029.5 2036 2023 0.0 0 0 0.0 0.0 0.0 1 1
2089.5 2097 2082 0.5 1 0 0.000240038406145 0.00048007681229 0.0 1 1
2058.0 2058 2058 0.0 0 0 0.0 0.0 0.0 0 1
2050.33333333 2123 1967 0.0 0 0 0.0 0.0 0.0 2 1
2008.0 2008 2008 0.0 0 0 0.0 0.0 0.0 0 1
2021.66666667 2051 2004 0.666666666667 1 0 0.000328694183968 0.000498753117207 0.0 2 1
2172.8 2241 2097 0.0 0 0 0.0 0.0 0.0 4 1
2336.5 2349 2324 1.0 2 0 0.000429922613929 0.000859845227859 0.0 1 1
2038.0 2038 2038 0.0 0 0 0.0 0.0 0.0 0 1
2063.0 2063 2063 0.0 0 0 0.0 0.0 0.0 0 1
2121.0 2153 2089 0.5 1 0 0.000232126276695 0.000464252553389 0.0 1 1
2067.0 2067 2067 0.0 0 0 0.0 0.0 0.0 0 1
1892.0 1903 1881 1.0 2 0 0.000531067445566 0.00106213489113 0.0 1 1
2108.0 2108 2108 0.0 0 0 0.0 0.0 0.0 0 1
1961.0 1961 1961 0.0 0 0 0.0 0.0 0.0 0 1
1980.30769231 2119 1871 2.0 5 0 0.00101138520845 0.00255362614913 0.0 12 1
2216.0 2216 2216 0.0 0 0 0.0 0.0 0.0 0 1
2293.0 2293 2293 0.0 0 0 0.0 0.0 0.0 0 1
2047.33333333 2053 2037 0.666666666667 1 0 0.000324648992545 0.000487092060399 0.0 2 1
2138.5 2219 2093 1.0 2 0 0.000464451365562 0.00092980009298 0.0 3 1
1888.0 1888 1888 0.0 0 0 0.0 0.0 0.0 0 1
2201.6 2233 2172 0.8 3 0 0.000362919017409 0.00135440180587 0.0 4 1
1969.5 2010 1929 0.5 1 0 0.000259067357513 0.000518134715026 0.0 1 1
2019.14285714 2052 1964 1.42857142857 3 0 0.000703196888185 0.0014880952381 0.0 6 1
2032.25 2107 1963 1.25 2 0 0.000604986403711 0.000962463907603 0.0 3 1
2069.0 2069 2069 0.0 0 0 0.0 0.0 0.0 0 1
2057.0 2065 2049 0.5 1 0 0.000243902439024 0.000487804878049 0.0 1 1
1909.0 1909 1909 0.0 0 0 0.0 0.0 0.0 0 1
1830.28 2053 1646 2.4 6 0 0.0012740556476 0.00331308669244 0.0 24 1
2033.1 2098 1969 0.8 2 0 0.000395923694655 0.000994035785288 0.0 9 1
2022.0 2022 2022 0.0 0 0 0.0 0.0 0.0 0 1
2002.2 2089 1927 1.2 3 0 0.000591209857306 0.0014627011214 0.0 14 1
2102.66666667 2154 2075 0.333333333333 1 0 0.000160256410256 0.000480769230769 0.0 2 1
1994.0 2005 1983 0.5 1 0 0.00024925224327 0.00049850448654 0.0 1 1
2083.5 2102 2065 0.5 1 0 0.000237755587256 0.000475511174513 0.0 1 1
1988.0 2028 1927 0.333333333333 1 0 0.000172890733057 0.00051867219917 0.0 2 1
2016.1 2086 1967 1.2 4 0 0.000594635145208 0.001998001998 0.0 9 1
2155.0 2155 2155 0.0 0 0 0.0 0.0 0.0 0 1
2095.5 2144 1997 0.25 1 0 0.000125125125125 0.000500500500501 0.0 3 1
1964.0 2012 1916 0.666666666667 1 0 0.000335225613664 0.000508905852417 0.0 2 1
1959.66666667 1986 1927 1.0 2 0 0.000515065014769 0.00103680663556 0.0 2 1
1923.0 1923 1923 0.0 0 0 0.0 0.0 0.0 0 1
2038.66666667 2105 1969 0.777777777778 2 0 0.000381772568697 0.00101471334348 0.0 8 1
2111.66666667 2163 2065 0.333333333333 1 0 0.000158127767236 0.000474383301708 0.0 2 1
2142.33333333 2193 2116 0.0 0 0 0.0 0.0 0.0 2 1
2073.0 2073 2073 0.0 0 0 0.0 0.0 0.0 0 1
2091.0 2091 2091 0.0 0 0 0.0 0.0 0.0 0 1
2073.66666667 2103 2051 1.33333333333 2 0 0.000646944892208 0.000974184120799 0.0 2 1
2146.14285714 2278 2055 1.14285714286 3 0 0.000534151702557 0.00137236962489 0.0 6 1
2078.0 2078 2078 0.0 0 0 0.0 0.0 0.0 0 1
2120.0 2120 2120 0.0 0 0 0.0 0.0 0.0 0 1
2129.25 2189 2091 0.5 1 0 0.000231416039134 0.00046904315197 0.0 3 1
2100.0 2100 2100 0.0 0 0 0.0 0.0 0.0 0 1
2045.66666667 2074 2007 1.0 2 0 0.000487133034976 0.000963391136802 0.0 2 1
2171.0 2171 2171 0.0 0 0 0.0 0.0 0.0 0 1
1848.81818182 1971 1750 2.0 7 0 0.00107253179828 0.00369783412573 0.0 10 1
2046.0 2078 2014 1.0 2 0 0.000480769230769 0.000961538461538 0.0 1 1
2076.0 2076 2076 0.0 0 0 0.0 0.0 0.0 0 1
2273.28571429 2371 2202 1.42857142857 4 0 0.000620496727455 0.00168421052632 0.0 6 1
1963.57894737 2089 1881 0.789473684211 4 0 0.000400837259058 0.00203045685279 0.0 18 1
2023.5 2025 2022 0.5 1 0 0.000246791707799 0.000493583415597 0.0 1 1
1973.0 1973 1973 0.0 0 0 0.0 0.0 0.0 0 1
2142.5 2178 2107 0.5 1 0 0.000229463056448 0.000458926112896 0.0 1 1
2168.0 2230 2106 0.5 1 0 0.00022411474675 0.000448229493501 0.0 1 1
2062.0 2062 2062 0.0 0 0 0.0 0.0 0.0 0 1
2075.0 2122 2041 1.42857142857 4 0 0.000688570615762 0.00195599022005 0.0 6 1
2086.0 2086 2086 0.0 0 0 0.0 0.0 0.0 0 1
2010.0 2025 1995 0.5 1 0 0.000246791707799 0.000493583415597 0.0 1 1
2160.0 2160 2160 0.0 0 0 0.0 0.0 0.0 0 1
2258.0 2258 2258 0.0 0 0 0.0 0.0 0.0 0 1
2010.0 2052 1938 1.5 3 0 0.000751098925776 0.00149402390438 0.0 5 1
2112.0 2141 2063 0.75 1 0 0.000352237962832 0.000473933649289 0.0 3 1
2191.0 2227 2121 0.75 1 0 0.000344169238778 0.000471253534402 0.0 3 1
1902.0 1915 1889 0.5 1 0 0.000260960334029 0.000521920668058 0.0 1 1
1904.0 1904 1904 0.0 0 0 0.0 0.0 0.0 0 1
2054.90909091 2120 1966 1.54545454545 3 0 0.000756150429657 0.00145914396887 0.0 10 1
2021.16666667 2042 1995 0.833333333333 2 0 0.000410533095013 0.000994530084535 0.0 5 1
1839.5 1864 1815 0.5 1 0 0.000275330396476 0.000550660792952 0.0 1 1
1905.5 1937 1874 0.5 1 0 0.000257997936017 0.000515995872033 0.0 1 1
2192.6 2232 2116 1.4 2 0 0.000637127899165 0.000944287063267 0.0 4 1
2105.0 2151 2076 0.5 1 0 0.000234935849323 0.000475059382423 0.0 3 1
2215.33333333 2237 2184 0.666666666667 1 0 0.000301497809489 0.00045766590389 0.0 2 1
1897.0 1897 1897 0.0 0 0 0.0 0.0 0.0 0 1
2155.4 2195 2130 1.0 2 0 0.000464595374665 0.000919117647059 0.0 4 1
2124.0 2124 2124 0.0 0 0 0.0 0.0 0.0 0 1
2068.0 2080 2056 0.5 1 0 0.000240269101394 0.000480538202787 0.0 1 1
2148.66666667 2158 2133 1.0 2 0 0.000466648515609 0.000936768149883 0.0 2 1
2202.66666667 2295 2126 1.0 2 0 0.000458463231249 0.00093984962406 0.0 2 1
2026.2 2059 1983 1.2 2 0 0.000588806285634 0.000978952520803 0.0 4 1
1919.0 1948 1890 0.0 0 0 0.0 0.0 0.0 1 1
2013.0 2035 1999 0.666666666667 1 0 0.00033038637852 0.0005 0.0 2 1
2163.4 2205 2118 0.8 1 0 0.000371186959955 0.000471920717319 0.0 4 1
2024.83333333 2098 1957 1.0 2 0 0.000491836583983 0.000977995110024 0.0 5 1
2061.0 2061 2061 0.0 0 0 0.0 0.0 0.0 0 1
1957.0 1957 1957 0.0 0 0 0.0 0.0 0.0 0 1
2132.5 2195 2036 0.75 1 0 0.000353783673821 0.000490918016691 0.0 7 1
2092.0 2099 2085 0.5 1 0 0.000239693192713 0.000479386385427 0.0 1 1
2076.58333333 2150 1997 1.91666666667 5 0 0.000928953796478 0.0024402147389 0.0 11 1
2167.625 2208 2110 0.875 2 0 0.000400991278707 0.000908265213442 0.0 7 1
1995.0 1995 1995 0.0 0 0 0.0 0.0 0.0 0 1
2119.0 2119 2119 0.0 0 0 0.0 0.0 0.0 0 1
2374.0 2410 2360 1.2 2 0 0.000506619075606 0.000846740050804 0.0 4 1
2012.66666667 2020 2005 0.666666666667 2 0 0.000332170735758 0.000996512207275 0.0 2 1
2022.0 2031 2013 0.5 1 0 0.000246062992126 0.000492125984252 0.0 1 1
2014.0 2097 1964 1.11764705882 3 0 0.000555125795784 0.00151745068285 0.0 16 1
2105.0 2160 2050 0.0 0 0 0.0 0.0 0.0 1 1
2060.66666667 2117 2006 0.666666666667 1 0 0.00032346654509 0.000498256103637 0.0 2 1
2367.0 2367 2367 0.0 0 0 0.0 0.0 0.0 0 1
1987.0 2003 1963 1.66666666667 4 0 0.000834063128 0.00199302441455 0.0 2 1
2072.72727273 2165 1979 0.818181818182 2 0 0.000392487461636 0.000995024875622 0.0 10 1
1929.0 1929 1929 0.0 0 0 0.0 0.0 0.0 0 1
2006.0 2006 2006 0.0 0 0 0.0 0.0 0.0 0 1
2218.0 2218 2218 0.0 0 0 0.0 0.0 0.0 0 1
1985.5 2023 1967 0.0 0 0 0.0 0.0 0.0 3 1
1957.0 1957 1957 0.0 0 0 0.0 0.0 0.0 0 1
2054.0 2078 2018 0.75 1 0 0.000366424354369 0.000495294700347 0.0 3 1
2070.0 2089 2051 0.5 1 0 0.000239234449761 0.000478468899522 0.0 1 1
2110.6 2174 2008 1.0 2 0 0.000467157704765 0.00092807424594 0.0 4 1
2021.5 2042 1995 0.75 2 0 0.000367528916444 0.000978473581213 0.0 3 1
2192.11111111 2252 2160 0.666666666667 1 0 0.000302074026909 0.000457456541629 0.0 8 1
2059.0 2059 2059 0.0 0 0 0.0 0.0 0.0 0 1
2176.0 2176 2176 0.0 0 0 0.0 0.0 0.0 0 1
1931.42857143 1987 1883 1.28571428571 3 0 0.000662103552865 0.00150753768844 0.0 6 1
2273.0 2273 2273 0.0 0 0 0.0 0.0 0.0 0 1
2095.5 2097 2094 0.5 1 0 0.000238663484487 0.000477326968974 0.0 1 1
2017.4 2101 1924 0.0 0 0 0.0 0.0 0.0 4 1
2098.0 2161 2024 0.75 1 0 0.000353321349224 0.000485201358564 0.0 3 1
2072.0 2072 2072 0.0 0 0 0.0 0.0 0.0 0 1
2063.0 2066 2060 0.5 1 0 0.000242600679282 0.000485201358564 0.0 1 1
1921.0 1925 1917 0.5 1 0 0.000259605399792 0.000519210799585 0.0 1 1
1970.8 1993 1953 0.8 1 0 0.000404829694844 0.000511508951407 0.0 4 1
2190.33333333 2235 2165 0.0 0 0 0.0 0.0 0.0 2 1
2184.0 2224 2144 0.0 0 0 0.0 0.0 0.0 1 1
2099.0 2099 2099 0.0 0 0 0.0 0.0 0.0 0 1
2059.75 2177 1972 0.75 2 0 0.000370019595439 0.000973236009732 0.0 3 1
1997.5 2032 1963 0.5 1 0 0.000245941957698 0.000491883915396 0.0 1 1
2118.25 2144 2082 1.0 3 0 0.000467181252595 0.00140252454418 0.0 3 1
1966.0 1966 1966 0.0 0 0 0.0 0.0 0.0 0 1
2036.0 2036 2036 0.0 0 0 0.0 0.0 0.0 0 1
2262.5 2282 2243 0.5 1 0 0.000219010074463 0.000438020148927 0.0 1 1
2086.5 2097 2076 0.0 0 0 0.0 0.0 0.0 1 1
1934.33333333 2093 1821 1.0 2 0 0.000514814685012 0.00102669404517 0.0 8 1
2124.0 2137 2111 0.0 0 0 0.0 0.0 0.0 1 1
2028.5 2046 2011 0.5 1 0 0.000244259892526 0.000488519785051 0.0 1 1
2124.33333333 2166 2095 0.5 2 0 0.000234964994292 0.000942063118229 0.0 5 1
2089.0 2089 2089 0.0 0 0 0.0 0.0 0.0 0 1
2047.0 2051 2043 0.5 1 0 0.000243664717349 0.000487329434698 0.0 1 1
2188.0 2188 2188 0.0 0 0 0.0 0.0 0.0 0 1
1962.83333333 2027 1918 1.33333333333 3 0 0.000664419532979 0.00149551345962 0.0 5 1
2015.0 2015 2015 0.0 0 0 0.0 0.0 0.0 0 1
2013.8 2046 1979 0.8 1 0 0.000397514537907 0.000505050505051 0.0 4 1
1961.0 1961 1961 0.0 0 0 0.0 0.0 0.0 0 1
2006.5 2014 1999 0.5 1 0 0.00025 0.0005 0.0 1 1
1928.0 1928 1928 0.0 0 0 0.0 0.0 0.0 0 1
2004.0 2004 2004 0.0 0 0 0.0 0.0 0.0 0 1
2125.0 2125 2125 0.0 0 0 0.0 0.0 0.0 0 1
2048.0 2048 2048 0.0 0 0 0.0 0.0 0.0 0 1
2022.0 2068 1976 0.833333333333 2 0 0.000409574159477 0.000972762645914 0.0 5 1
1935.0 1935 1935 0.0 0 0 0.0 0.0 0.0 0 1
2026.0 2026 2026 0.0 0 0 0.0 0.0 0.0 0 1
1943.66666667 2017 1878 0.666666666667 1 0 0.00033726746666 0.000516262261229 0.0 2 1
1924.5 1935 1914 0.5 1 0 0.000261096605744 0.000522193211488 0.0 1 1
1964.0 1964 1964 0.0 0 0 0.0 0.0 0.0 0 1
2009.0 2009 2009 0.0 0 0 0.0 0.0 0.0 0 1
2153.0 2153 2153 0.0 0 0 0.0 0.0 0.0 0 1
2108.5 2136 2081 0.5 1 0 0.000233972859148 0.000467945718297 0.0 1 1
2151.66666667 2167 2133 1.0 2 0 0.00046527242805 0.000927213722763 0.0 2 1
1878.28571429 1959 1806 1.28571428571 3 0 0.000671313337253 0.00153217568948 0.0 6 1
2039.0 2039 2039 0.0 0 0 0.0 0.0 0.0 0 1
2062.16666667 2155 1974 1.5 2 0 0.000727261727799 0.00101214574899 0.0 5 1
1903.0 1903 1903 0.0 0 0 0.0 0.0 0.0 0 1
1986.16666667 2093 1899 1.66666666667 3 0 0.000838514970086 0.00155199172271 0.0 5 1
2050.0 2050 2050 0.0 0 0 0.0 0.0 0.0 0 1
2108.5 2126 2091 0.0 0 0 0.0 0.0 0.0 1 1
2102.0 2102 2102 0.0 0 0 0.0 0.0 0.0 0 1
2226.8 2284 2176 1.4 3 0 0.00063127522239 0.00135562584727 0.0 4 1
2107.0 2107 2107 0.0 0 0 0.0 0.0 0.0 0 1
1925.0 1925 1925 0.0 0 0 0.0 0.0 0.0 0 1
2014.0 2052 1987 1.0 2 0 0.000490903943492 0.000973709834469 0.0 2 1
2007.2 2056 1973 0.6 1 0 0.000299523134732 0.000504032258065 0.0 4 1
2053.0 2053 2053 0.0 0 0 0.0 0.0 0.0 0 1
2060.0 2060 2060 0.0 0 0 0.0 0.0 0.0 0 1
1960.5 1973 1943 0.5 1 0 0.000255247226287 0.000514403292181 0.0 3 1
2059.0 2059 2059 0.0 0 0 0.0 0.0 0.0 0 1
2077.16666667 2142 2019 0.166666666667 1 0 8.06321561039e-05 0.000483792936623 0.0 5 1
2111.5 2144 2079 0.0 0 0 0.0 0.0 0.0 1 1
2058.0 2058 2058 0.0 0 0 0.0 0.0 0.0 0 1
2030.1 2154 1814 2.55 4 0 0.00123467707328 0.002002002002 0.0 19 1
2158.5 2175 2142 0.5 1 0 0.000233317778815 0.000466635557629 0.0 1 1
1935.33333333 2056 1863 2.11111111111 4 0 0.00109027005048 0.00213219616205 0.0 8 1
2046.0 2075 1983 0.5 1 0 0.000246431956616 0.000504032258065 0.0 3 1
1866.0 1866 1866 0.0 0 0 0.0 0.0 0.0 0 1
2027.33333333 2099 1940 1.5 3 0 0.000727148709318 0.00142721217888 0.0 5 1
2033.0 2033 2033 0.0 0 0 0.0 0.0 0.0 0 1
2169.0 2169 2169 0.0 0 0 0.0 0.0 0.0 0 1
2116.0 2116 2116 0.0 0 0 0.0 0.0 0.0 0 1
2128.83333333 2205 2074 0.833333333333 1 0 0.000389462115829 0.000478011472275 0.0 5 1
1999.25 2057 1940 0.0 0 0 0.0 0.0 0.0 3 1
2163.0 2169 2157 0.5 1 0 0.000230414746544 0.000460829493088 0.0 1 1
2152.0 2181 2123 0.0 0 0 0.0 0.0 0.0 1 1
2120.0 2120 2120 0.0 0 0 0.0 0.0 0.0 0 1
2014.0 2014 2014 0.0 0 0 0.0 0.0 0.0 0 1
2131.5 2138 2125 0.5 1 0 0.000233754090697 0.000467508181393 0.0 1 1
2038.64705882 2251 1830 1.35294117647 5 0 0.000633596313699 0.00221631205674 0.0 16 1
2237.5 2303 2172 0.0 0 0 0.0 0.0 0.0 1 1
1889.0 1889 1889 0.0 0 0 0.0 0.0 0.0 0 1
2054.75 2081 2029 1.5 3 0 0.000731262840597 0.00147637795276 0.0 3 1
1933.0 1933 1933 0.0 0 0 0.0 0.0 0.0 0 1
2031.0 2031 2031 0.0 0 0 0.0 0.0 0.0 0 1
2074.33333333 2081 2063 0.666666666667 1 0 0.000321755118267 0.000484496124031 0.0 2 1
2113.5 2188 2033 0.5 1 0 0.000232670578391 0.000470809792844 0.0 5 1
1851.0 1851 1851 0.0 0 0 0.0 0.0 0.0 0 1
2075.25 2106 2046 0.25 1 0 0.000118652112008 0.00047460844803 0.0 3 1
2163.66666667 2172 2148 0.666666666667 2 0 0.00031007751938 0.00093023255814 0.0 2 1
2087.0 2087 2087 0.0 0 0 0.0 0.0 0.0 0 1
1997.25 2051 1946 0.75 1 0 0.000378817479081 0.000513610683102 0.0 3 1
2062.5 2068 2057 0.5 1 0 0.000242954324587 0.000485908649174 0.0 1 1
2078.66666667 2106 2045 0.0 0 0 0.0 0.0 0.0 2 1
2141.5 2183 2100 0.0 0 0 0.0 0.0 0.0 1 1
2252.0 2252 2252 0.0 0 0 0.0 0.0 0.0 0 1
2019.0 2019 2019 0.0 0 0 0.0 0.0 0.0 0 1
2121.0 2121 2121 0.0 0 0 0.0 0.0 0.0 0 1
2242.0 2242 2242 0.0 0 0 0.0 0.0 0.0 0 1
2140.0 2171 2120 0.0 0 0 0.0 0.0 0.0 2 1
1877.0 1877 1877 0.0 0 0 0.0 0.0 0.0 0 1
2061.0 2061 2061 0.0 0 0 0.0 0.0 0.0 0 1
2067.0 2067 2067 0.0 0 0 0.0 0.0 0.0 0 1
