2130.33333333 2175 2078 0.0 0 0 0.0 0.0 0.0 2 1
2216.0 2216 2216 0.0 0 0 0.0 0.0 0.0 0 1
2012.0 2029 1995 0.5 1 0 0.000246305418719 0.000492610837438 0.0 1 1
1976.0 1976 1976 0.0 0 0 0.0 0.0 0.0 0 1
2081.6 2162 1989 1.7 4 0 0.000813658660649 0.00195886385896 0.0 9 1
2058.0 2058 2058 0.0 0 0 0.0 0.0 0.0 0 1
2124.0 2124 2124 0.0 0 0 0.0 0.0 0.0 0 1
2116.0 2116 2116 0.0 0 0 0.0 0.0 0.0 0 1
2138.0 2138 2138 0.0 0 0 0.0 0.0 0.0 0 1
2098.5 2184 1991 0.5 1 0 0.000230648280269 0.000467508181393 0.0 5 1
2062.33333333 2069 2051 0.333333333333 1 0 0.000161030595813 0.00048309178744 0.0 2 1
2095.0 2095 2095 0.0 0 0 0.0 0.0 0.0 0 1
2131.0 2182 2045 1.91666666667 4 0 0.000893367722605 0.00187265917603 0.0 11 1
2010.0 2010 2010 0.0 0 0 0.0 0.0 0.0 0 1
1916.42857143 1967 1843 0.642857142857 2 0 0.000335009309301 0.00107933081489 0.0 13 1
2080.0 2080 2080 0.0 0 0 0.0 0.0 0.0 0 1
2002.0 2024 1980 0.5 1 0 0.000246913580247 0.000493827160494 0.0 1 1
2147.0 2147 2147 0.0 0 0 0.0 0.0 0.0 0 1
2053.5 2097 2010 0.5 1 0 0.00023832221163 0.00047664442326 0.0 1 1
2156.0 2156 2156 0.0 0 0 0.0 0.0 0.0 0 1
1954.0 1954 1954 0.0 0 0 0.0 0.0 0.0 0 1
2051.5 2068 2043 0.75 2 0 0.000366390537623 0.000977995110024 0.0 3 1
2069.0 2069 2069 0.0 0 0 0.0 0.0 0.0 0 1
2174.0 2252 2095 2.0 3 0 0.000908313595582 0.00136177939174 0.0 4 1
2021.0 2021 2021 0.0 0 0 0.0 0.0 0.0 0 1
1984.8 2106 1896 1.0 3 0 0.000499007363116 0.00149328023892 0.0 4 1
2020.0 2020 2020 0.5 1 0 0.000247402276101 0.000494804552202 0.0 1 1
2151.0 2151 2151 0.0 0 0 0.0 0.0 0.0 0 1
2087.75 2199 2026 1.25 2 0 0.000596304803387 0.000968523002421 0.0 7 1
2057.0 2057 2057 0.0 0 0 0.0 0.0 0.0 0 1
1945.5 2040 1898 0.75 1 0 0.000382507884491 0.000523012552301 0.0 3 1
2090.0 2096 2084 0.0 0 0 0.0 0.0 0.0 1 1
2061.25 2118 2010 1.75 3 0 0.00085213666484 0.00149031296572 0.0 7 1
1992.66666667 2024 1949 1.0 2 0 0.000506314161989 0.00102511532547 0.0 2 1
1922.0 1922 1922 0.0 0 0 0.0 0.0 0.0 0 1
1949.57142857 2086 1790 0.428571428571 1 0 0.000220615452329 0.000539665407447 0.0 6 1
2144.0 2144 2144 0.0 0 0 0.0 0.0 0.0 0 1
2050.0 2050 2050 0.0 0 0 0.0 0.0 0.0 0 1
2200.0 2200 2200 0.0 0 0 0.0 0.0 0.0 0 1
1954.0 1954 1954 0.0 0 0 0.0 0.0 0.0 0 1
1976.0 2004 1948 0.0 0 0 0.0 0.0 0.0 1 1
2142.66666667 2157 2133 0.333333333333 1 0 0.000155836060464 0.000467508181393 0.0 2 1
2035.25 2120 1985 0.75 2 0 0.000370848355609 0.000997008973081 0.0 7 1
2049.8 2082 2002 0.8 2 0 0.000389994338963 0.000963391136802 0.0 4 1
2126.5 2145 2108 0.0 0 0 0.0 0.0 0.0 1 1
1987.83333333 2028 1933 1.16666666667 2 0 0.000588994669376 0.00103359173127 0.0 5 1
2046.6 2129 1999 0.8 2 0 0.000393569171902 0.000989119683482 0.0 4 1
2045.0 2045 2045 0.0 0 0 0.0 0.0 0.0 0 1
2159.0 2159 2159 0.0 0 0 0.0 0.0 0.0 0 1
2042.0 2042 2042 0.0 0 0 0.0 0.0 0.0 0 1
2153.0 2153 2153 0.0 0 0 0.0 0.0 0.0 0 1
2146.16666667 2187 2117 1.0 3 0 0.000464905435819 0.00139599813867 0.0 5 1
2125.4 2162 2095 1.2 2 0 0.000563652503018 0.00093984962406 0.0 4 1
2038.5 2087 1990 0.0 0 0 0.0 0.0 0.0 1 1
1891.2 1997 1825 1.0 2 0 0.000525200106098 0.00108873162765 0.0 4 1
1999.33333333 2035 1935 1.0 2 0 0.000491563218619 0.000981836033382 0.0 2 1
2029.33333333 2053 2007 0.666666666667 1 0 0.000330287196867 0.000498007968127 0.0 2 1
2078.0 2078 2078 0.0 0 0 0.0 0.0 0.0 0 1
2238.5 2241 2236 1.0 2 0 0.000446827524576 0.000893655049151 0.0 1 1
2097.25 2150 2055 1.0 2 0 0.000481964851362 0.000972289742343 0.0 3 1
1984.0 1984 1984 0.0 0 0 0.0 0.0 0.0 0 1
2092.0 2092 2092 0.0 0 0 0.0 0.0 0.0 0 1
2108.0 2108 2108 0.0 0 0 0.0 0.0 0.0 0 1
2094.0 2094 2094 0.0 0 0 0.0 0.0 0.0 0 1
1864.3125 2150 1731 0.6875 2 0 0.000364385966141 0.00110192837466 0.0 15 1
2054.0 2089 1976 2.0 5 0 0.000978924000516 0.002523977789 0.0 8 1
2123.0 2123 2123 0.0 0 0 0.0 0.0 0.0 0 1
1952.5 2014 1913 0.166666666667 1 0 8.57780065191e-05 0.000514668039115 0.0 5 1
2082.5 2150 2041 0.625 2 0 0.000298214337722 0.000956480153037 0.0 7 1
1976.0 2022 1903 0.0 0 0 0.0 0.0 0.0 2 1
2136.0 2136 2136 0.0 0 0 0.0 0.0 0.0 0 1
2032.25 2063 1989 0.5 1 0 0.000242837760316 0.000486854917235 0.0 3 1
1966.0 1966 1966 0.0 0 0 0.0 0.0 0.0 0 1
2072.0 2072 2072 0.0 0 0 0.0 0.0 0.0 0 1
2134.66666667 2225 2060 0.333333333333 1 0 0.000157232704403 0.000471698113208 0.0 2 1
2187.4 2225 2085 0.0 0 0 0.0 0.0 0.0 4 1
2208.0 2208 2208 0.0 0 0 0.0 0.0 0.0 0 1
2031.71428571 2049 1988 0.571428571429 1 0 0.000279672503154 0.000493339911199 0.0 6 1
2079.0 2086 2072 0.0 0 0 0.0 0.0 0.0 1 1
2090.0 2090 2090 0.0 0 0 0.0 0.0 0.0 0 1
2006.0 2058 1954 0.5 1 0 0.000242836328315 0.000485672656629 0.0 1 1
1978.0 1978 1978 0.0 0 0 0.0 0.0 0.0 0 1
2179.0 2207 2151 0.0 0 0 0.0 0.0 0.0 1 1
2086.0 2115 2057 1.0 2 0 0.000485672656629 0.000971345313259 0.0 1 1
1993.0 2069 1917 0.5 1 0 0.00024154589372 0.00048309178744 0.0 1 1
2001.0 2001 2001 0.0 0 0 0.0 0.0 0.0 0 1
1997.66666667 2013 1987 1.0 2 0 0.000498524646639 0.000992555831266 0.0 2 1
2004.75 2037 1957 0.75 1 0 0.000373382087131 0.000510725229826 0.0 3 1
2057.5 2124 2007 0.666666666667 1 0 0.000323363376777 0.000498007968127 0.0 5 1
2060.0 2117 1963 1.0 2 0 0.000474550127841 0.000956937799043 0.0 5 1
1879.0 1912 1864 0.75 1 0 0.00039792163641 0.000534759358289 0.0 3 1
2081.5 2087 2076 0.0 0 0 0.0 0.0 0.0 1 1
1835.0 1835 1835 0.0 0 0 0.0 0.0 0.0 0 1
2075.0 2075 2075 0.0 0 0 0.0 0.0 0.0 0 1
1979.38461538 2159 1871 1.30769230769 2 0 0.000656929253389 0.00105596620908 0.0 12 1
2222.0 2222 2222 0.0 0 0 0.0 0.0 0.0 0 1
2125.66666667 2173 2095 0.666666666667 1 0 0.000312360279126 0.000477099236641 0.0 2 1
2149.0 2149 2149 0.0 0 0 0.0 0.0 0.0 0 1
2196.0 2221 2171 0.5 1 0 0.00022502250225 0.0004500450045 0.0 1 1
2137.0 2137 2137 0.0 0 0 0.0 0.0 0.0 0 1
2167.0 2167 2167 0.0 0 0 0.0 0.0 0.0 0 1
2125.0 2125 2125 0.0 0 0 0.0 0.0 0.0 0 1
2061.0 2061 2061 0.0 0 0 0.0 0.0 0.0 0 1
2232.0 2249 2215 0.25 1 0 0.000112612612613 0.00045045045045 0.0 3 1
2025.0 2025 2025 0.0 0 0 0.0 0.0 0.0 0 1
2009.66666667 2042 1978 0.0 0 0 0.0 0.0 0.0 2 1
2181.0 2181 2181 0.0 0 0 0.0 0.0 0.0 0 1
1795.85714286 1912 1697 0.571428571429 1 0 0.000322821979444 0.000588928150766 0.0 6 1
1884.03333333 2020 1747 2.3 6 0 0.00121256520305 0.00311688311688 0.0 29 1
2025.5 2048 2003 0.5 1 0 0.000249500998004 0.000499001996008 0.0 1 1
2144.0 2144 2144 0.0 0 0 0.0 0.0 0.0 0 1
2136.0 2136 2136 0.0 0 0 0.0 0.0 0.0 0 1
1944.77777778 1987 1898 2.33333333333 6 0 0.00120763064584 0.00314960629921 0.0 8 1
2013.66666667 2059 1956 0.666666666667 1 0 0.000326258934801 0.000493339911199 0.0 2 1
1991.0 1991 1991 0.0 0 0 0.0 0.0 0.0 0 1
2129.0 2129 2129 0.0 0 0 0.0 0.0 0.0 0 1
2087.5 2097 2078 0.0 0 0 0.0 0.0 0.0 1 1
1902.8 1949 1801 0.4 1 0 0.000205763276971 0.000515995872033 0.0 4 1
2290.0 2290 2290 0.0 0 0 0.0 0.0 0.0 0 1
2171.66666667 2244 2117 0.333333333333 1 0 0.00014847809948 0.000445434298441 0.0 2 1
2046.6 2084 2010 0.4 1 0 0.000196540387094 0.000497265042268 0.0 4 1
2112.0 2112 2112 0.0 0 0 0.0 0.0 0.0 0 1
2142.5 2147 2138 0.5 1 0 0.000233754090697 0.000467508181393 0.0 1 1
2243.5 2270 2217 0.5 1 0 0.000220167327169 0.000440334654337 0.0 1 1
2245.0 2245 2245 0.0 0 0 0.0 0.0 0.0 0 1
2000.0 2000 2000 0.0 0 0 0.0 0.0 0.0 0 1
2064.0 2064 2064 0.0 0 0 0.0 0.0 0.0 0 1
2037.0 2037 2037 0.0 0 0 0.0 0.0 0.0 0 1
2092.33333333 2171 1997 0.666666666667 1 0 0.000311446268609 0.000473933649289 0.0 2 1
2247.0 2247 2247 0.0 0 0 0.0 0.0 0.0 0 1
2093.90909091 2161 1977 1.95454545455 4 0 0.000927892956775 0.0018788163457 0.0 21 1
2047.0 2056 2038 0.5 1 0 0.000245218244237 0.000490436488475 0.0 1 1
2152.33333333 2177 2125 2.0 4 0 0.000931000359378 0.00185270958777 0.0 2 1
1846.0 1903 1816 0.5 1 0 0.000272702664112 0.000545851528384 0.0 3 1
2099.0 2099 2099 0.0 0 0 0.0 0.0 0.0 0 1
2001.18181818 2057 1962 1.0 2 0 0.000499552171995 0.0010183299389 0.0 10 1
2245.0 2245 2245 0.0 0 0 0.0 0.0 0.0 0 1
1949.0 1998 1908 0.333333333333 1 0 0.000174611489436 0.000523834468308 0.0 2 1
2130.0 2130 2130 0.0 0 0 0.0 0.0 0.0 0 1
2043.8 2081 2013 0.8 1 0 0.000391836824534 0.000496524329692 0.0 4 1
2007.75 2059 1976 0.75 1 0 0.000371944529295 0.000505816894284 0.0 3 1
2014.2 2034 1997 0.6 2 0 0.000298316155601 0.000991080277502 0.0 4 1
1959.75 1999 1906 1.33333333333 3 0 0.000677186070045 0.00153609831029 0.0 11 1
2082.0 2082 2082 0.0 0 0 0.0 0.0 0.0 0 1
2103.0 2103 2103 0.0 0 0 0.0 0.0 0.0 0 1
2025.5 2052 2007 1.25 2 0 0.000615971344082 0.000991571641051 0.0 3 1
1994.14285714 2081 1933 1.21428571429 4 0 0.000611081672305 0.00205128205128 0.0 13 1
2081.8 2135 2048 0.6 2 0 0.000292492934666 0.000975609756098 0.0 4 1
2065.33333333 2100 2023 0.333333333333 1 0 0.000160720025715 0.000482160077146 0.0 2 1
2126.0 2126 2126 0.0 0 0 0.0 0.0 0.0 0 1
1961.0 1961 1961 0.0 0 0 0.0 0.0 0.0 0 1
2039.4 2077 2012 0.6 1 0 0.000296059397707 0.000496770988574 0.0 4 1
1937.33333333 1993 1861 0.666666666667 1 0 0.000337323012085 0.000510464522716 0.0 2 1
2164.57142857 2216 2052 2.57142857143 4 0 0.00119304153625 0.00194552529183 0.0 6 1
1977.5 2069 1886 0.0 0 0 0.0 0.0 0.0 1 1
2030.0 2119 1972 0.666666666667 2 0 0.000314317146 0.000942951438001 0.0 2 1
2023.0 2023 2023 0.0 0 0 0.0 0.0 0.0 0 1
2129.0 2136 2122 0.0 0 0 0.0 0.0 0.0 1 1
2020.0 2028 2012 0.0 0 0 0.0 0.0 0.0 1 1
2018.66666667 2045 1984 0.333333333333 1 0 0.00016792611251 0.000503778337531 0.0 2 1
1996.0 1996 1996 0.0 0 0 0.0 0.0 0.0 0 1
1986.0 2080 1888 0.333333333333 1 0 0.000166177854734 0.00051652892562 0.0 5 1
2118.66666667 2155 2058 0.666666666667 1 0 0.00031007993428 0.000466417910448 0.0 2 1
2171.0 2171 2171 0.0 0 0 0.0 0.0 0.0 0 1
2006.66666667 2054 1930 0.666666666667 1 0 0.000325845340519 0.000490918016691 0.0 2 1
2105.0 2111 2100 0.666666666667 1 0 0.000316482891745 0.000475963826749 0.0 2 1
1865.0 1865 1865 0.0 0 0 0.0 0.0 0.0 0 1
2208.0 2219 2197 0.5 1 0 0.000225225225225 0.00045045045045 0.0 1 1
2080.5 2090 2071 0.5 1 0 0.000239120038259 0.000478240076518 0.0 1 1
2261.0 2261 2261 0.0 0 0 0.0 0.0 0.0 0 1
2131.0 2173 2065 0.714285714286 1 0 0.000336314077092 0.000484027105518 0.0 6 1
2028.0 2028 2028 0.0 0 0 0.0 0.0 0.0 0 1
2098.0 2098 2098 0.0 0 0 0.0 0.0 0.0 0 1
1963.10714286 2129 1802 3.5 12 0 0.00173865963244 0.00574437529919 0.0 27 1
2110.0 2110 2110 0.0 0 0 0.0 0.0 0.0 0 1
2070.4 2094 2045 0.8 2 0 0.000386674641396 0.000971345313259 0.0 4 1
1976.0 1976 1976 0.0 0 0 0.0 0.0 0.0 0 1
2096.0 2096 2096 0.0 0 0 0.0 0.0 0.0 0 1
2061.7 2158 1933 2.6 4 0 0.00125258737358 0.00198807157058 0.0 9 1
2061.0 2061 2061 0.0 0 0 0.0 0.0 0.0 0 1
2001.0 2001 2001 0.0 0 0 0.0 0.0 0.0 0 1
1879.0 1879 1879 0.0 0 0 0.0 0.0 0.0 0 1
1957.0 2002 1872 0.5 1 0 0.000259813572034 0.000533902829685 0.0 5 1
1979.75 2145 1864 2.79166666667 6 0 0.00140820863952 0.00314465408805 0.0 23 1
1970.0 1995 1937 0.333333333333 1 0 0.000171998624011 0.000515995872033 0.0 2 1
2076.0 2076 2076 0.0 0 0 0.0 0.0 0.0 0 1
1838.16666667 1858 1814 0.0 0 0 0.0 0.0 0.0 5 1
1926.0 1926 1926 0.0 0 0 0.0 0.0 0.0 0 1
1808.75 1833 1783 0.5 1 0 0.000277045810638 0.000560538116592 0.0 3 1
2195.0 2195 2195 0.5 1 0 0.000227686703097 0.000455373406193 0.0 1 1
2063.0 2083 2028 0.75 1 0 0.000363656945613 0.000492853622474 0.0 3 1
2045.0 2045 2045 0.0 0 0 0.0 0.0 0.0 0 1
1930.0 1961 1886 1.25 2 0 0.000649009281334 0.0010593220339 0.0 3 1
2086.66666667 2107 2076 0.0 0 0 0.0 0.0 0.0 2 1
2063.75 2157 1940 0.625 1 0 0.000299992355637 0.000492610837438 0.0 7 1
2048.0 2048 2048 0.0 0 0 0.0 0.0 0.0 0 1
2084.66666667 2097 2076 0.666666666667 1 0 0.000318983939998 0.000480307396734 0.0 2 1
1979.0 1979 1979 0.0 0 0 0.0 0.0 0.0 0 1
2036.0 2036 2036 0.0 0 0 0.0 0.0 0.0 0 1
2087.3 2164 1977 0.6 2 0 0.000291273960812 0.00101061141991 0.0 9 1
1992.5 2017 1968 0.0 0 0 0.0 0.0 0.0 1 1
2183.5 2199 2168 0.5 1 0 0.000230520977409 0.000461041954818 0.0 1 1
1954.5 1970 1939 0.0 0 0 0.0 0.0 0.0 1 1
1963.66666667 1989 1945 0.333333333333 1 0 0.000170241743275 0.000510725229826 0.0 2 1
2081.33333333 2116 2045 1.0 2 0 0.000483135375517 0.000977039570103 0.0 2 1
2035.11111111 2124 1967 1.77777777778 4 0 0.000871383245703 0.00198412698413 0.0 8 1
2157.66666667 2186 2120 0.666666666667 1 0 0.000309574363276 0.000471475719 0.0 2 1
1976.33333333 1982 1971 0.666666666667 1 0 0.00033670110966 0.000505816894284 0.0 2 1
2093.0 2093 2093 0.0 0 0 0.0 0.0 0.0 0 1
1845.25 1927 1782 0.0 0 0 0.0 0.0 0.0 3 1
1911.1 2056 1801 0.5 1 0 0.000260530102536 0.000554938956715 0.0 9 1
2185.33333333 2234 2134 0.666666666667 2 0 0.000298151460942 0.000894454382826 0.0 2 1
1992.33333333 2069 1944 0.666666666667 1 0 0.000330665879952 0.000508905852417 0.0 2 1
2112.4 2137 2094 0.4 1 0 0.000190023752969 0.000475059382423 0.0 4 1
2094.0 2094 2094 0.0 0 0 0.0 0.0 0.0 0 1
1947.0 2013 1891 0.666666666667 1 0 0.00034817903275 0.000528541226216 0.0 2 1
2004.9 2164 1848 1.4 5 0 0.000676040290298 0.00237642585551 0.0 9 1
1902.0 1926 1872 0.666666666667 1 0 0.000347591942645 0.000523834468308 0.0 2 1
2025.8 2058 1990 1.0 3 0 0.000490061839774 0.00147347740668 0.0 4 1
1910.5 1911 1910 0.5 1 0 0.000261643118786 0.000523286237572 0.0 1 1
1916.0 1934 1898 0.5 1 0 0.000263296471827 0.000526592943655 0.0 1 1
2148.85714286 2180 2116 1.28571428571 3 0 0.000594735367861 0.00137804317869 0.0 6 1
1994.0 1994 1994 0.0 0 0 0.0 0.0 0.0 0 1
2017.25 2044 1972 1.0 2 0 0.000495467979096 0.000977517106549 0.0 3 1
2065.08333333 2178 1938 0.833333333333 3 0 0.000403687077438 0.00152516522623 0.0 11 1
1948.0 1948 1948 0.0 0 0 0.0 0.0 0.0 0 1
2144.25 2179 2109 0.0 0 0 0.0 0.0 0.0 3 1
1977.0 1977 1977 0.0 0 0 0.0 0.0 0.0 0 1
1905.5 1926 1879 1.0 2 0 0.000525855436184 0.00104876769795 0.0 3 1
2137.0 2137 2137 0.0 0 0 0.0 0.0 0.0 0 1
2056.33333333 2113 2012 1.66666666667 3 0 0.000803606011855 0.00141776937618 0.0 2 1
2021.5 2094 1969 1.0 2 0 0.000487553602384 0.000996015936255 0.0 3 1
2163.0 2163 2163 0.0 0 0 0.0 0.0 0.0 0 1
2223.0 2223 2223 0.0 0 0 0.0 0.0 0.0 0 1
2182.25 2220 2137 0.25 1 0 0.00011256190905 0.0004502476362 0.0 3 1
2012.2 2055 1971 0.8 2 0 0.000395740477863 0.000985221674877 0.0 4 1
1989.125 2066 1930 2.0 3 0 0.00100795180957 0.00153452685422 0.0 7 1
2178.0 2201 2155 0.5 1 0 0.000231910946197 0.000463821892393 0.0 1 1
1970.0 1989 1951 0.5 1 0 0.000251256281407 0.000502512562814 0.0 1 1
2034.0 2062 1993 0.0 0 0 0.0 0.0 0.0 2 1
2114.0 2114 2114 0.0 0 0 0.0 0.0 0.0 0 1
1919.0 1919 1919 0.0 0 0 0.0 0.0 0.0 0 1
2052.66666667 2066 2042 0.666666666667 1 0 0.00032568110029 0.000489476260401 0.0 2 1
1896.61538462 2009 1836 1.53846153846 4 0 0.000811162488683 0.00214132762313 0.0 12 1
1981.0 1981 1981 0.0 0 0 0.0 0.0 0.0 0 1
2063.5 2080 2047 0.5 1 0 0.000240269101394 0.000480538202787 0.0 1 1
2041.7 2161 1970 2.3 4 0 0.00111915664891 0.00190839694656 0.0 9 1
2017.0 2046 1988 0.5 1 0 0.000244259892526 0.000488519785051 0.0 1 1
2047.0 2047 2047 0.0 0 0 0.0 0.0 0.0 0 1
1971.5 2051 1877 0.625 2 0 0.000311236009582 0.00100502512563 0.0 7 1
1962.0 1962 1962 0.0 0 0 0.0 0.0 0.0 0 1
2010.0 2027 1993 0.5 1 0 0.00025075225677 0.000501504513541 0.0 1 1
2171.5 2175 2168 0.0 0 0 0.0 0.0 0.0 1 1
2071.0 2110 1996 0.25 1 0 0.000118427285647 0.000473709142586 0.0 3 1
2080.0 2080 2080 0.0 0 0 0.0 0.0 0.0 0 1
1991.71428571 2050 1915 0.428571428571 1 0 0.00021573496369 0.000507099391481 0.0 6 1
2143.0 2143 2143 0.0 0 0 0.0 0.0 0.0 0 1
2116.0 2116 2116 0.0 0 0 0.0 0.0 0.0 0 1
1918.5 2092 1742 2.5 5 0 0.00131846440958 0.0027114967462 0.0 17 1
2135.75 2179 2108 2.0 4 0 0.000935729097192 0.00189393939394 0.0 3 1
2065.66666667 2089 2038 0.666666666667 1 0 0.000322968462665 0.000490436488475 0.0 2 1
1842.0 1873 1798 1.14285714286 2 0 0.000622552730567 0.00111111111111 0.0 6 1
2122.5 2132 2113 0.5 1 0 0.000236518448439 0.000473036896878 0.0 1 1
2086.5 2096 2077 0.5 1 0 0.000240615976901 0.000481231953802 0.0 1 1
2212.0 2212 2212 0.0 0 0 0.0 0.0 0.0 0 1
2046.66666667 2108 1997 0.666666666667 1 0 0.00033055321202 0.000500500500501 0.0 2 1
2110.0 2110 2110 0.0 0 0 0.0 0.0 0.0 0 1
2056.0 2064 2048 0.5 1 0 0.00024402147389 0.000488042947779 0.0 1 1
2006.0 2006 2006 0.0 0 0 0.0 0.0 0.0 0 1
1980.0 1980 1980 0.0 0 0 0.0 0.0 0.0 0 1
2054.06666667 2142 1989 1.2 2 0 0.000580953509019 0.00100452034154 0.0 14 1
2037.5 2076 2017 1.0 2 0 0.000490803046437 0.000990589400693 0.0 3 1
1969.09090909 2038 1874 1.27272727273 3 0 0.000657435247318 0.00159829515184 0.0 10 1
2201.875 2241 2148 0.75 2 0 0.000340519301069 0.000891662951404 0.0 7 1
2098.0 2169 2059 1.0 2 0 0.000474787706904 0.00095328884652 0.0 4 1
2064.0 2064 2064 0.0 0 0 0.0 0.0 0.0 0 1
2034.0 2034 2034 0.0 0 0 0.0 0.0 0.0 0 1
2058.0 2058 2058 0.0 0 0 0.0 0.0 0.0 0 1
2049.0 2049 2049 0.0 0 0 0.0 0.0 0.0 0 1
1927.8 1986 1891 0.2 1 0 0.00010272213662 0.000513610683102 0.0 4 1
2045.7 2126 1981 1.7 4 0 0.000828229393437 0.00195217179112 0.0 9 1
2049.14285714 2099 1960 1.14285714286 3 0 0.000552463282245 0.00142721217888 0.0 6 1
2176.0 2191 2161 0.0 0 0 0.0 0.0 0.0 1 1
2020.66666667 2070 1982 1.0 2 0 0.000487505335839 0.000965250965251 0.0 2 1
1940.5 1988 1893 0.5 1 0 0.000251382604324 0.000502765208648 0.0 1 1
1995.25 2070 1946 0.25 1 0 0.000127616130679 0.000510464522716 0.0 3 1
2241.0 2241 2241 0.0 0 0 0.0 0.0 0.0 0 1
2139.5 2141 2138 0.0 0 0 0.0 0.0 0.0 1 1
2015.0 2015 2015 0.0 0 0 0.0 0.0 0.0 0 1
1992.25 2052 1919 1.375 3 0 0.000692345314206 0.00152827305145 0.0 7 1
2271.0 2271 2271 0.0 0 0 0.0 0.0 0.0 0 1
2205.0 2205 2205 0.0 0 0 0.0 0.0 0.0 0 1
2002.5 2074 1931 0.5 1 0 0.000240963855422 0.000481927710843 0.0 1 1
2125.5 2159 2092 0.0 0 0 0.0 0.0 0.0 1 1
2170.85714286 2268 2009 1.0 2 0 0.000455111627431 0.000908265213442 0.0 6 1
1975.0 1975 1975 0.0 0 0 0.0 0.0 0.0 0 1
1946.0 1946 1946 0.0 0 0 0.0 0.0 0.0 0 1
2000.5 2073 1928 0.0 0 0 0.0 0.0 0.0 1 1
2037.5 2045 2030 0.5 1 0 0.000244379276637 0.000488758553275 0.0 1 1
2221.0 2221 2221 0.0 0 0 0.0 0.0 0.0 0 1
2030.66666667 2064 1997 0.5 1 0 0.0002474422233 0.000500500500501 0.0 5 1
2012.0 2012 2012 0.0 0 0 0.0 0.0 0.0 0 1
2115.0 2115 2115 0.0 0 0 0.0 0.0 0.0 0 1
2075.5 2078 2073 0.75 2 0 0.000361387803487 0.000963391136802 0.0 3 1
2029.0 2029 2029 0.0 0 0 0.0 0.0 0.0 0 1
1919.92307692 2073 1840 2.46153846154 5 0 0.00128546214006 0.00271002710027 0.0 12 1
1964.0 1978 1950 0.5 1 0 0.000252652854977 0.000505305709955 0.0 1 1
1982.0 1982 1982 0.0 0 0 0.0 0.0 0.0 0 1
2085.0 2131 2006 0.0 0 0 0.0 0.0 0.0 2 1
1901.4 1950 1848 0.4 1 0 0.000205604316053 0.000515463917526 0.0 4 1
2185.25 2316 2096 1.375 2 0 0.000631407389331 0.000952834683182 0.0 7 1
2008.0 2008 2008 0.0 0 0 0.0 0.0 0.0 0 1
1848.05263158 2025 1699 1.89473684211 4 0 0.00102684248771 0.00225352112676 0.0 18 1
2149.4 2217 2083 0.8 1 0 0.000370962585977 0.000479846449136 0.0 4 1
2041.0 2045 2037 0.5 1 0 0.000245338567223 0.000490677134446 0.0 1 1
2170.0 2199 2141 0.5 1 0 0.000227272727273 0.000454545454545 0.0 1 1
1989.0 2076 1913 0.142857142857 1 0 7.18597298074e-05 0.000503018108652 0.0 6 1
2130.0 2181 2081 1.33333333333 2 0 0.000625441344092 0.00096015362458 0.0 2 1
2121.5 2143 2100 0.5 1 0 0.000233208955224 0.000466417910448 0.0 1 1
2061.0 2061 2061 0.0 0 0 0.0 0.0 0.0 0 1
2071.5 2081 2062 0.0 0 0 0.0 0.0 0.0 1 1
2051.0 2131 1960 1.5 2 0 0.000723536445932 0.000989609104404 0.0 5 1
2078.4375 2135 2003 0.5625 2 0 0.000273061313895 0.000978952520803 0.0 15 1
2024.33333333 2048 2003 0.666666666667 2 0 0.000329380764163 0.00098814229249 0.0 2 1
2003.75 2040 1966 0.5 2 0 0.00024485798237 0.000979431929481 0.0 3 1
2002.5 2028 1977 0.5 1 0 0.000246426811237 0.000492853622474 0.0 1 1
2038.0 2038 2038 0.0 0 0 0.0 0.0 0.0 0 1
2125.25 2210 2066 0.75 1 0 0.000349656546999 0.000476417341591 0.0 3 1
2042.0 2090 1974 1.33333333333 2 0 0.000641671730871 0.000968992248062 0.0 2 1
1979.66666667 2005 1961 1.0 2 0 0.000502065401066 0.000996512207275 0.0 2 1
1921.0 1932 1910 0.0 0 0 0.0 0.0 0.0 1 1
2004.0 2034 1971 1.2 3 0 0.000601004305917 0.00149775336995 0.0 4 1
2121.0 2121 2121 0.0 0 0 0.0 0.0 0.0 0 1
2152.0 2152 2152 0.0 0 0 0.0 0.0 0.0 0 1
2066.0 2066 2066 0.0 0 0 0.0 0.0 0.0 0 1
2106.5 2130 2083 0.5 1 0 0.000239923224568 0.000479846449136 0.0 1 1
2018.0 2018 2018 0.0 0 0 0.0 0.0 0.0 0 1
2024.0 2024 2024 0.0 0 0 0.0 0.0 0.0 0 1
2101.5 2147 2056 1.0 2 0 0.00046533271289 0.000930665425779 0.0 1 1
2052.0 2052 2052 0.0 0 0 0.0 0.0 0.0 0 1
2123.5 2162 2085 0.5 1 0 0.000231160425335 0.00046232085067 0.0 1 1
2035.0 2035 2035 0.0 0 0 0.0 0.0 0.0 0 1
2093.0 2131 2028 0.75 1 0 0.000354523255333 0.000478240076518 0.0 3 1
1891.5 1917 1866 0.5 1 0 0.000260688216893 0.000521376433785 0.0 1 1
2079.0 2079 2079 0.0 0 0 0.0 0.0 0.0 0 1
1982.0 1982 1982 0.0 0 0 0.0 0.0 0.0 0 1
2087.66666667 2109 2062 0.333333333333 1 0 0.000157977883096 0.000473933649289 0.0 2 1
2152.0 2152 2152 0.0 0 0 0.0 0.0 0.0 0 1
2029.0 2029 2029 0.0 0 0 0.0 0.0 0.0 0 1
1983.0 1983 1983 0.0 0 0 0.0 0.0 0.0 0 1
2022.25 2056 1969 0.25 1 0 0.000122549019608 0.000490196078431 0.0 3 1
2053.0 2053 2053 0.0 0 0 0.0 0.0 0.0 0 1
2068.0 2068 2068 0.0 0 0 0.0 0.0 0.0 0 1
2180.0 2180 2180 0.0 0 0 0.0 0.0 0.0 0 1
2142.5 2153 2132 0.5 1 0 0.000232126276695 0.000464252553389 0.0 1 1
1975.0 1975 1975 0.0 0 0 0.0 0.0 0.0 0 1
2069.0 2069 2069 0.0 0 0 0.0 0.0 0.0 0 1
2090.0 2090 2090 0.0 0 0 0.0 0.0 0.0 0 1
2160.0 2160 2160 0.0 0 0 0.0 0.0 0.0 0 1
1997.0 1997 1997 0.0 0 0 0.0 0.0 0.0 0 1
2107.66666667 2150 2048 0.833333333333 1 0 0.000394971381861 0.000488042947779 0.0 5 1
2058.0 2058 2058 0.0 0 0 0.0 0.0 0.0 0 1
2035.0 2058 2012 0.0 0 0 0.0 0.0 0.0 1 1
2029.33333333 2069 1983 1.0 2 0 0.000485545020532 0.000965717044906 0.0 2 1
2111.0 2111 2111 0.0 0 0 0.0 0.0 0.0 0 1
2228.0 2228 2228 0.0 0 0 0.0 0.0 0.0 0 1
1996.76923077 2130 1904 1.92307692308 4 0 0.000954968960935 0.00195217179112 0.0 12 1
2119.0 2119 2119 0.0 0 0 0.0 0.0 0.0 0 1
2033.0 2033 2033 0.0 0 0 0.0 0.0 0.0 0 1
2242.0 2242 2242 0.0 0 0 0.0 0.0 0.0 0 1
1894.4 1957 1834 1.0 3 0 0.000530521451964 0.00159659393294 0.0 9 1
2102.0 2102 2102 0.0 0 0 0.0 0.0 0.0 0 1
2199.0 2199 2199 0.0 0 0 0.0 0.0 0.0 0 1
1964.5 2051 1912 1.125 2 0 0.000568351997968 0.00103092783505 0.0 7 1
2087.0 2087 2087 0.0 0 0 0.0 0.0 0.0 0 1
2062.0 2062 2062 0.0 0 0 0.0 0.0 0.0 0 1
2030.0 2030 2030 0.0 0 0 0.0 0.0 0.0 0 1
2017.0 2017 2017 0.0 0 0 0.0 0.0 0.0 0 1
2004.0 2004 2004 0.0 0 0 0.0 0.0 0.0 0 1
2146.0 2146 2146 0.0 0 0 0.0 0.0 0.0 0 1
2073.5 2075 2072 0.5 1 0 0.0002408477842 0.000481695568401 0.0 1 1
2082.33333333 2115 2047 1.0 2 0 0.000476967720177 0.000958313368471 0.0 2 1
2037.14285714 2097 1935 0.714285714286 2 0 0.000347423456271 0.000975609756098 0.0 6 1
2044.0 2044 2044 0.0 0 0 0.0 0.0 0.0 0 1
2138.5 2152 2125 0.5 1 0 0.000235183443086 0.000470366886171 0.0 1 1
2080.5 2100 2061 0.0 0 0 0.0 0.0 0.0 1 1
1934.0 1934 1934 0.0 0 0 0.0 0.0 0.0 0 1
2263.0 2263 2263 0.0 0 0 0.0 0.0 0.0 0 1
2229.0 2229 2229 0.0 0 0 0.0 0.0 0.0 0 1
2014.0 2014 2014 0.0 0 0 0.0 0.0 0.0 0 1
2088.7 2151 2033 0.8 2 0 0.000384703720512 0.000967117988395 0.0 9 1
2007.66666667 2053 1961 0.0 0 0 0.0 0.0 0.0 2 1
2275.8 2363 2223 1.4 3 0 0.000607207701987 0.00126796280642 0.0 4 1
2112.30769231 2163 2049 2.84615384615 6 0 0.00133673183309 0.00278680910358 0.0 12 1
2111.5 2114 2109 0.5 1 0 0.000236406619385 0.000472813238771 0.0 1 1
1999.35714286 2129 1885 1.92857142857 5 0 0.000952611251865 0.00247524752475 0.0 13 1
2016.5 2057 1976 0.5 1 0 0.000242954324587 0.000485908649174 0.0 1 1
2079.2 2146 1992 0.8 2 0 0.000382081952358 0.000931098696462 0.0 4 1
1971.33333333 1985 1956 0.666666666667 1 0 0.000339190605447 0.000510986203373 0.0 2 1
2270.0 2270 2270 0.0 0 0 0.0 0.0 0.0 0 1
2085.5 2097 2074 0.5 1 0 0.000240963855422 0.000481927710843 0.0 1 1
2051.33333333 2145 1917 0.666666666667 2 0 0.000313536899909 0.00093153237075 0.0 5 1
1992.77777778 2085 1939 1.44444444444 2 0 0.000727324981782 0.00103039670273 0.0 8 1
2135.0 2157 2113 1.0 2 0 0.000472813238771 0.000945626477541 0.0 1 1
2138.0 2138 2138 0.0 0 0 0.0 0.0 0.0 0 1
2211.0 2211 2211 0.0 0 0 0.0 0.0 0.0 0 1
1903.0 1903 1903 0.0 0 0 0.0 0.0 0.0 0 1
2044.0 2086 2004 0.333333333333 1 0 0.000163158753467 0.000489476260401 0.0 2 1
1969.5 1992 1947 0.0 0 0 0.0 0.0 0.0 3 1
1861.5 1883 1840 0.5 1 0 0.000265392781316 0.000530785562633 0.0 1 1
2095.25 2139 2035 1.0 2 0 0.000477489081222 0.000981836033382 0.0 7 1
2113.33333333 2135 2080 0.666666666667 1 0 0.000312843893393 0.000470366886171 0.0 2 1
2120.0 2221 2056 0.25 1 0 0.000112511251125 0.0004500450045 0.0 3 1
1915.0 1984 1872 0.75 1 0 0.000389290421674 0.000533902829685 0.0 3 1
2121.0 2121 2121 0.0 0 0 0.0 0.0 0.0 0 1
1806.0 1920 1730 1.0 2 0 0.000556365735578 0.00112422709387 0.0 7 1
2017.0 2017 2017 0.0 0 0 0.0 0.0 0.0 0 1
2100.5 2126 2068 0.75 1 0 0.000355076634755 0.000478240076518 0.0 3 1
2301.6 2416 2237 0.8 3 0 0.000334466802178 0.00124018189334 0.0 4 1
2085.0 2085 2085 0.0 0 0 0.0 0.0 0.0 0 1
2047.0 2096 2008 0.875 2 0 0.000424953801278 0.000969461948619 0.0 7 1
2095.0 2095 2095 0.0 0 0 0.0 0.0 0.0 0 1
1911.0 1911 1911 0.0 0 0 0.0 0.0 0.0 0 1
2119.0 2119 2119 0.0 0 0 0.0 0.0 0.0 0 1
2107.5 2116 2099 0.5 1 0 0.000236183278224 0.000472366556448 0.0 1 1
1967.2 2009 1946 1.2 3 0 0.000608982530963 0.00152284263959 0.0 4 1
2223.0 2223 2223 0.0 0 0 0.0 0.0 0.0 0 1
2056.0 2056 2056 0.0 0 0 0.0 0.0 0.0 0 1
1987.0 1987 1987 0.0 0 0 0.0 0.0 0.0 0 1
2134.0 2134 2134 0.0 0 0 0.0 0.0 0.0 0 1
2164.0 2164 2164 0.0 0 0 0.0 0.0 0.0 0 1
2214.0 2233 2195 0.0 0 0 0.0 0.0 0.0 1 1
2201.0 2201 2201 0.0 0 0 0.0 0.0 0.0 0 1
1940.5 1985 1869 1.75 5 0 0.000891551316148 0.00251256281407 0.0 7 1
2166.0 2166 2166 0.0 0 0 0.0 0.0 0.0 0 1
2060.0 2060 2060 0.0 0 0 0.0 0.0 0.0 0 1
1942.0 1942 1942 0.0 0 0 0.0 0.0 0.0 0 1
2022.0 2022 2022 0.0 0 0 0.0 0.0 0.0 0 1
2024.0 2057 1991 1.25 2 0 0.000615373909469 0.00098814229249 0.0 3 1
2050.0 2050 2050 0.0 0 0 0.0 0.0 0.0 0 1
1990.0 1990 1990 0.0 0 0 0.0 0.0 0.0 0 1
2095.83333333 2188 1985 1.16666666667 3 0 0.000556266680693 0.00146555935515 0.0 5 1
2017.0 2017 2017 0.0 0 0 0.0 0.0 0.0 0 1
2238.66666667 2309 2143 0.666666666667 1 0 0.000291467178884 0.000441501103753 0.0 2 1
2153.0 2153 2153 0.0 0 0 0.0 0.0 0.0 0 1
2122.0 2144 2100 0.0 0 0 0.0 0.0 0.0 1 1
2036.0 2146 1955 0.909090909091 4 0 0.000441504096801 0.00195982361587 0.0 10 1
2031.33333333 2051 2003 0.0 0 0 0.0 0.0 0.0 2 1
2029.0 2029 2029 0.0 0 0 0.0 0.0 0.0 0 1
2096.0 2096 2096 0.0 0 0 0.0 0.0 0.0 0 1
1972.5 2029 1933 0.666666666667 1 0 0.000336087239259 0.000517063081696 0.0 5 1
2117.5 2147 2094 0.75 1 0 0.000354710035988 0.000477326968974 0.0 3 1
2109.2 2183 2028 0.6 1 0 0.000284095778869 0.000484966052376 0.0 4 1
2144.0 2144 2144 0.0 0 0 0.0 0.0 0.0 0 1
2117.0 2117 2117 0.0 0 0 0.0 0.0 0.0 0 1
2104.0 2104 2104 0.0 0 0 0.0 0.0 0.0 0 1
1980.08333333 2073 1921 0.833333333333 2 0 0.00041712262304 0.000996512207275 0.0 11 1
2125.125 2178 2095 0.625 1 0 0.000292593515683 0.00047619047619 0.0 7 1
2016.0 2016 2016 0.0 0 0 0.0 0.0 0.0 0 1
2069.0 2069 2069 0.0 0 0 0.0 0.0 0.0 0 1
1972.33333333 2070 1918 1.22222222222 3 0 0.000620309779586 0.00153452685422 0.0 8 1
2099.0 2099 2099 0.0 0 0 0.0 0.0 0.0 0 1
2022.5 2028 2017 0.5 1 0 0.000247770069376 0.000495540138751 0.0 1 1
2040.4 2060 2018 1.0 2 0 0.000489937775442 0.000983284169125 0.0 4 1
2010.5 2040 1977 0.25 1 0 0.000122488975992 0.000489955903969 0.0 3 1
2076.07692308 2208 1972 0.846153846154 2 0 0.000403679462022 0.000962463907603 0.0 12 1
2020.0 2020 2020 0.0 0 0 0.0 0.0 0.0 0 1
2133.0 2133 2133 0.0 0 0 0.0 0.0 0.0 0 1
1918.0 1918 1918 0.0 0 0 0.0 0.0 0.0 0 1
2109.0 2168 2050 0.0 0 0 0.0 0.0 0.0 1 1
2227.5 2260 2195 1.0 2 0 0.000442086648983 0.000884173297966 0.0 1 1
2038.5 2094 1966 0.0 0 0 0.0 0.0 0.0 3 1
2084.71428571 2175 2026 1.14285714286 2 0 0.000548505956432 0.000959232613909 0.0 6 1
2016.0 2023 2004 0.5 1 0 0.000247586415567 0.000495785820526 0.0 3 1
1956.57142857 2134 1842 1.19047619048 3 0 0.00060620947876 0.00159404888417 0.0 20 1
1922.44444444 2054 1850 0.888888888889 2 0 0.000461241833297 0.00101419878296 0.0 8 1
2208.0 2208 2208 0.0 0 0 0.0 0.0 0.0 0 1
1900.66666667 1936 1879 0.666666666667 1 0 0.000349392384949 0.000531914893617 0.0 2 1
1895.33333333 1981 1788 1.5 3 0 0.00079473973979 0.00158144438587 0.0 5 1
2227.66666667 2253 2195 0.333333333333 1 0 0.000147885241053 0.000443655723159 0.0 2 1
2251.0 2251 2251 0.0 0 0 0.0 0.0 0.0 0 1
2106.5 2148 2042 0.5 1 0 0.000234257706524 0.000471698113208 0.0 3 1
1996.42857143 2093 1944 1.14285714286 2 0 0.000570368599272 0.00100908173562 0.0 6 1
1987.0 2061 1830 2.0 5 0 0.000987159184366 0.00246305418719 0.0 5 1
2104.5 2119 2090 0.5 1 0 0.000239120038259 0.000478240076518 0.0 1 1
2188.5 2231 2146 0.0 0 0 0.0 0.0 0.0 1 1
2203.0 2203 2203 0.0 0 0 0.0 0.0 0.0 0 1
1986.0 1986 1986 0.0 0 0 0.0 0.0 0.0 0 1
2125.0 2125 2125 0.0 0 0 0.0 0.0 0.0 0 1
2135.0 2135 2135 0.0 0 0 0.0 0.0 0.0 0 1
2000.5 2060 1950 1.0 2 0 0.000500613364122 0.0010162601626 0.0 3 1
2029.0 2029 2029 0.0 0 0 0.0 0.0 0.0 0 1
1901.53846154 2039 1730 1.38461538462 5 0 0.000711811466005 0.00254841997961 0.0 12 1
2394.0 2398 2390 0.0 0 0 0.0 0.0 0.0 1 1
2031.5 2033 2030 0.0 0 0 0.0 0.0 0.0 1 1
2069.0 2104 2010 0.666666666667 2 0 0.000331345261763 0.000994035785288 0.0 2 1
2029.0 2029 2029 0.0 0 0 0.0 0.0 0.0 0 1
2191.5 2211 2172 0.0 0 0 0.0 0.0 0.0 1 1
2206.0 2206 2206 0.0 0 0 0.0 0.0 0.0 0 1
2160.0 2213 2128 1.0 2 0 0.000457546207891 0.000902934537246 0.0 2 1
2122.77777778 2188 2000 1.33333333333 4 0 0.00062138383568 0.00189483657035 0.0 8 1
2176.0 2176 2176 0.0 0 0 0.0 0.0 0.0 0 1
2023.0 2023 2023 0.0 0 0 0.0 0.0 0.0 0 1
2099.66666667 2157 2051 0.0 0 0 0.0 0.0 0.0 2 1
1942.0 1942 1942 0.0 0 0 0.0 0.0 0.0 0 1
2077.0 2077 2077 0.0 0 0 0.0 0.0 0.0 0 1
1991.0 2006 1976 0.5 1 0 0.000252908447142 0.000505816894284 0.0 1 1
2074.0 2074 2074 0.0 0 0 0.0 0.0 0.0 0 1
2026.0 2026 2026 0.0 0 0 0.0 0.0 0.0 0 1
2196.0 2196 2196 0.0 0 0 0.0 0.0 0.0 0 1
2041.0 2041 2041 0.0 0 0 0.0 0.0 0.0 0 1
2164.0 2164 2164 0.0 0 0 0.0 0.0 0.0 0 1
2119.5 2130 2109 0.0 0 0 0.0 0.0 0.0 1 1
2046.0 2046 2046 0.0 0 0 0.0 0.0 0.0 0 1
2299.0 2299 2299 0.0 0 0 0.0 0.0 0.0 0 1
1968.0 1968 1968 0.0 0 0 0.0 0.0 0.0 0 1
1976.5 1982 1971 0.5 1 0 0.000252143217347 0.000504286434695 0.0 1 1
2053.0 2053 2053 0.0 0 0 0.0 0.0 0.0 0 1
2107.0 2112 2102 0.5 1 0 0.000236630383341 0.000473260766682 0.0 1 1
2153.0 2153 2153 0.0 0 0 0.0 0.0 0.0 0 1
2067.0 2067 2067 0.0 0 0 0.0 0.0 0.0 0 1
2132.0 2177 2087 0.2 1 0 9.27213722763e-05 0.000463606861382 0.0 4 1
2148.5 2154 2143 0.5 1 0 0.000232018561485 0.00046403712297 0.0 1 1
2090.0 2090 2090 0.0 0 0 0.0 0.0 0.0 0 1
1935.0 1935 1935 0.0 0 0 0.0 0.0 0.0 0 1
2045.0 2045 2045 1.0 2 0 0.000488519785051 0.000977039570103 0.0 1 1
2027.0 2091 1963 0.5 1 0 0.000239005736138 0.000478011472275 0.0 1 1
2156.0 2156 2156 0.0 0 0 0.0 0.0 0.0 0 1
1980.5 2010 1951 0.5 1 0 0.000256147540984 0.000512295081967 0.0 1 1
2097.33333333 2111 2087 0.666666666667 1 0 0.00031747068385 0.000478927203065 0.0 2 1
2010.2 2044 1971 1.8 3 0 0.00089782187446 0.00149031296572 0.0 4 1
2141.5 2162 2121 0.0 0 0 0.0 0.0 0.0 1 1
2038.66666667 2095 2005 0.0 0 0 0.0 0.0 0.0 2 1
1921.5 1966 1898 0.75 1 0 0.000390185926954 0.000526592943655 0.0 3 1
2142.0 2142 2142 0.0 0 0 0.0 0.0 0.0 0 1
2095.0 2095 2095 0.0 0 0 0.0 0.0 0.0 0 1
2075.66666667 2132 1985 1.08333333333 3 0 0.00051546863325 0.0014164305949 0.0 11 1
2268.0 2268 2268 0.0 0 0 0.0 0.0 0.0 0 1
2033.0 2084 1979 0.5 1 0 0.000245678449094 0.000497512437811 0.0 3 1
1768.0 1768 1768 0.0 0 0 0.0 0.0 0.0 0 1
2121.5 2216 2052 0.5 1 0 0.00023832313165 0.000487092060399 0.0 3 1
1948.15384615 2025 1881 1.15384615385 4 0 0.00059803029016 0.00208116545265 0.0 12 1
2140.66666667 2229 2081 0.666666666667 1 0 0.000307230419985 0.000473260766682 0.0 2 1
1916.0 1916 1916 0.0 0 0 0.0 0.0 0.0 0 1
2101.5 2104 2099 0.5 1 0 0.000237529691211 0.000475059382423 0.0 1 1
2226.33333333 2261 2207 0.666666666667 1 0 0.000301659372243 0.000452898550725 0.0 2 1
2105.6 2141 2051 2.2 5 0 0.00103830409891 0.00235849056604 0.0 4 1
2009.0 2009 2009 0.0 0 0 0.0 0.0 0.0 0 1
1963.0 1963 1963 0.0 0 0 0.0 0.0 0.0 0 1
2033.5 2077 1990 0.5 1 0 0.000251130085384 0.000502260170768 0.0 1 1
2047.0 2047 2047 0.0 0 0 0.0 0.0 0.0 0 1
2225.0 2225 2225 0.0 0 0 0.0 0.0 0.0 0 1
2282.5 2313 2252 0.0 0 0 0.0 0.0 0.0 1 1
2111.5 2114 2109 0.5 1 0 0.000236966824645 0.000473933649289 0.0 1 1
1928.0 1928 1928 0.0 0 0 0.0 0.0 0.0 0 1
2180.0 2180 2180 0.0 0 0 0.0 0.0 0.0 0 1
2165.5 2176 2155 0.5 1 0 0.000229673863114 0.000459347726229 0.0 1 1
2069.0 2069 2069 0.0 0 0 0.0 0.0 0.0 0 1
2146.0 2146 2146 0.0 0 0 0.0 0.0 0.0 0 1
2108.0 2108 2108 0.0 0 0 0.0 0.0 0.0 0 1
2111.0 2135 2086 0.333333333333 1 0 0.000156054931336 0.000468164794007 0.0 2 1
1951.0 1974 1928 0.5 1 0 0.000253164556962 0.000506329113924 0.0 1 1
2094.0 2105 2083 0.5 1 0 0.000237416904084 0.000474833808167 0.0 1 1
2104.0 2171 2037 0.5 1 0 0.000230202578269 0.000460405156538 0.0 1 1
2164.66666667 2166 2163 0.333333333333 1 0 0.000153822488848 0.000461467466544 0.0 2 1
2086.0 2086 2086 0.0 0 0 0.0 0.0 0.0 0 1
2171.0 2171 2171 0.0 0 0 0.0 0.0 0.0 0 1
2007.5 2024 1992 0.75 1 0 0.000374443082448 0.000501756146513 0.0 3 1
1994.66666667 2039 1945 0.666666666667 1 0 0.000334690231008 0.000513874614594 0.0 2 1
2108.5 2128 2089 0.0 0 0 0.0 0.0 0.0 1 1
2088.0 2088 2088 0.0 0 0 0.0 0.0 0.0 0 1
2081.0 2081 2081 0.0 0 0 0.0 0.0 0.0 0 1
2164.5 2185 2144 0.5 1 0 0.0002331002331 0.0004662004662 0.0 1 1
2217.0 2217 2217 0.0 0 0 0.0 0.0 0.0 0 1
2007.66666667 2065 1970 0.333333333333 1 0 0.000161342368506 0.000484027105518 0.0 2 1
2067.0 2067 2067 0.0 0 0 0.0 0.0 0.0 0 1
2091.0 2091 2091 0.0 0 0 0.0 0.0 0.0 0 1
2101.0 2101 2101 0.0 0 0 0.0 0.0 0.0 0 1
2230.0 2230 2230 0.0 0 0 0.0 0.0 0.0 0 1
1965.25 2028 1907 0.5 1 0 0.000254641898809 0.000517063081696 0.0 3 1
2143.0 2189 2115 0.0 0 0 0.0 0.0 0.0 2 1
2038.0 2114 1998 0.666666666667 1 0 0.000333167082793 0.000500250125063 0.0 2 1
1987.8 2007 1968 0.8 1 0 0.000401267485045 0.000505816894284 0.0 4 1
1999.4 2047 1938 1.3 3 0 0.000649975530975 0.00153531218014 0.0 9 1
2010.0 2010 2010 0.0 0 0 0.0 0.0 0.0 0 1
2184.5 2218 2151 0.5 1 0 0.000225326723749 0.000450653447499 0.0 1 1
2069.0 2069 2069 0.0 0 0 0.0 0.0 0.0 0 1
2169.66666667 2208 2125 0.333333333333 1 0 0.000150897842161 0.000452693526483 0.0 2 1
2204.75 2253 2166 0.0 0 0 0.0 0.0 0.0 3 1
2015.0 2072 1954 1.25 2 0 0.000619553883304 0.00102249488753 0.0 3 1
2112.0 2123 2101 0.5 1 0 0.000235404896422 0.000470809792844 0.0 1 1
1982.5 2005 1960 1.0 2 0 0.000509683995923 0.00101936799185 0.0 1 1
2032.0 2032 2032 0.0 0 0 0.0 0.0 0.0 0 1
2055.16666667 2118 1975 1.66666666667 4 0 0.000800287215799 0.00190566936636 0.0 5 1
2048.0 2048 2048 0.0 0 0 0.0 0.0 0.0 0 1
1902.0 1902 1902 0.0 0 0 0.0 0.0 0.0 0 1
1987.0 2012 1962 0.5 1 0 0.000254712175242 0.000509424350484 0.0 1 1
2044.5 2058 2031 0.5 1 0 0.000242836328315 0.000485672656629 0.0 1 1
2077.0 2141 2021 0.5 1 0 0.000243889653959 0.000494559841741 0.0 5 1
2135.66666667 2174 2111 0.333333333333 1 0 0.000153256704981 0.000459770114943 0.0 2 1
2085.0 2085 2085 0.0 0 0 0.0 0.0 0.0 0 1
1999.16666667 2009 1970 0.5 1 0 0.000249335946659 0.000499750124938 0.0 5 1
2101.0 2109 2093 0.5 1 0 0.000236966824645 0.000473933649289 0.0 1 1
2166.0 2166 2166 0.0 0 0 0.0 0.0 0.0 0 1
1932.5 1955 1910 0.5 1 0 0.000255623721881 0.000511247443763 0.0 1 1
2109.9 2223 1987 2.4 6 0 0.00111848131513 0.00276880479926 0.0 9 1
2132.0 2132 2132 0.0 0 0 0.0 0.0 0.0 0 1
2128.0 2128 2128 0.0 0 0 0.0 0.0 0.0 0 1
2117.71428571 2273 1956 1.42857142857 4 0 0.000652231066053 0.00186567164179 0.0 6 1
2033.0 2033 2033 0.0 0 0 0.0 0.0 0.0 0 1
2019.0 2019 2019 0.0 0 0 0.0 0.0 0.0 0 1
1976.0 1976 1976 0.0 0 0 0.0 0.0 0.0 0 1
1923.42857143 2013 1812 0.714285714286 3 0 0.000372543263298 0.00159574468085 0.0 6 1
2046.33333333 2085 2010 0.666666666667 1 0 0.000328754199093 0.000497265042268 0.0 2 1
2100.0 2101 2099 0.5 1 0 0.00023786869648 0.000475737392959 0.0 1 1
1909.0 1909 1909 0.0 0 0 0.0 0.0 0.0 0 1
2074.0 2074 2074 0.0 0 0 0.0 0.0 0.0 0 1
2049.0 2065 2025 0.666666666667 1 0 0.000325870173705 0.000493583415597 0.0 2 1
1921.16666667 1988 1883 1.0 3 0 0.000514930061416 0.00157068062827 0.0 5 1
2114.0 2114 2114 0.0 0 0 0.0 0.0 0.0 0 1
2055.0 2055 2055 0.0 0 0 0.0 0.0 0.0 0 1
2098.66666667 2109 2090 0.0 0 0 0.0 0.0 0.0 2 1
2063.0 2063 2063 0.0 0 0 0.0 0.0 0.0 0 1
2151.5 2233 2046 1.5 4 0 0.000689980947079 0.00187265917603 0.0 5 1
2158.0 2184 2132 0.5 1 0 0.000228832951945 0.00045766590389 0.0 1 1
2140.0 2140 2140 0.0 0 0 0.0 0.0 0.0 0 1
1930.2 1992 1870 1.3 3 0 0.000675430782747 0.00155440414508 0.0 9 1
2135.0 2135 2135 0.0 0 0 0.0 0.0 0.0 0 1
2002.25 2036 1955 1.0 2 0 0.00049697410325 0.000981354268891 0.0 3 1
2117.66666667 2155 2094 0.0 0 0 0.0 0.0 0.0 2 1
1955.8 2023 1881 0.2 1 0 9.8814229249e-05 0.000494071146245 0.0 4 1
2181.0 2181 2181 0.0 0 0 0.0 0.0 0.0 0 1
2183.0 2183 2183 0.0 0 0 0.0 0.0 0.0 0 1
2103.5 2167 2040 0.5 1 0 0.000230627306273 0.000461254612546 0.0 1 1
1920.0 1922 1918 0.5 1 0 0.000260010400416 0.000520020800832 0.0 1 1
1945.0 1945 1945 0.0 0 0 0.0 0.0 0.0 0 1
2077.5 2093 2062 0.0 0 0 0.0 0.0 0.0 1 1
2135.0 2135 2135 0.0 0 0 0.0 0.0 0.0 0 1
2002.0 2002 2002 0.0 0 0 0.0 0.0 0.0 0 1
2071.0 2107 2035 0.5 1 0 0.000237191650854 0.000474383301708 0.0 1 1
2058.5 2094 2023 0.5 1 0 0.000238663484487 0.000477326968974 0.0 1 1
2156.0 2156 2156 0.0 0 0 0.0 0.0 0.0 0 1
2156.0 2156 2156 0.0 0 0 0.0 0.0 0.0 0 1
2073.75 2114 2046 0.25 1 0 0.000120365912374 0.000481463649494 0.0 3 1
2088.0 2088 2088 0.0 0 0 0.0 0.0 0.0 0 1
2021.33333333 2051 1976 0.666666666667 1 0 0.000326002189714 0.000490677134446 0.0 2 1
2089.0 2089 2089 0.0 0 0 0.0 0.0 0.0 0 1
2127.0 2137 2117 0.5 1 0 0.000236071765817 0.000472143531634 0.0 1 1
1966.5 1984 1949 0.5 1 0 0.000251889168766 0.000503778337531 0.0 1 1
2131.0 2131 2131 0.0 0 0 0.0 0.0 0.0 0 1
1990.0 1990 1990 0.0 0 0 0.0 0.0 0.0 0 1
1895.66666667 1921 1881 0.666666666667 1 0 0.000350171352232 0.000530222693531 0.0 2 1
2151.0 2151 2151 0.0 0 0 0.0 0.0 0.0 0 1
2140.8 2170 2090 0.6 1 0 0.000281271857846 0.000478240076518 0.0 4 1
2072.66666667 2099 2042 1.0 2 0 0.000484888019135 0.000978473581213 0.0 2 1
2049.8 2067 2012 1.2 2 0 0.00058747884379 0.000993048659384 0.0 4 1
2056.53846154 2166 1996 1.30769230769 4 0 0.000630388617379 0.00191938579655 0.0 12 1
2038.0 2038 2038 0.0 0 0 0.0 0.0 0.0 0 1
2046.75 2092 1991 0.75 1 0 0.000367677283825 0.000502008032129 0.0 3 1
2325.0 2325 2325 0.0 0 0 0.0 0.0 0.0 0 1
1944.33333333 1968 1931 1.0 2 0 0.000517152338036 0.00103466114847 0.0 2 1
1994.0 2024 1964 0.5 1 0 0.000246913580247 0.000493827160494 0.0 1 1
2240.66666667 2315 2188 1.0 2 0 0.000440004918591 0.000863185153215 0.0 2 1
1892.25 1956 1776 0.5 1 0 0.000256479815519 0.000514933058702 0.0 3 1
2108.33333333 2201 2018 0.333333333333 1 0 0.000151377535574 0.000454132606721 0.0 2 1
2225.0 2246 2204 0.666666666667 1 0 0.000298091375503 0.000449236298293 0.0 2 1
2046.0 2046 2046 0.0 0 0 0.0 0.0 0.0 0 1
2176.71428571 2256 2090 0.857142857143 1 0 0.000391215788763 0.000471031559114 0.0 6 1
2072.0 2075 2069 0.0 0 0 0.0 0.0 0.0 1 1
2051.0 2051 2051 0.0 0 0 0.0 0.0 0.0 0 1
1998.0 1998 1998 0.0 0 0 0.0 0.0 0.0 0 1
2007.66666667 2040 1949 1.0 2 0 0.000490277473627 0.000979431929481 0.0 2 1
1969.0 1969 1969 0.0 0 0 0.0 0.0 0.0 0 1
2193.75 2223 2173 0.25 1 0 0.000114995400184 0.000459981600736 0.0 3 1
2010.0 2010 2010 0.0 0 0 0.0 0.0 0.0 0 1
2106.0 2127 2071 0.0 0 0 0.0 0.0 0.0 2 1
2126.0 2126 2126 0.0 0 0 0.0 0.0 0.0 0 1
2010.75 2037 1990 0.75 1 0 0.000371549570088 0.000498256103637 0.0 3 1
2047.33333333 2098 1969 0.666666666667 1 0 0.000319370969997 0.000481695568401 0.0 2 1
2059.0 2070 2042 0.666666666667 2 0 0.000326157860404 0.000978473581213 0.0 2 1
2125.66666667 2154 2080 1.0 2 0 0.000464687231745 0.000927643784787 0.0 2 1
2175.0 2175 2175 0.0 0 0 0.0 0.0 0.0 0 1
2107.75 2164 2075 1.5 3 0 0.000703136624689 0.00138440239963 0.0 3 1
2080.5 2101 2060 0.5 1 0 0.000242600679282 0.000485201358564 0.0 1 1
2029.5 2055 2004 0.0 0 0 0.0 0.0 0.0 1 1
2249.5 2254 2245 0.5 1 0 0.000221729490022 0.000443458980044 0.0 1 1
1993.66666667 2036 1945 0.8 2 0 0.000402056686219 0.0010272213662 0.0 14 1
2031.36 2233 1900 2.72 10 0 0.00134000054408 0.00498256103637 0.0 24 1
2201.0 2201 2201 0.0 0 0 0.0 0.0 0.0 0 1
1946.25 1977 1928 0.5 1 0 0.000257599244057 0.000515463917526 0.0 3 1
2107.0 2107 2107 0.0 0 0 0.0 0.0 0.0 0 1
2101.5 2105 2098 1.0 2 0 0.00047460844803 0.000949216896061 0.0 1 1
2038.0 2083 2001 1.42857142857 5 0 0.000700877004021 0.00244977951984 0.0 6 1
2065.0 2065 2065 0.0 0 0 0.0 0.0 0.0 0 1
2118.0 2118 2118 0.0 0 0 0.0 0.0 0.0 0 1
2041.0 2100 1977 1.0 2 0 0.000479998190323 0.000951474785918 0.0 2 1
1952.8 2051 1831 1.4 3 0 0.000707370572706 0.0014605647517 0.0 4 1
2166.3 2288 2012 1.1 2 0 0.000498957615158 0.000903750564844 0.0 9 1
2192.42857143 2259 2135 1.0 2 0 0.00045264228189 0.000925925925926 0.0 6 1
1931.83333333 2044 1835 1.0 3 0 0.000511119343058 0.0015143866734 0.0 11 1
2050.0 2050 2050 0.0 0 0 0.0 0.0 0.0 0 1
2001.0 2030 1967 0.5 1 0 0.000248657115563 0.000502260170768 0.0 3 1
2066.0 2066 2066 0.0 0 0 0.0 0.0 0.0 0 1
2066.0 2066 2066 0.0 0 0 0.0 0.0 0.0 0 1
1906.18181818 2032 1854 1.45454545455 3 0 0.000764335070709 0.00160599571734 0.0 10 1
2109.0 2109 2109 0.0 0 0 0.0 0.0 0.0 0 1
2223.0 2223 2223 0.0 0 0 0.0 0.0 0.0 0 1
2192.0 2192 2192 0.0 0 0 0.0 0.0 0.0 0 1
2176.0 2176 2176 0.0 0 0 0.0 0.0 0.0 0 1
2174.0 2174 2174 0.0 0 0 0.0 0.0 0.0 0 1
1999.0 1999 1999 0.0 0 0 0.0 0.0 0.0 0 1
2018.5 2037 2000 0.0 0 0 0.0 0.0 0.0 1 1
2018.0 2018 2018 0.0 0 0 0.0 0.0 0.0 0 1
2080.0 2107 2019 0.75 2 0 0.000357540575008 0.000954198473282 0.0 3 1
2111.0 2152 2070 0.333333333333 1 0 0.000154822727976 0.000464468183929 0.0 2 1
2065.0 2065 2065 0.0 0 0 0.0 0.0 0.0 0 1
1840.0 1868 1812 0.5 1 0 0.000267522739433 0.000535045478866 0.0 1 1
2059.75 2085 2026 1.0 2 0 0.000481711136888 0.000958313368471 0.0 3 1
1986.625 2061 1921 2.625 6 0 0.00131880306713 0.00302724520686 0.0 7 1
1977.0 2019 1935 1.0 2 0 0.000494804552202 0.000989609104404 0.0 1 1
2129.0 2129 2129 0.0 0 0 0.0 0.0 0.0 1 1
2061.0 2100 2039 0.0 0 0 0.0 0.0 0.0 2 1
2070.0 2070 2070 0.0 0 0 0.0 0.0 0.0 0 1
1950.0 1966 1934 0.5 1 0 0.000254194204372 0.000508388408744 0.0 1 1
2077.0 2106 2048 0.5 1 0 0.000237304224015 0.00047460844803 0.0 1 1
2068.11111111 2122 2004 1.22222222222 3 0 0.000590217677828 0.00143472022956 0.0 8 1
1962.66666667 2002 1928 0.666666666667 1 0 0.000342955946832 0.000518403317781 0.0 2 1
2002.5 2131 1916 1.0 3 0 0.000478672090853 0.00140581068416 0.0 5 1
2132.0 2132 2132 0.0 0 0 0.0 0.0 0.0 0 1
2064.5 2089 2040 0.5 1 0 0.000239234449761 0.000478468899522 0.0 1 1
2049.875 2116 1970 2.125 4 0 0.001033156435 0.00192957067053 0.0 7 1
1985.0 1985 1985 0.0 0 0 0.0 0.0 0.0 0 1
2103.0 2103 2103 0.0 0 0 0.0 0.0 0.0 0 1
2077.0 2135 2024 0.333333333333 1 0 0.000160797555877 0.000482392667631 0.0 2 1
2150.0 2150 2150 0.0 0 0 0.0 0.0 0.0 0 1
2134.0 2134 2134 0.0 0 0 0.0 0.0 0.0 0 1
2009.0 2009 2009 0.0 0 0 0.0 0.0 0.0 0 1
2109.61538462 2233 2033 1.23076923077 3 0 0.000581297105385 0.00145560407569 0.0 12 1
2045.0 2083 2021 0.6 2 0 0.000293405432176 0.000974658869396 0.0 4 1
2231.0 2239 2217 0.666666666667 2 0 0.000297486241261 0.000892458723784 0.0 2 1
2059.0 2059 2059 0.0 0 0 0.0 0.0 0.0 0 1
1997.5 2013 1982 0.0 0 0 0.0 0.0 0.0 1 1
2142.66666667 2183 2100 0.333333333333 1 0 0.000152625152625 0.000457875457875 0.0 2 1
1981.0 2008 1954 1.0 2 0 0.000511247443763 0.00102249488753 0.0 1 1
2003.0 2003 2003 0.0 0 0 0.0 0.0 0.0 0 1
2045.81818182 2189 1949 1.81818181818 3 0 0.00088000515977 0.00148367952522 0.0 10 1
1874.75 1924 1848 1.5 3 0 0.000795883139169 0.00160427807487 0.0 3 1
2171.0 2212 2130 0.5 1 0 0.000225937641211 0.000451875282422 0.0 1 1
2007.0 2007 2007 0.0 0 0 0.0 0.0 0.0 0 1
2005.5 2024 1987 0.0 0 0 0.0 0.0 0.0 1 1
2028.6 2073 2002 1.2 2 0 0.000588245466769 0.000990099009901 0.0 4 1
2126.0 2126 2126 0.0 0 0 0.0 0.0 0.0 0 1
2090.0 2110 2070 0.0 0 0 0.0 0.0 0.0 1 1
2108.0 2108 2108 0.0 0 0 0.0 0.0 0.0 0 1
2000.2 2037 1945 0.4 1 0 0.000198035526789 0.0004995004995 0.0 4 1
1999.0 2015 1990 1.33333333333 3 0 0.000666597048176 0.0015037593985 0.0 2 1
2118.33333333 2133 2098 1.66666666667 4 0 0.000790517711074 0.00190294957184 0.0 2 1
2144.0 2152 2136 0.5 1 0 0.000232234091965 0.000464468183929 0.0 1 1
2094.0 2094 2094 0.0 0 0 0.0 0.0 0.0 0 1
1866.7 2019 1771 1.3 2 0 0.000697511962439 0.00111794298491 0.0 9 1
2163.0 2163 2163 0.0 0 0 0.0 0.0 0.0 0 1
2114.66666667 2153 2077 0.333333333333 1 0 0.000160410651267 0.000481231953802 0.0 2 1
2099.0 2099 2099 0.0 0 0 0.0 0.0 0.0 0 1
1962.0 1976 1948 0.0 0 0 0.0 0.0 0.0 1 1
2013.0 2013 2013 0.0 0 0 0.0 0.0 0.0 0 1
2024.0 2041 2007 0.5 1 0 0.000249003984064 0.000498007968127 0.0 1 1
2262.5 2286 2239 0.0 0 0 0.0 0.0 0.0 1 1
2081.66666667 2120 2058 0.333333333333 1 0 0.000161186331399 0.000483558994197 0.0 2 1
2045.66666667 2115 2011 0.666666666667 1 0 0.000323202561568 0.000497017892644 0.0 2 1
2110.0 2110 2110 0.0 0 0 0.0 0.0 0.0 0 1
2109.5 2117 2102 0.0 0 0 0.0 0.0 0.0 1 1
2016.85714286 2054 1954 0.857142857143 2 0 0.000428314339929 0.00102249488753 0.0 6 1
2010.0 2010 2010 0.0 0 0 0.0 0.0 0.0 0 1
2079.0 2079 2079 0.0 0 0 0.0 0.0 0.0 0 1
1973.14285714 2027 1908 0.714285714286 1 0 0.000360935422537 0.000523834468308 0.0 6 1
2104.0 2104 2104 0.0 0 0 0.0 0.0 0.0 0 1
2240.0 2240 2240 0.0 0 0 0.0 0.0 0.0 0 1
2087.66666667 2123 2051 0.0 0 0 0.0 0.0 0.0 2 1
2055.0 2055 2055 0.0 0 0 0.0 0.0 0.0 0 1
2120.0 2120 2120 0.0 0 0 0.0 0.0 0.0 0 1
2160.0 2168 2152 0.5 1 0 0.000230520977409 0.000461041954818 0.0 1 1
1970.0 1970 1970 0.0 0 0 0.0 0.0 0.0 0 1
2096.0 2096 2096 0.0 0 0 0.0 0.0 0.0 0 1
1957.1 2034 1853 0.7 2 0 0.00036367734533 0.0010781671159 0.0 9 1
2038.33333333 2093 1997 0.666666666667 1 0 0.000323712778138 0.000493583415597 0.0 2 1
2067.0 2067 2067 0.0 0 0 0.0 0.0 0.0 0 1
1984.85714286 2048 1867 1.57142857143 4 0 0.000776526020347 0.00195217179112 0.0 6 1
2152.5 2197 2108 0.5 1 0 0.000227479526843 0.000454959053685 0.0 1 1
1998.0 2014 1982 0.0 0 0 0.0 0.0 0.0 1 1
1982.0 1982 1982 0.0 0 0 0.0 0.0 0.0 0 1
2051.0 2077 2036 0.666666666667 1 0 0.000324049990164 0.000490918016691 0.0 2 1
1958.0 1958 1958 0.0 0 0 0.0 0.0 0.0 0 1
2128.33333333 2177 2088 1.0 2 0 0.000472024873939 0.000956937799043 0.0 2 1
2017.0 2035 1999 0.5 1 0 0.00025 0.0005 0.0 1 1
2042.0 2042 2042 0.0 0 0 0.0 0.0 0.0 0 1
2033.57142857 2086 2012 0.571428571429 1 0 0.000279266949051 0.000496277915633 0.0 6 1
2124.66666667 2145 2112 0.0 0 0 0.0 0.0 0.0 2 1
2110.66666667 2153 2074 0.333333333333 1 0 0.00015475085113 0.000464252553389 0.0 2 1
2095.0 2126 2064 0.5 1 0 0.000242130750605 0.000484261501211 0.0 1 1
1966.0 1966 1966 0.0 0 0 0.0 0.0 0.0 0 1
1983.5 2014 1954 1.5 3 0 0.000751288668951 0.00150829562594 0.0 3 1
2252.0 2252 2252 0.0 0 0 0.0 0.0 0.0 0 1
2112.75 2175 2054 1.125 3 0 0.000525874359768 0.00137867647059 0.0 7 1
2003.5 2064 1943 0.5 1 0 0.000242130750605 0.000484261501211 0.0 1 1
1927.0 1927 1927 0.0 0 0 0.0 0.0 0.0 0 1
2173.0 2173 2173 0.0 0 0 0.0 0.0 0.0 0 1
2153.85714286 2230 2094 0.714285714286 1 0 0.000328512343713 0.000477326968974 0.0 6 1
2090.5 2102 2079 0.5 1 0 0.000240384615385 0.000480769230769 0.0 1 1
1986.0 2017 1955 0.5 1 0 0.000247770069376 0.000495540138751 0.0 1 1
1880.0 1880 1880 0.0 0 0 0.0 0.0 0.0 0 1
2129.66666667 2150 2109 1.0 2 0 0.000470673317743 0.00093808630394 0.0 2 1
2061.0 2061 2061 0.0 0 0 0.0 0.0 0.0 0 1
2179.75 2235 2121 1.0 2 0 0.00045948049576 0.000942063118229 0.0 3 1
2022.0 2022 2022 0.0 0 0 0.0 0.0 0.0 0 1
2164.0 2225 2117 0.75 2 0 0.000345930139973 0.000911577028259 0.0 3 1
1991.33333333 2076 1909 1.11111111111 2 0 0.000563359345678 0.00103412616339 0.0 8 1
2017.0 2017 2017 0.0 0 0 0.0 0.0 0.0 0 1
2013.94736842 2117 1869 1.31578947368 4 0 0.000649252465218 0.00199900049975 0.0 18 1
2047.0 2047 2047 0.0 0 0 0.0 0.0 0.0 0 1
2054.5 2074 2035 0.5 1 0 0.000240963855422 0.000481927710843 0.0 1 1
2099.0 2099 2099 0.0 0 0 0.0 0.0 0.0 0 1
2040.33333333 2101 2010 0.0 0 0 0.0 0.0 0.0 2 1
1965.66666667 2006 1915 0.666666666667 1 0 0.00033893571949 0.000521920668058 0.0 5 1
1941.125 2016 1888 1.875 4 0 0.00096197381324 0.00207576543851 0.0 7 1
1953.66666667 2016 1821 0.0 0 0 0.0 0.0 0.0 5 1
2049.5 2094 1966 0.75 2 0 0.000363056138543 0.000960614793468 0.0 7 1
2050.0 2050 2050 0.0 0 0 0.0 0.0 0.0 0 1
2133.0 2133 2133 0.0 0 0 0.0 0.0 0.0 0 1
1987.0 1987 1987 0.0 0 0 0.0 0.0 0.0 0 1
1957.66666667 2013 1898 0.333333333333 1 0 0.000165508109897 0.000496524329692 0.0 2 1
2071.0 2071 2071 0.0 0 0 0.0 0.0 0.0 0 1
1987.66666667 2008 1961 0.333333333333 1 0 0.000167084377611 0.000501253132832 0.0 2 1
1958.5 1966 1951 0.5 1 0 0.000256147540984 0.000512295081967 0.0 1 1
2061.875 2133 2013 0.375 2 0 0.000179875784814 0.000970402717128 0.0 7 1
1745.68421053 1876 1610 1.36842105263 4 0 0.0007723386 0.00212765957447 0.0 18 1
2189.0 2189 2189 0.0 0 0 0.0 0.0 0.0 0 1
2011.11111111 2048 1951 1.44444444444 3 0 0.000713822920433 0.00148148148148 0.0 8 1
2000.0 2088 1899 0.6 1 0 0.000299292171081 0.000508905852417 0.0 4 1
2063.8 2087 2036 0.4 1 0 0.000193202320294 0.000486854917235 0.0 4 1
2049.66666667 2060 2040 0.333333333333 1 0 0.000161733786188 0.000485201358564 0.0 2 1
2209.0 2209 2209 0.0 0 0 0.0 0.0 0.0 0 1
2237.0 2237 2237 0.0 0 0 0.0 0.0 0.0 0 1
2124.0 2124 2124 0.0 0 0 0.0 0.0 0.0 0 1
2068.0 2068 2068 0.0 0 0 0.0 0.0 0.0 0 1
2237.0 2237 2237 0.0 0 0 0.0 0.0 0.0 0 1
2032.5 2093 1972 0.5 1 0 0.000238777459408 0.000477554918816 0.0 1 1
1941.25 2016 1884 0.75 1 0 0.000386307789733 0.00053050397878 0.0 3 1
2097.66666667 2141 2064 0.666666666667 1 0 0.000320986480937 0.000484261501211 0.0 2 1
2054.0 2054 2054 0.0 0 0 0.0 0.0 0.0 0 1
1983.33333333 2022 1960 0.666666666667 1 0 0.000334062463153 0.000507872016252 0.0 2 1
2115.71428571 2175 2056 1.14285714286 2 0 0.000538407518173 0.000937646507267 0.0 6 1
1977.0 1993 1961 0.0 0 0 0.0 0.0 0.0 1 1
2087.0 2087 2087 0.0 0 0 0.0 0.0 0.0 0 1
2169.5 2214 2125 0.5 1 0 0.000225733634312 0.000451467268623 0.0 1 1
2158.0 2158 2158 0.0 0 0 0.0 0.0 0.0 0 1
2150.5 2185 2116 0.0 0 0 0.0 0.0 0.0 1 1
2015.54545455 2139 1899 1.27272727273 4 0 0.000608170470426 0.0018779342723 0.0 10 1
2196.0 2196 2196 0.0 0 0 0.0 0.0 0.0 0 1
1985.73333333 2165 1847 1.53333333333 4 0 0.000777162804897 0.00209973753281 0.0 14 1
1993.0 1993 1993 0.0 0 0 0.0 0.0 0.0 0 1
2006.66666667 2080 1945 1.0 2 0 0.000487205599159 0.000960614793468 0.0 2 1
1965.0 1965 1965 0.0 0 0 0.0 0.0 0.0 0 1
1954.2 1984 1927 0.2 1 0 0.000103734439834 0.00051867219917 0.0 4 1
2085.0 2085 2085 0.0 0 0 0.0 0.0 0.0 0 1
2017.0 2017 2017 0.0 0 0 0.0 0.0 0.0 0 1
2229.75 2343 2145 1.0 2 0 0.000442979894125 0.00088573959256 0.0 3 1
2038.0 2059 2017 0.5 1 0 0.000242718446602 0.000485436893204 0.0 1 1
1930.0 1967 1893 0.5 1 0 0.00025406504065 0.000508130081301 0.0 1 1
2141.0 2141 2141 0.0 0 0 0.0 0.0 0.0 0 1
1953.0 1953 1953 0.0 0 0 0.0 0.0 0.0 0 1
2080.66666667 2164 2036 1.33333333333 2 0 0.000653275950035 0.000981354268891 0.0 2 1
2093.66666667 2159 2045 0.666666666667 1 0 0.000314731638922 0.000481231953802 0.0 2 1
2000.0 2000 2000 0.0 0 0 0.0 0.0 0.0 0 1
2167.0 2167 2167 0.0 0 0 0.0 0.0 0.0 0 1
2078.0 2101 2055 0.5 1 0 0.00023786869648 0.000475737392959 0.0 1 1
2014.0 2071 1957 0.5 1 0 0.000241312741313 0.000482625482625 0.0 1 1
2065.33333333 2097 2024 1.0 2 0 0.000482220614559 0.000952834683182 0.0 2 1
2056.5 2095 2018 0.5 1 0 0.000238549618321 0.000477099236641 0.0 1 1
1945.0 1945 1945 0.0 0 0 0.0 0.0 0.0 0 1
2063.0 2069 2057 0.5 1 0 0.00024154589372 0.00048309178744 0.0 1 1
2121.0 2126 2116 0.0 0 0 0.0 0.0 0.0 1 1
2096.66666667 2168 1972 0.0 0 0 0.0 0.0 0.0 2 1
1953.0 1980 1934 1.33333333333 3 0 0.000684527447162 0.00154878678369 0.0 2 1
1948.5 2000 1897 1.0 2 0 0.0004995004995 0.000999000999001 0.0 1 1
2098.5 2142 2055 0.5 1 0 0.000233317778815 0.000466635557629 0.0 1 1
1853.42105263 1968 1761 1.47368421053 4 0 0.000794957177559 0.00215517241379 0.0 18 1
1830.69230769 1954 1677 0.769230769231 2 0 0.00041842028673 0.00110192837466 0.0 12 1
2047.0 2047 2047 0.0 0 0 0.0 0.0 0.0 0 1
2002.0 2002 2002 0.0 0 0 0.0 0.0 0.0 0 1
2181.5 2187 2176 0.0 0 0 0.0 0.0 0.0 1 1
2044.0 2075 1998 0.666666666667 1 0 0.000327315231154 0.000500250125063 0.0 2 1
2051.0 2051 2051 0.0 0 0 0.0 0.0 0.0 0 1
2066.0 2066 2066 0.0 0 0 0.0 0.0 0.0 0 1
2180.0 2180 2180 0.0 0 0 0.0 0.0 0.0 0 1
2047.5 2076 2019 0.5 1 0 0.000240731824747 0.000481463649494 0.0 1 1
2031.0 2031 2031 0.0 0 0 0.0 0.0 0.0 0 1
2058.0 2058 2058 0.0 0 0 0.0 0.0 0.0 0 1
2009.0 2009 2009 0.0 0 0 0.0 0.0 0.0 0 1
2128.0 2208 2079 0.8 2 0 0.000375604497089 0.000961076405574 0.0 4 1
2091.0 2093 2088 0.666666666667 1 0 0.000318827009359 0.000478697941599 0.0 2 1
2200.0 2200 2200 0.0 0 0 0.0 0.0 0.0 0 1
2096.33333333 2151 2030 0.333333333333 1 0 0.000158052789632 0.000474158368895 0.0 2 1
1937.90909091 2092 1850 1.27272727273 3 0 0.000647446809994 0.00152052711607 0.0 10 1
2082.76923077 2188 1976 1.53846153846 3 0 0.000745686030675 0.00151591712986 0.0 12 1
1991.0 2026 1972 1.0 2 0 0.000506158720197 0.00101163378857 0.0 2 1
2048.6 2108 2019 1.0 2 0 0.000487306023843 0.000989609104404 0.0 4 1
2055.0 2055 2055 0.0 0 0 0.0 0.0 0.0 0 1
2088.0 2088 2088 0.0 0 0 0.0 0.0 0.0 0 1
1959.0 1959 1959 0.0 0 0 0.0 0.0 0.0 0 1
2112.5 2169 2056 0.5 1 0 0.000230414746544 0.000460829493088 0.0 1 1
2077.0 2085 2069 0.5 1 0 0.000239693192713 0.000479386385427 0.0 1 1
1916.0 1922 1910 0.5 1 0 0.000260010400416 0.000520020800832 0.0 1 1
2148.0 2214 2082 1.0 2 0 0.000451263537906 0.000902527075812 0.0 1 1
1950.0 1950 1950 0.0 0 0 0.0 0.0 0.0 0 1
2013.0 2013 2013 0.0 0 0 0.0 0.0 0.0 0 1
2057.75 2093 2019 0.5 1 0 0.000240395506083 0.000484027105518 0.0 3 1
2104.0 2104 2104 0.0 0 0 0.0 0.0 0.0 0 1
1972.2 1995 1939 0.2 1 0 0.000101419878296 0.000507099391481 0.0 4 1
1978.5 1986 1971 0.0 0 0 0.0 0.0 0.0 1 1
2060.64285714 2163 1944 0.857142857143 2 0 0.000409871776345 0.000989609104404 0.0 13 1
2063.0 2063 2063 0.0 0 0 0.0 0.0 0.0 0 1
2215.0 2215 2215 0.0 0 0 0.0 0.0 0.0 0 1
2219.5 2238 2201 1.0 2 0 0.000453926463913 0.000907852927826 0.0 1 1
2036.5 2056 2017 0.5 1 0 0.000243072435586 0.000486144871172 0.0 1 1
2123.0 2154 2072 0.666666666667 1 0 0.000310151677806 0.000466417910448 0.0 2 1
1943.5 1964 1923 0.5 1 0 0.000254452926209 0.000508905852417 0.0 1 1
2000.0 2073 1903 0.75 1 0 0.000369033688438 0.00050735667174 0.0 3 1
2042.5 2060 2025 1.0 2 0 0.000493339911199 0.000986679822398 0.0 1 1
1988.0 1988 1988 0.0 0 0 0.0 0.0 0.0 0 1
1952.0 1988 1916 0.5 1 0 0.000260824204486 0.000521648408972 0.0 1 1
2123.0 2150 2107 0.666666666667 1 0 0.000312720271057 0.000473260766682 0.0 2 1
2108.0 2148 2042 1.0 2 0 0.000475314158831 0.00093896713615 0.0 3 1
1920.33333333 1988 1830 0.5 1 0 0.00026722080099 0.000546149645003 0.0 5 1
1932.0 1932 1932 0.0 0 0 0.0 0.0 0.0 0 1
2113.0 2114 2112 1.0 2 0 0.00047258979206 0.000945179584121 0.0 1 1
2118.0 2156 2090 1.0 2 0 0.000466980809403 0.000926784059314 0.0 2 1
1986.8 2029 1946 0.8 2 0 0.000399619478201 0.000984736582964 0.0 4 1
2058.14285714 2168 1946 0.714285714286 2 0 0.000349911720304 0.00102669404517 0.0 6 1
2138.0 2177 2099 0.5 1 0 0.000238095238095 0.00047619047619 0.0 1 1
2026.0 2031 2021 1.0 2 0 0.000494315373208 0.000988630746416 0.0 1 1
2177.66666667 2201 2144 0.666666666667 1 0 0.00030365406976 0.000456829602558 0.0 2 1
2160.0 2160 2160 0.0 0 0 0.0 0.0 0.0 0 1
2093.0 2093 2093 0.0 0 0 0.0 0.0 0.0 0 1
2085.25 2124 2045 0.75 1 0 0.000357257088047 0.000484730974309 0.0 3 1
2005.2 2093 1965 1.0 2 0 0.000501193104975 0.00101677681749 0.0 4 1
2119.0 2119 2119 0.0 0 0 0.0 0.0 0.0 0 1
2035.5 2041 2024 1.25 2 0 0.000614259342172 0.000987166831194 0.0 3 1
2212.66666667 2258 2181 1.0 2 0 0.000452948052381 0.000916170407696 0.0 2 1
1976.4 2055 1921 1.06666666667 2 0 0.000541692384688 0.00104004160166 0.0 14 1
2001.0 2051 1943 1.71428571429 3 0 0.000855366158638 0.00154162384378 0.0 6 1
2070.0 2070 2070 0.0 0 0 0.0 0.0 0.0 0 1
2031.0 2031 2031 0.0 0 0 0.0 0.0 0.0 0 1
2030.0 2050 2012 0.0 0 0 0.0 0.0 0.0 2 1
1881.75 1963 1835 1.66666666667 3 0 0.000884381360813 0.00159489633174 0.0 11 1
2054.0 2079 2029 0.5 1 0 0.000240384615385 0.000480769230769 0.0 1 1
2036.2 2136 1957 0.0 0 0 0.0 0.0 0.0 4 1
2080.0 2085 2075 0.0 0 0 0.0 0.0 0.0 1 1
2244.0 2244 2244 0.0 0 0 0.0 0.0 0.0 0 1
2094.5 2118 2072 0.25 1 0 0.00011798017933 0.000471920717319 0.0 3 1
2061.5 2086 2037 0.5 1 0 0.000239578342118 0.000479156684236 0.0 1 1
2159.0 2159 2159 0.0 0 0 0.0 0.0 0.0 0 1
1965.0 1990 1940 0.0 0 0 0.0 0.0 0.0 2 1
2112.0 2112 2112 0.0 0 0 0.0 0.0 0.0 0 1
2090.0 2090 2090 0.0 0 0 0.0 0.0 0.0 0 1
2050.0 2050 2050 0.0 0 0 0.0 0.0 0.0 0 1
2075.0 2075 2075 0.0 0 0 0.0 0.0 0.0 0 1
2141.0 2141 2141 0.0 0 0 0.0 0.0 0.0 0 1
2141.0 2141 2141 0.0 0 0 0.0 0.0 0.0 0 1
2106.0 2148 2053 0.8 1 0 0.000377354981794 0.000479156684236 0.0 4 1
2032.5 2044 2021 0.0 0 0 0.0 0.0 0.0 1 1
2176.0 2176 2176 0.0 0 0 0.0 0.0 0.0 0 1
2119.0 2119 2119 0.0 0 0 0.0 0.0 0.0 0 1
2063.0 2063 2063 0.0 0 0 0.0 0.0 0.0 0 1
1992.0 1992 1992 0.0 0 0 0.0 0.0 0.0 1 1
2019.0 2019 2019 0.0 0 0 0.0 0.0 0.0 0 1
2071.6 2175 1984 1.2 3 0 0.000594538316945 0.00150981378963 0.0 4 1
2140.66666667 2161 2103 0.333333333333 1 0 0.000154178230034 0.000462534690102 0.0 2 1
2072.0 2072 2072 0.0 0 0 0.0 0.0 0.0 0 1
2092.0 2092 2092 0.0 0 0 0.0 0.0 0.0 0 1
2036.5 2046 2027 0.5 1 0 0.000244259892526 0.000488519785051 0.0 1 1
2078.0 2078 2078 0.0 0 0 0.0 0.0 0.0 0 1
1949.2 1984 1913 0.8 2 0 0.00041014062806 0.00103199174407 0.0 4 1
2184.0 2184 2184 0.0 0 0 0.0 0.0 0.0 0 1
1962.71428571 2001 1919 0.857142857143 2 0 0.000437545083604 0.00101317122594 0.0 6 1
1984.5 2042 1927 0.5 1 0 0.000244738130201 0.000489476260401 0.0 1 1
2020.0 2020 2020 0.0 0 0 0.0 0.0 0.0 0 1
2105.0 2105 2105 0.0 0 0 0.0 0.0 0.0 0 1
2088.41666667 2136 2032 1.75 4 0 0.000833229117064 0.00194174757282 0.0 11 1
2079.0 2079 2079 0.0 0 0 0.0 0.0 0.0 0 1
1952.0 1952 1952 0.0 0 0 0.0 0.0 0.0 0 1
2072.0 2072 2072 0.0 0 0 0.0 0.0 0.0 0 1
2079.0 2083 2075 0.5 1 0 0.000239923224568 0.000479846449136 0.0 1 1
2131.33333333 2187 2100 0.0 0 0 0.0 0.0 0.0 2 1
2014.6 2054 1964 0.6 2 0 0.000292687956072 0.000972762645914 0.0 4 1
1975.0 1975 1975 0.0 0 0 0.0 0.0 0.0 0 1
2081.0 2124 2038 0.0 0 0 0.0 0.0 0.0 1 1
2223.0 2223 2223 0.0 0 0 0.0 0.0 0.0 0 1
2065.0 2095 2035 0.5 1 0 0.000238549618321 0.000477099236641 0.0 1 1
2097.9 2246 1898 1.3 3 0 0.000602260850649 0.00138440239963 0.0 9 1
2166.0 2166 2166 0.0 0 0 0.0 0.0 0.0 0 1
