1956.5 1992 1921 0.5 1 0 0.000250878073256 0.000501756146513 0.0 1 1
2043.0 2107 1998 0.333333333333 1 0 0.000158127767236 0.000474383301708 0.0 2 1
2236.66666667 2253 2224 0.333333333333 1 0 0.000149812734082 0.000449438202247 0.0 2 1
2207.0 2207 2207 0.0 0 0 0.0 0.0 0.0 0 1
2088.0 2104 2072 0.5 1 0 0.000237529691211 0.000475059382423 0.0 1 1
2361.0 2361 2361 0.0 0 0 0.0 0.0 0.0 0 1
1989.83333333 2171 1855 0.916666666667 2 0 0.000458822936662 0.00106382978723 0.0 11 1
2063.5 2086 2041 0.5 1 0 0.000239578342118 0.000479156684236 0.0 1 1
1941.0 1947 1935 0.5 1 0 0.000256673511294 0.000513347022587 0.0 1 1
2260.2 2296 2210 1.8 4 0 0.000796436104321 0.00177304964539 0.0 4 1
1907.5 1930 1885 0.5 1 0 0.000258933195236 0.000517866390471 0.0 1 1
2032.5 2111 1992 0.75 2 0 0.000360761465764 0.000946521533365 0.0 3 1
1960.75 2039 1936 0.75 2 0 0.000381282714896 0.00102616726526 0.0 7 1
2179.0 2179 2179 0.0 0 0 0.0 0.0 0.0 0 1
2044.0 2044 2044 0.0 0 0 0.0 0.0 0.0 0 1
2044.30434783 2270 1901 5.52173913043 12 0 0.00268481240908 0.00594353640416 0.0 22 1
1868.0 1898 1838 0.5 1 0 0.000271886895052 0.000543773790103 0.0 1 1
2017.0 2025 2009 1.0 2 0 0.000493339911199 0.000986679822398 0.0 1 1
2059.0 2059 2059 0.0 0 0 0.0 0.0 0.0 0 1
2051.0 2051 2051 0.0 0 0 0.0 0.0 0.0 0 1
2082.0 2082 2082 0.0 0 0 0.0 0.0 0.0 0 1
1924.75 1954 1877 0.75 2 0 0.000387664255127 0.00103466114847 0.0 3 1
1975.0 1977 1973 1.0 2 0 0.000506329113924 0.00101265822785 0.0 1 1
2076.0 2076 2076 0.0 0 0 0.0 0.0 0.0 0 1
2125.5 2128 2123 0.5 1 0 0.000235404896422 0.000470809792844 0.0 1 1
2154.0 2206 2102 0.0 0 0 0.0 0.0 0.0 1 1
2126.0 2132 2120 0.5 1 0 0.000234411626817 0.000468823253633 0.0 1 1
2089.0 2089 2089 0.0 0 0 0.0 0.0 0.0 0 1
2071.0 2071 2071 0.0 0 0 0.0 0.0 0.0 0 1
2056.0 2056 2056 0.0 0 0 0.0 0.0 0.0 0 1
2016.5 2039 1994 0.0 0 0 0.0 0.0 0.0 1 1
2060.66666667 2109 1990 1.16666666667 2 0 0.000567574647757 0.00100401606426 0.0 5 1
2144.0 2161 2127 0.5 1 0 0.000231267345051 0.000462534690102 0.0 1 1
2258.33333333 2283 2234 0.0 0 0 0.0 0.0 0.0 2 1
2133.0 2134 2132 0.5 1 0 0.000234411626817 0.000468823253633 0.0 1 1
2041.8 2100 1893 0.8 2 0 0.000386146053416 0.000975609756098 0.0 4 1
2051.75 2111 1975 0.875 2 0 0.000426697158346 0.000996015936255 0.0 7 1
2089.33333333 2109 2063 0.666666666667 1 0 0.000316935123599 0.000476871721507 0.0 2 1
2080.0 2080 2080 0.0 0 0 0.0 0.0 0.0 0 1
2080.25 2105 2047 0.5 1 0 0.000239759272723 0.000482392667631 0.0 3 1
2182.0 2182 2182 0.0 0 0 0.0 0.0 0.0 0 1
1977.0 1977 1977 0.0 0 0 0.0 0.0 0.0 0 1
1912.0 2010 1797 0.363636363636 1 0 0.000191250308407 0.00055617352614 0.0 10 1
2039.6 2053 2031 1.4 3 0 0.000686810786509 0.00147275405007 0.0 4 1
1893.0 1893 1893 0.0 0 0 0.0 0.0 0.0 0 1
2112.0 2112 2112 0.0 0 0 0.0 0.0 0.0 0 1
2123.4 2196 2027 1.2 4 0 0.000560856891631 0.00186393289842 0.0 4 1
2028.125 2085 1991 0.75 2 0 0.000374851719193 0.00100351229303 0.0 7 1
1974.6 2143 1855 0.9 2 0 0.000450167925373 0.00105152471083 0.0 9 1
2049.0 2061 2037 0.5 1 0 0.000245338567223 0.000490677134446 0.0 1 1
1964.0 1964 1964 0.0 0 0 0.0 0.0 0.0 0 1
1964.0 1964 1964 0.0 0 0 0.0 0.0 0.0 0 1
1888.0 1888 1888 0.0 0 0 0.0 0.0 0.0 0 1
2156.0 2174 2138 1.0 2 0 0.000459558823529 0.000919117647059 0.0 1 1
2183.66666667 2216 2167 0.0 0 0 0.0 0.0 0.0 2 1
2095.0 2105 2085 0.5 1 0 0.000239693192713 0.000479386385427 0.0 1 1
1977.66666667 1992 1956 0.666666666667 1 0 0.000335093606407 0.000503524672709 0.0 2 1
2295.0 2295 2295 0.0 0 0 0.0 0.0 0.0 0 1
2048.0 2048 2048 0.0 0 0 0.0 0.0 0.0 0 1
2126.0 2138 2119 0.0 0 0 0.0 0.0 0.0 2 1
2095.0 2095 2095 0.0 0 0 0.0 0.0 0.0 0 1
2003.25 2052 1920 0.5 1 0 0.000252389940549 0.000520562207184 0.0 3 1
2177.0 2177 2177 0.0 0 0 0.0 0.0 0.0 0 1
2218.0 2218 2218 0.0 0 0 0.0 0.0 0.0 0 1
2127.0 2127 2127 0.0 0 0 0.0 0.0 0.0 0 1
2198.0 2198 2198 0.0 0 0 0.0 0.0 0.0 0 1
2098.0 2098 2098 0.0 0 0 0.0 0.0 0.0 0 1
2176.0 2176 2176 0.0 0 0 0.0 0.0 0.0 0 1
2081.25 2128 2042 0.75 1 0 0.000362993454423 0.000489476260401 0.0 3 1
2056.85714286 2120 1994 1.42857142857 3 0 0.000694433344756 0.00147710487445 0.0 6 1
2308.0 2308 2308 0.0 0 0 0.0 0.0 0.0 0 1
2013.875 2073 1960 1.0 3 0 0.000492531721605 0.0014450867052 0.0 7 1
2059.0 2059 2059 0.0 0 0 0.0 0.0 0.0 0 1
2058.0 2058 2058 0.0 0 0 0.0 0.0 0.0 0 1
1946.0 1946 1946 0.0 0 0 0.0 0.0 0.0 0 1
1882.5 1964 1833 0.833333333333 1 0 0.000440409232227 0.000543183052689 0.0 5 1
2213.5 2235 2192 0.5 1 0 0.000227998176015 0.000455996352029 0.0 1 1
2030.5 2094 1886 2.0 4 0 0.000974826291531 0.00195407914021 0.0 7 1
1807.66666667 1870 1754 0.333333333333 1 0 0.000178157847853 0.00053447354356 0.0 2 1
2020.0 2020 2020 0.0 0 0 0.0 0.0 0.0 0 1
2080.0 2080 2080 0.0 0 0 0.0 0.0 0.0 0 1
2103.0 2103 2103 0.0 0 0 0.0 0.0 0.0 0 1
2193.5 2195 2192 0.0 0 0 0.0 0.0 0.0 1 1
2174.0 2174 2174 0.0 0 0 0.0 0.0 0.0 0 1
2128.25 2171 2071 1.0 2 0 0.000464069499737 0.000935891436593 0.0 3 1
2109.25 2148 2078 0.0 0 0 0.0 0.0 0.0 3 1
2156.71428571 2227 2101 0.428571428571 2 0 0.000193930129686 0.000908677873694 0.0 6 1
1850.0 1850 1850 0.0 0 0 0.0 0.0 0.0 0 1
1990.0 1990 1990 0.0 0 0 0.0 0.0 0.0 0 1
1996.66666667 2012 1975 0.333333333333 1 0 0.000166333998669 0.000499001996008 0.0 2 1
2084.25 2120 2036 0.25 1 0 0.00011893434824 0.000475737392959 0.0 3 1
2060.57142857 2112 1989 0.857142857143 3 0 0.000410898045354 0.00145560407569 0.0 6 1
2002.0 2080 1934 0.75 2 0 0.000365655706399 0.000960614793468 0.0 3 1
2051.75 2090 2002 0.5 1 0 0.000241214520346 0.000486618004866 0.0 3 1
1868.0 1868 1868 0.0 0 0 0.0 0.0 0.0 0 1
2051.0 2051 2051 0.0 0 0 0.0 0.0 0.0 0 1
1937.71428571 2011 1876 1.57142857143 3 0 0.000806884791311 0.00156168662155 0.0 6 1
2001.2 2122 1903 1.6 4 0 0.00078875377661 0.00195217179112 0.0 4 1
2138.66666667 2175 2085 0.333333333333 1 0 0.00015318627451 0.000459558823529 0.0 2 1
2057.0 2113 2006 0.666666666667 1 0 0.000320042985759 0.000487092060399 0.0 2 1
2066.5 2097 2036 0.0 0 0 0.0 0.0 0.0 1 1
2219.0 2219 2219 0.0 0 0 0.0 0.0 0.0 0 1
2039.0 2039 2039 0.0 0 0 0.0 0.0 0.0 0 1
1850.0 1850 1850 0.0 0 0 0.0 0.0 0.0 0 1
2125.6 2190 2038 0.4 1 0 0.000192160674929 0.000490436488475 0.0 4 1
2281.33333333 2313 2234 0.333333333333 1 0 0.000144050705848 0.000432152117545 0.0 2 1
1936.97142857 2140 1684 4.82857142857 14 0 0.0024531369685 0.00728787090057 0.0 34 1
1981.3 2088 1912 2.1 4 0 0.0010596754146 0.00205549845838 0.0 9 1
2036.0 2036 2036 0.0 0 0 0.0 0.0 0.0 0 1
2197.0 2197 2197 0.5 1 0 0.000227479526843 0.000454959053685 0.0 1 1
1985.16666667 2046 1954 0.833333333333 2 0 0.000424618394609 0.00102249488753 0.0 5 1
2189.0 2217 2151 0.666666666667 1 0 0.000306409823138 0.00046468401487 0.0 2 1
2153.0 2153 2153 0.0 0 0 0.0 0.0 0.0 0 1
2050.0 2050 2050 0.0 0 0 0.0 0.0 0.0 0 1
2285.0 2285 2285 0.0 0 0 0.0 0.0 0.0 0 1
1980.76666667 2104 1869 2.63333333333 5 0 0.00131760413867 0.00245459008346 0.0 29 1
1941.0 1941 1941 0.0 0 0 0.0 0.0 0.0 0 1
1906.25 1967 1865 0.75 2 0 0.000384484310998 0.0010157440325 0.0 3 1
1967.0 1967 1967 0.0 0 0 0.0 0.0 0.0 0 1
2158.0 2158 2158 0.0 0 0 0.0 0.0 0.0 0 1
2093.0 2093 2093 0.0 0 0 0.0 0.0 0.0 0 1
2098.0 2098 2098 0.0 0 0 0.0 0.0 0.0 0 1
2054.0 2054 2054 0.0 0 0 0.0 0.0 0.0 0 1
2060.0 2060 2060 0.0 0 0 0.0 0.0 0.0 0 1
1933.71428571 1997 1899 0.857142857143 2 0 0.000440287493988 0.00105207785376 0.0 6 1
2007.4 2108 1924 1.8 3 0 0.000893405135266 0.0015392508979 0.0 4 1
1837.0 1837 1837 0.0 0 0 0.0 0.0 0.0 0 1
2001.875 2112 1888 2.0 4 0 0.000995714592084 0.00190566936636 0.0 15 1
2065.0 2065 2065 0.0 0 0 0.0 0.0 0.0 0 1
2083.2 2216 1957 0.4 1 0 0.000184551620837 0.000471698113208 0.0 4 1
1875.0 1875 1875 0.0 0 0 0.0 0.0 0.0 0 1
1935.0 2004 1884 0.666666666667 1 0 0.000350626804188 0.00053050397878 0.0 2 1
2143.0 2143 2143 0.0 0 0 0.0 0.0 0.0 0 1
1865.42857143 2019 1668 4.40816326531 15 0 0.00238633246173 0.00845546786922 0.0 48 1
2100.66666667 2141 2080 0.0 0 0 0.0 0.0 0.0 2 1
1965.22222222 2062 1845 1.77777777778 5 0 0.000911202689645 0.00249003984064 0.0 8 1
2100.8 2145 2043 1.0 3 0 0.00047374867155 0.00139664804469 0.0 4 1
1933.0 1933 1933 0.0 0 0 0.0 0.0 0.0 0 1
1922.63636364 2004 1787 3.09090909091 5 0 0.00159123507264 0.00266666666667 0.0 10 1
2069.0 2075 2063 0.5 1 0 0.000242248062016 0.000484496124031 0.0 1 1
2074.33333333 2110 2038 0.666666666667 1 0 0.000318468236996 0.000481695568401 0.0 2 1
2216.0 2236 2196 0.5 1 0 0.00022758306782 0.00045516613564 0.0 1 1
2080.0 2080 2080 0.0 0 0 0.0 0.0 0.0 0 1
2123.875 2185 2042 1.375 4 0 0.000640640584394 0.00182731841023 0.0 7 1
2113.75 2184 2061 0.5 1 0 0.000234840368073 0.000481695568401 0.0 3 1
2066.2 2119 2015 0.4 1 0 0.000191678560473 0.000483558994197 0.0 4 1
1910.25 1948 1854 0.75 2 0 0.000388959125051 0.00104275286757 0.0 3 1
1957.0 1957 1957 0.0 0 0 0.0 0.0 0.0 0 1
2009.0 2047 1977 0.75 1 0 0.000374151907887 0.000505561172902 0.0 3 1
2136.0 2136 2136 0.0 0 0 0.0 0.0 0.0 0 1
1932.0 1949 1915 1.0 2 0 0.000512557662737 0.00102511532547 0.0 1 1
1942.0 1983 1902 0.25 1 0 0.000126008064516 0.000504032258065 0.0 3 1
2117.0 2117 2117 0.0 0 0 0.0 0.0 0.0 0 1
2153.0 2153 2153 0.0 0 0 0.0 0.0 0.0 0 1
2055.0 2055 2055 0.0 0 0 0.0 0.0 0.0 0 1
2257.5 2295 2220 1.0 2 0 0.0004500450045 0.000900090009001 0.0 1 1
2125.0 2125 2125 0.0 0 0 0.0 0.0 0.0 0 1
2074.0 2074 2074 0.0 0 0 0.0 0.0 0.0 0 1
2005.25 2022 1974 1.25 2 0 0.000618881539028 0.000988630746416 0.0 3 1
1827.29861111 2119 1588 12.5902777778 37 0 0.00691037460858 0.0198711063373 0.0 143 1
2124.0 2131 2117 0.0 0 0 0.0 0.0 0.0 1 1
2241.0 2241 2241 0.0 0 0 0.0 0.0 0.0 0 1
2017.92857143 2147 1874 2.07142857143 8 0 0.00099936491527 0.00386473429952 0.0 13 1
1951.0 1951 1951 0.0 0 0 0.0 0.0 0.0 0 1
2006.21428571 2176 1929 2.10714285714 5 0 0.00104582279436 0.00255754475703 0.0 27 1
2114.0 2123 2105 0.5 1 0 0.000235404896422 0.000470809792844 0.0 1 1
2177.66666667 2260 2135 1.33333333333 3 0 0.000608946114955 0.00139211136891 0.0 5 1
2142.66666667 2269 2030 0.555555555556 1 0 0.000255474991291 0.000478011472275 0.0 8 1
2074.2 2187 1959 1.1 2 0 0.000538566778838 0.00101988781234 0.0 9 1
2041.0 2105 1981 0.5 1 0 0.00023861252878 0.000479616306954 0.0 3 1
1990.33333333 2078 1917 0.666666666667 1 0 0.000328939125095 0.000505816894284 0.0 2 1
2117.28571429 2176 2037 1.0 2 0 0.000464804119336 0.000937207122774 0.0 6 1
2090.0 2090 2090 0.0 0 0 0.0 0.0 0.0 0 1
2046.5 2066 2027 0.5 1 0 0.000241896468312 0.000483792936623 0.0 1 1
2178.0 2178 2178 0.0 0 0 0.0 0.0 0.0 0 1
1968.83333333 2050 1883 1.08333333333 3 0 0.000554510303014 0.0015690376569 0.0 11 1
2068.0 2068 2068 0.0 0 0 0.0 0.0 0.0 0 1
2036.0 2127 1976 1.0 3 0 0.000493100764635 0.00151591712986 0.0 5 1
2094.14285714 2166 1962 1.28571428571 3 0 0.000602293834717 0.00142585551331 0.0 6 1
2134.0 2134 2134 0.0 0 0 0.0 0.0 0.0 0 1
2042.5 2069 2016 1.0 2 0 0.000482858522453 0.000965717044906 0.0 1 1
1996.83333333 2035 1926 0.833333333333 2 0 0.000416816006827 0.00102354145343 0.0 5 1
2073.0 2073 2073 0.0 0 0 0.0 0.0 0.0 0 1
2004.33333333 2011 1992 0.666666666667 1 0 0.000333007062927 0.000501756146513 0.0 2 1
2176.6 2272 2052 0.8 2 0 0.000359874019606 0.000917431192661 0.0 9 1
2082.6 2161 2004 0.6 1 0 0.000282462170266 0.000483792936623 0.0 4 1
1966.0 1966 1966 0.0 0 0 0.0 0.0 0.0 0 1
2090.0 2090 2090 0.0 0 0 0.0 0.0 0.0 0 1
1775.04 2037 1641 1.32 4 0 0.000750426056336 0.00235849056604 0.0 24 1
2083.09090909 2154 2047 1.0 2 0 0.000479874409835 0.000967117988395 0.0 10 1
2010.0 2010 2010 0.0 0 0 0.0 0.0 0.0 0 1
2034.0 2042 2026 0.5 1 0 0.000244738130201 0.000489476260401 0.0 1 1
2020.5 2031 2010 0.5 1 0 0.000248632521134 0.000497265042268 0.0 1 1
2045.66666667 2082 1994 0.666666666667 1 0 0.000328739728403 0.000501253132832 0.0 2 1
2040.5 2079 2002 0.5 1 0 0.000240384615385 0.000480769230769 0.0 1 1
2154.0 2166 2132 0.333333333333 1 0 0.000153822488848 0.000461467466544 0.0 2 1
2222.0 2271 2173 0.5 1 0 0.000220070422535 0.00044014084507 0.0 1 1
1985.09090909 2150 1828 1.27272727273 4 0 0.000635831484196 0.001982160555 0.0 10 1
2031.0 2031 2031 0.0 0 0 0.0 0.0 0.0 0 1
2005.0 2005 2005 0.0 0 0 0.0 0.0 0.0 0 1
2102.0 2102 2102 0.0 0 0 0.0 0.0 0.0 0 1
2141.0 2141 2141 0.0 0 0 0.0 0.0 0.0 0 1
1995.0 2004 1986 0.0 0 0 0.0 0.0 0.0 1 1
1898.0 1898 1898 0.0 0 0 0.0 0.0 0.0 0 1
2200.0 2200 2200 0.0 0 0 0.0 0.0 0.0 0 1
2039.11111111 2241 1871 3.72222222222 9 0 0.00182775350685 0.00452488687783 0.0 17 1
2193.57142857 2324 2062 1.28571428571 3 0 0.000578389452091 0.00131868131868 0.0 13 1
1917.0 1917 1917 0.0 0 0 0.0 0.0 0.0 0 1
2089.16666667 2133 1973 0.833333333333 1 0 0.000400212246576 0.000506585612969 0.0 5 1
2165.0 2165 2165 0.0 0 0 0.0 0.0 0.0 0 1
1877.71428571 2153 1645 12.130952381 27 0 0.00634994252048 0.0151260504202 0.0 83 1
1970.83333333 2007 1937 1.0 2 0 0.000510104535643 0.00103145951521 0.0 5 1
1937.0 1937 1937 0.0 0 0 0.0 0.0 0.0 0 1
2245.0 2245 2245 0.0 0 0 0.0 0.0 0.0 0 1
2123.0 2123 2123 0.0 0 0 0.0 0.0 0.0 0 1
1961.0 1966 1956 0.5 1 0 0.000255493101686 0.000510986203373 0.0 1 1
2011.66666667 2030 2000 0.0 0 0 0.0 0.0 0.0 2 1
2070.66666667 2101 2044 0.666666666667 1 0 0.000324185516403 0.000488997555012 0.0 2 1
2148.125 2214 2090 0.25 1 0 0.00011393110867 0.000459981600736 0.0 7 1
2158.0 2158 2158 0.0 0 0 0.0 0.0 0.0 0 1
2212.0 2212 2212 0.0 0 0 0.0 0.0 0.0 0 1
2010.66666667 2031 1982 0.666666666667 1 0 0.000332137472982 0.000504286434695 0.0 2 1
2113.5 2138 2089 0.5 1 0 0.000233754090697 0.000467508181393 0.0 1 1
2169.0 2197 2124 0.0 0 0 0.0 0.0 0.0 2 1
1755.52066116 2120 1472 10.6198347107 32 0 0.00617998482739 0.0186263096624 0.0 120 1
2104.0 2104 2104 0.0 0 0 0.0 0.0 0.0 0 1
2049.0 2073 2013 0.333333333333 1 0 0.000165508109897 0.000496524329692 0.0 2 1
1938.75 2006 1846 0.75 2 0 0.000377806995573 0.00100050025013 0.0 7 1
1872.5 1903 1842 0.5 1 0 0.000262605042017 0.000525210084034 0.0 1 1
1944.0 1974 1914 0.5 1 0 0.000253164556962 0.000506329113924 0.0 1 1
2116.0 2116 2116 0.0 0 0 0.0 0.0 0.0 0 1
1896.16666667 1969 1817 1.0 3 0 0.000528889599184 0.0015932023367 0.0 5 1
2123.0 2136 2110 1.0 2 0 0.000473484848485 0.00094696969697 0.0 1 1
2026.0 2026 2026 0.0 0 0 0.0 0.0 0.0 0 1
2120.25 2124 2112 0.25 1 0 0.000117647058824 0.000470588235294 0.0 3 1
2003.55555556 2098 1913 0.888888888889 2 0 0.00044022895417 0.000997506234414 0.0 8 1
2102.0 2102 2102 0.0 0 0 0.0 0.0 0.0 0 1
2120.0 2159 2081 0.0 0 0 0.0 0.0 0.0 1 1
1964.0 1964 1964 0.0 0 0 0.0 0.0 0.0 0 1
2114.66666667 2224 2050 0.0 0 0 0.0 0.0 0.0 5 1
2174.5 2189 2160 0.5 1 0 0.00023137436372 0.000462748727441 0.0 1 1
2123.0 2176 2099 0.25 1 0 0.000118539592224 0.000474158368895 0.0 3 1
2096.0 2096 2096 0.0 0 0 0.0 0.0 0.0 0 1
1959.5 2096 1836 1.375 4 0 0.000683877658617 0.00199104031857 0.0 7 1
2109.0 2113 2105 0.5 1 0 0.000237416904084 0.000474833808167 0.0 1 1
2070.0 2084 2056 0.0 0 0 0.0 0.0 0.0 1 1
1678.20454545 2142 1462 34.9015151515 107 0 0.0208199015224 0.0625 0.0 131 1
1944.76923077 2053 1801 2.69230769231 5 0 0.00137573925779 0.00263296471827 0.0 12 1
2044.0 2044 2044 0.0 0 0 0.0 0.0 0.0 0 1
2161.0 2161 2161 0.0 0 0 0.0 0.0 0.0 0 1
2152.0 2152 2152 0.0 0 0 0.0 0.0 0.0 0 1
1882.71428571 1979 1764 1.28571428571 3 0 0.000705536427981 0.00169779286927 0.0 6 1
1979.0 1979 1979 0.0 0 0 0.0 0.0 0.0 0 1
2044.66666667 2064 1992 1.16666666667 2 0 0.000567212453633 0.000973236009732 0.0 5 1
2158.0 2160 2156 0.5 1 0 0.000231803430691 0.000463606861382 0.0 1 1
2010.0 2010 2010 0.0 0 0 0.0 0.0 0.0 0 1
2050.5 2068 2023 0.25 1 0 0.000122249388753 0.000488997555012 0.0 3 1
2257.0 2268 2244 0.333333333333 1 0 0.00014847809948 0.000445434298441 0.0 2 1
2114.0 2114 2114 0.0 0 0 0.0 0.0 0.0 0 1
2049.75 2087 2010 1.0 2 0 0.000486873723275 0.000990099009901 0.0 3 1
2123.0 2123 2123 0.0 0 0 0.0 0.0 0.0 0 1
1997.5 2206 1863 2.5 7 0 0.00123244941162 0.00347739692002 0.0 13 1
2099.0 2099 2099 0.0 0 0 0.0 0.0 0.0 0 1
2117.0 2117 2117 0.0 0 0 0.0 0.0 0.0 0 1
2223.0 2223 2223 0.0 0 0 0.0 0.0 0.0 0 1
2028.09090909 2106 1948 0.636363636364 2 0 0.000311456912257 0.000987654320988 0.0 10 1
2163.0 2163 2163 0.0 0 0 0.0 0.0 0.0 0 1
2164.5 2258 2087 1.5 3 0 0.000688282419568 0.00137236962489 0.0 3 1
2122.0 2122 2122 0.0 0 0 0.0 0.0 0.0 0 1
2055.0 2113 1997 0.5 1 0 0.000236518448439 0.000473036896878 0.0 1 1
2050.27272727 2131 1983 1.09090909091 2 0 0.000529843833785 0.000982800982801 0.0 10 1
2019.85714286 2069 1987 0.857142857143 2 0 0.000424712670605 0.00100050025013 0.0 6 1
2099.33333333 2235 2018 0.5 1 0 0.000234372382287 0.000480538202787 0.0 5 1
2027.3 2122 1974 1.1 3 0 0.000539234381574 0.0014800197336 0.0 9 1
2053.66666667 2107 2010 1.0 2 0 0.000491594049606 0.000977517106549 0.0 2 1
1985.0 1985 1985 0.0 0 0 0.0 0.0 0.0 0 1
2152.0 2152 2152 0.0 0 0 0.0 0.0 0.0 0 1
2157.0 2157 2157 0.0 0 0 0.0 0.0 0.0 0 1
2007.0 2007 2007 0.0 0 0 0.0 0.0 0.0 0 1
2156.6 2234 2082 0.8 1 0 0.000367720151147 0.000467508181393 0.0 4 1
1960.0 1960 1960 0.0 0 0 0.0 0.0 0.0 0 1
1956.0 2005 1863 0.0 0 0 0.0 0.0 0.0 3 1
1984.0 2025 1943 0.0 0 0 0.0 0.0 0.0 1 1
1928.0 1963 1872 0.333333333333 1 0 0.000169721656483 0.00050916496945 0.0 2 1
2114.0 2114 2114 0.0 0 0 0.0 0.0 0.0 0 1
1928.0 1928 1928 0.0 0 0 0.0 0.0 0.0 0 1
2259.5 2290 2229 0.5 1 0 0.000224215246637 0.000448430493274 0.0 1 1
2133.0 2133 2133 0.0 0 0 0.0 0.0 0.0 0 1
2050.5 2106 2022 0.5 2 0 0.00024557956778 0.00098231827112 0.0 3 1
1987.0 1987 1987 0.0 0 0 0.0 0.0 0.0 0 1
2033.66666667 2139 1953 0.666666666667 2 0 0.000329138464602 0.00102301790281 0.0 8 1
2085.0 2148 2051 0.666666666667 1 0 0.000317159194687 0.000486144871172 0.0 2 1
2060.0 2060 2060 0.0 0 0 0.0 0.0 0.0 0 1
2072.0 2072 2072 0.0 0 0 0.0 0.0 0.0 0 1
2242.2 2288 2207 1.0 2 0 0.000442013212151 0.000890075656431 0.0 4 1
2094.0 2114 2074 0.0 0 0 0.0 0.0 0.0 1 1
1902.66666667 1909 1893 0.333333333333 1 0 0.000174794616326 0.000524383848977 0.0 2 1
2045.0 2045 2045 0.0 0 0 0.0 0.0 0.0 0 1
1900.0 1900 1900 0.0 0 0 0.0 0.0 0.0 0 1
2093.0 2093 2093 0.0 0 0 0.0 0.0 0.0 0 1
2021.0 2021 2021 0.0 0 0 0.0 0.0 0.0 0 1
2192.0 2195 2189 0.5 1 0 0.000228310502283 0.000456621004566 0.0 1 1
2091.42857143 2122 2052 0.428571428571 2 0 0.000203150558306 0.000951022349025 0.0 6 1
1928.4 1992 1863 1.6 3 0 0.000827794553321 0.00156657963446 0.0 9 1
2221.0 2221 2221 0.0 0 0 0.0 0.0 0.0 0 1
1933.5 2000 1892 0.25 1 0 0.000129399585921 0.000517598343685 0.0 3 1
2134.625 2187 2080 0.875 2 0 0.000408543369811 0.000960614793468 0.0 7 1
2195.0 2195 2195 0.0 0 0 0.0 0.0 0.0 0 1
1946.25 2041 1879 0.75 1 0 0.000381065594384 0.000523560209424 0.0 3 1
2199.66666667 2270 2143 0.333333333333 1 0 0.000146778218112 0.000440334654337 0.0 2 1
1842.6 1946 1731 2.57142857143 7 0 0.00139518608341 0.00389321468298 0.0 34 1
2152.0 2215 2089 0.5 1 0 0.000239234449761 0.000478468899522 0.0 1 1
1800.0 1800 1800 0.0 0 0 0.0 0.0 0.0 0 1
1899.66666667 1923 1862 0.333333333333 1 0 0.000174064403829 0.000522193211488 0.0 2 1
2039.0 2054 2012 0.666666666667 1 0 0.000324649146521 0.000487329434698 0.0 2 1
1993.0 1993 1993 0.0 0 0 0.0 0.0 0.0 0 1
2098.5 2102 2095 0.5 1 0 0.000238549618321 0.000477099236641 0.0 1 1
2225.0 2237 2213 1.0 2 0 0.000451467268623 0.000902934537246 0.0 1 1
1973.0 1973 1973 0.0 0 0 0.0 0.0 0.0 0 1
2139.0 2139 2139 0.0 0 0 0.0 0.0 0.0 0 1
1897.25 1996 1765 1.625 6 0 0.000840290412655 0.002997002997 0.0 15 1
2095.0 2095 2095 0.0 0 0 0.0 0.0 0.0 0 1
2022.0 2022 2022 0.0 0 0 0.0 0.0 0.0 0 1
2085.0 2085 2085 0.0 0 0 0.0 0.0 0.0 0 1
1954.83333333 2024 1877 0.833333333333 1 0 0.000423913341569 0.000532481363152 0.0 5 1
1927.0 1952 1902 0.8 1 0 0.000413620964057 0.000522193211488 0.0 4 1
1921.0 1921 1921 0.0 0 0 0.0 0.0 0.0 0 1
2008.0 2058 1977 0.6 1 0 0.000301166763072 0.000505561172902 0.0 4 1
1965.5 2018 1913 1.0 2 0 0.00049504950495 0.000990099009901 0.0 1 1
2112.0 2129 2095 0.5 1 0 0.000234741784038 0.000469483568075 0.0 1 1
2029.64285714 2117 1954 2.57142857143 6 0 0.00125812224536 0.00294117647059 0.0 13 1
2095.0 2105 2085 0.666666666667 1 0 0.000317311014936 0.000477099236641 0.0 2 1
2001.66666667 2054 1968 0.0 0 0 0.0 0.0 0.0 2 1
2003.75 2060 1929 0.5 2 0 0.000251762336354 0.00100704934542 0.0 3 1
2150.5 2196 2105 0.5 1 0 0.00022758306782 0.00045516613564 0.0 1 1
2018.8 2066 1987 1.0 2 0 0.000494197016759 0.00098814229249 0.0 4 1
2026.0 2087 1970 0.333333333333 1 0 0.000159642401022 0.000478927203065 0.0 2 1
1896.0 1896 1896 0.0 0 0 0.0 0.0 0.0 0 1
2017.0 2017 2017 0.0 0 0 0.0 0.0 0.0 0 1
1827.15384615 2078 1651 23.2307692308 83 0 0.0126907815014 0.0456796917997 0.0 64 1
2030.0 2052 2008 1.0 2 0 0.000497512437811 0.000995024875622 0.0 1 1
2074.57142857 2113 2025 0.714285714286 2 0 0.000340115063888 0.000957395883198 0.0 6 1
1871.44444444 1963 1759 1.33333333333 3 0 0.00070111966242 0.00158814187401 0.0 8 1
1956.16666667 2004 1901 0.833333333333 2 0 0.000425211848942 0.0010183299389 0.0 5 1
2116.0 2116 2116 0.0 0 0 0.0 0.0 0.0 0 1
2037.33333333 2108 1987 0.666666666667 1 0 0.000323232835882 0.000495540138751 0.0 2 1
2186.0 2186 2186 0.0 0 0 0.0 0.0 0.0 0 1
2148.0 2148 2148 0.0 0 0 0.0 0.0 0.0 0 1
2060.0 2060 2060 0.0 0 0 0.0 0.0 0.0 0 1
2130.0 2130 2130 0.0 0 0 0.0 0.0 0.0 0 1
2007.0 2007 2007 0.0 0 0 0.0 0.0 0.0 0 1
2062.5 2099 2026 0.5 1 0 0.000238095238095 0.00047619047619 0.0 1 1
2007.0 2011 2003 0.0 0 0 0.0 0.0 0.0 1 1
2135.0 2209 2081 0.75 1 0 0.000348306083331 0.000471031559114 0.0 3 1
2068.0 2068 2068 0.0 0 0 0.0 0.0 0.0 0 1
2167.0 2167 2167 0.0 0 0 0.0 0.0 0.0 0 1
2135.83333333 2176 2078 0.666666666667 1 0 0.000310750402481 0.000468823253633 0.0 5 1
2075.5 2091 2060 0.5 1 0 0.000239005736138 0.000478011472275 0.0 1 1
2265.0 2266 2264 0.0 0 0 0.0 0.0 0.0 1 1
2121.0 2121 2121 0.0 0 0 0.0 0.0 0.0 0 1
2044.0 2063 2025 0.5 1 0 0.000242248062016 0.000484496124031 0.0 1 1
2052.5 2107 2005 1.25 3 0 0.000594227696375 0.00142180094787 0.0 3 1
2074.0 2074 2074 0.0 0 0 0.0 0.0 0.0 0 1
2087.2 2126 2058 0.4 1 0 0.000192554378654 0.000485672656629 0.0 4 1
1899.9 1951 1851 1.3 3 0 0.000679008205752 0.00153531218014 0.0 9 1
2031.5 2054 2009 0.5 1 0 0.000243309002433 0.000486618004866 0.0 1 1
2115.5 2211 2040 0.75 2 0 0.000353068864456 0.000931966449208 0.0 7 1
2152.4 2183 2106 1.0 2 0 0.000467703519415 0.000948766603416 0.0 4 1
1864.76470588 1968 1736 1.47058823529 4 0 0.000790063816383 0.00217155266015 0.0 16 1
2153.0 2153 2153 0.0 0 0 0.0 0.0 0.0 0 1
2272.66666667 2328 2224 1.33333333333 2 0 0.000585613898433 0.000898472596586 0.0 2 1
1856.0 1905 1807 1.0 2 0 0.000524383848977 0.00104876769795 0.0 1 1
2185.0 2215 2155 0.5 1 0 0.000231910946197 0.000463821892393 0.0 1 1
2004.5 2043 1966 0.0 0 0 0.0 0.0 0.0 1 1
2134.2 2162 2114 1.4 4 0 0.00065369489483 0.00185270958777 0.0 4 1
2020.0 2020 2020 0.0 0 0 0.0 0.0 0.0 0 1
2129.5 2145 2114 0.5 1 0 0.000236406619385 0.000472813238771 0.0 1 1
2045.0 2045 2045 0.0 0 0 0.0 0.0 0.0 0 1
1983.73684211 2200 1751 4.26315789474 8 0 0.00211396256418 0.00393507132317 0.0 18 1
2246.66666667 2355 2171 1.22222222222 4 0 0.000526791684091 0.0017086715079 0.0 8 1
2141.75 2169 2117 0.75 2 0 0.000348198985574 0.000931966449208 0.0 3 1
1936.0 1973 1912 1.0 2 0 0.00051518221731 0.00103896103896 0.0 2 1
1994.0 2020 1968 0.0 0 0 0.0 0.0 0.0 1 1
2012.0 2028 1994 0.0 0 0 0.0 0.0 0.0 2 1
2108.0 2108 2108 0.0 0 0 0.0 0.0 0.0 0 1
2058.0 2107 2000 0.25 1 0 0.000118595825427 0.000474383301708 0.0 3 1
2049.25 2096 2017 0.5 1 0 0.0002447550772 0.000493583415597 0.0 3 1
1940.0 1940 1940 0.0 0 0 0.0 0.0 0.0 0 1
1946.0 2001 1920 0.0 0 0 0.0 0.0 0.0 3 1
2041.5 2067 2016 0.5 1 0 0.000241779497099 0.000483558994197 0.0 1 1
1984.0 1984 1984 0.0 0 0 0.0 0.0 0.0 0 1
1872.85714286 1977 1733 3.5 9 0 0.00185866484532 0.00472937467157 0.0 13 1
2135.0 2209 2063 2.41666666667 7 0 0.00112042163552 0.00327562002808 0.0 11 1
2129.0 2129 2129 0.0 0 0 0.0 0.0 0.0 0 1
2143.0 2147 2139 0.0 0 0 0.0 0.0 0.0 1 1
2164.0 2237 2090 0.666666666667 1 0 0.000302836013886 0.000461680517082 0.0 2 1
2247.0 2247 2247 0.0 0 0 0.0 0.0 0.0 0 1
1902.2 2022 1812 1.4 3 0 0.000716713418917 0.00148148148148 0.0 4 1
2137.8 2214 2036 0.4 1 0 0.000183230256699 0.00046468401487 0.0 4 1
2042.0 2053 2031 1.0 2 0 0.000486618004866 0.000973236009732 0.0 1 1
2080.0 2111 2049 1.0 2 0 0.000487567040468 0.000975134080936 0.0 1 1
2038.5 2070 2007 0.5 1 0 0.000249003984064 0.000498007968127 0.0 1 1
1834.4 1915 1752 0.4 1 0 0.000214274243502 0.000549450549451 0.0 4 1
2119.5 2132 2109 0.75 1 0 0.000354390325536 0.000473933649289 0.0 3 1
2018.0 2086 1950 0.333333333333 1 0 0.000159718894745 0.000479156684236 0.0 2 1
1888.75 1998 1824 0.666666666667 2 0 0.000351689880323 0.00109529025192 0.0 11 1
2154.66666667 2195 2093 0.333333333333 1 0 0.000151791135398 0.000455373406193 0.0 2 1
2158.33333333 2184 2130 0.333333333333 1 0 0.000154178230034 0.000462534690102 0.0 2 1
2010.0 2010 2010 0.0 0 0 0.0 0.0 0.0 0 1
2156.5 2197 2116 0.5 1 0 0.000227479526843 0.000454959053685 0.0 1 1
1898.33333333 1939 1868 0.666666666667 1 0 0.000350169798797 0.000535045478866 0.0 2 1
2063.0 2063 2063 0.0 0 0 0.0 0.0 0.0 0 1
2115.0 2115 2115 0.0 0 0 0.0 0.0 0.0 0 1
2002.0 2002 2002 0.0 0 0 0.0 0.0 0.0 0 1
2091.0 2123 2059 0.0 0 0 0.0 0.0 0.0 1 1
2053.0 2053 2053 0.0 0 0 0.0 0.0 0.0 0 1
2073.25 2109 2016 0.75 2 0 0.000360417076711 0.000965250965251 0.0 3 1
1859.0 1859 1859 0.0 0 0 0.0 0.0 0.0 0 1
2177.5 2186 2169 0.0 0 0 0.0 0.0 0.0 1 1
1914.5 1945 1884 0.0 0 0 0.0 0.0 0.0 1 1
2067.0 2067 2067 0.0 0 0 0.0 0.0 0.0 0 1
2106.25 2188 2022 0.5 1 0 0.000233425331016 0.000476871721507 0.0 3 1
2127.0 2127 2127 0.0 0 0 0.0 0.0 0.0 0 1
2102.0 2102 2102 0.0 0 0 0.0 0.0 0.0 0 1
2180.0 2180 2180 0.0 0 0 0.0 0.0 0.0 0 1
2211.0 2279 2143 0.5 1 0 0.000219298245614 0.000438596491228 0.0 1 1
2034.0 2034 2034 0.0 0 0 0.0 0.0 0.0 0 1
2027.5 2084 1970 0.5 1 0 0.000246743244674 0.00050735667174 0.0 3 1
2083.28571429 2111 2039 1.14285714286 3 0 0.000544868223996 0.00141911069063 0.0 6 1
1666.46504559 2078 1433 26.7325227964 73 0 0.0158832980549 0.0453980099502 0.0 328 1
2155.0 2155 2155 0.0 0 0 0.0 0.0 0.0 0 1
2051.0 2051 2051 0.0 0 0 0.0 0.0 0.0 0 1
1976.57142857 2115 1832 0.857142857143 3 0 0.00044178416621 0.00163309744148 0.0 13 1
2005.42857143 2088 1914 2.71428571429 5 0 0.00133989602399 0.00245459008346 0.0 6 1
2086.0 2086 2086 0.0 0 0 0.0 0.0 0.0 0 1
2070.0 2070 2070 0.0 0 0 0.0 0.0 0.0 0 1
2070.66666667 2137 2026 0.666666666667 1 0 0.00031851057519 0.000487804878049 0.0 2 1
2052.5 2060 2045 0.0 0 0 0.0 0.0 0.0 1 1
2029.0 2047 1988 1.16666666667 3 0 0.000575935676734 0.00148367952522 0.0 5 1
2138.0 2138 2138 0.0 0 0 0.0 0.0 0.0 0 1
2008.0 2008 2008 0.0 0 0 0.0 0.0 0.0 0 1
1942.0 1946 1938 0.0 0 0 0.0 0.0 0.0 1 1
2046.0 2046 2046 0.0 0 0 0.0 0.0 0.0 0 1
2119.0 2192 2060 1.25 2 0 0.000591997893753 0.000969932104753 0.0 3 1
1626.65447154 2206 1325 26.2317073171 88 0 0.0160303014618 0.052380952381 0.0 983 1
2138.8 2186 2115 0.0 0 0 0.0 0.0 0.0 4 1
2248.0 2253 2244 0.0 0 0 0.0 0.0 0.0 2 1
1966.66666667 2055 1919 0.666666666667 1 0 0.000343418472089 0.000520833333333 0.0 5 1
2152.0 2152 2152 0.0 0 0 0.0 0.0 0.0 0 1
2116.0 2116 2116 0.0 0 0 0.0 0.0 0.0 0 1
2035.0 2035 2035 0.0 0 0 0.0 0.0 0.0 0 1
2126.6 2151 2102 0.6 1 0 0.000282007210018 0.000473036896878 0.0 4 1
2086.375 2155 1993 1.125 2 0 0.000537205931026 0.000957395883198 0.0 7 1
2055.16666667 2088 2003 0.5 1 0 0.000242497523639 0.00048971596474 0.0 5 1
2036.0 2057 2015 0.0 0 0 0.0 0.0 0.0 1 1
1925.65384615 2175 1635 10.5384615385 30 0 0.00539646518843 0.0155279503106 0.0 51 1
2015.0 2028 2002 0.0 0 0 0.0 0.0 0.0 1 1
1927.0 1927 1927 0.0 0 0 0.0 0.0 0.0 0 1
2118.0 2143 2082 0.666666666667 1 0 0.000311967159508 0.000469483568075 0.0 2 1
2075.0 2075 2075 0.0 0 0 0.0 0.0 0.0 0 1
2095.0 2095 2095 0.0 0 0 0.0 0.0 0.0 0 1
1992.0 2049 1948 1.0 2 0 0.000508109367956 0.00102564102564 0.0 3 1
2020.0 2020 2020 0.0 0 0 0.0 0.0 0.0 0 1
2158.0 2293 2001 0.909090909091 2 0 0.000422537403561 0.000957395883198 0.0 10 1
2104.0 2104 2104 0.0 0 0 0.0 0.0 0.0 0 1
2056.0 2056 2056 0.0 0 0 0.0 0.0 0.0 0 1
2093.0 2093 2093 0.0 0 0 0.0 0.0 0.0 0 1
2060.0 2065 2055 0.5 1 0 0.000243190661479 0.000486381322957 0.0 1 1
1922.0 1922 1922 0.0 0 0 0.0 0.0 0.0 0 1
1937.0 1937 1937 0.0 0 0 0.0 0.0 0.0 0 1
2066.4 2340 1857 2.24 4 0 0.00108232075764 0.00199104031857 0.0 24 1
2113.2 2180 2041 1.4 3 0 0.000661938445228 0.00143198090692 0.0 9 1
1874.0 1874 1874 0.0 0 0 0.0 0.0 0.0 0 1
1933.0 2011 1885 0.666666666667 1 0 0.000345089756619 0.000530222693531 0.0 5 1
2029.0 2029 2029 0.0 0 0 0.0 0.0 0.0 0 1
2061.0 2061 2061 0.0 0 0 0.0 0.0 0.0 0 1
2120.0 2120 2120 0.0 0 0 0.0 0.0 0.0 0 1
2098.4 2134 2072 0.8 2 0 0.000377709986388 0.000936329588015 0.0 4 1
2091.5 2118 2065 1.0 2 0 0.000483792936623 0.000967585873246 0.0 1 1
1980.0 2024 1936 0.5 1 0 0.000246913580247 0.000493827160494 0.0 1 1
2100.0 2118 2081 1.0 2 0 0.000474314355448 0.000951022349025 0.0 2 1
1726.67164179 1978 1484 12.1492537313 40 0 0.00704686416473 0.0232018561485 0.0 66 1
2058.0 2129 2017 0.5 2 0 0.000234631628344 0.000938526513374 0.0 3 1
2158.0 2158 2158 0.0 0 0 0.0 0.0 0.0 0 1
1983.22222222 2030 1957 1.77777777778 3 0 0.00089687719741 0.0015306122449 0.0 8 1
2284.0 2284 2284 0.0 0 0 0.0 0.0 0.0 0 1
2114.0 2114 2114 0.0 0 0 0.0 0.0 0.0 0 1
2004.0 2018 1990 0.5 1 0 0.000247647350173 0.000495294700347 0.0 1 1
1983.66666667 2006 1963 0.333333333333 1 0 0.000166085367879 0.000498256103637 0.0 2 1
2073.66666667 2093 2052 0.666666666667 1 0 0.000319672856103 0.000481463649494 0.0 2 1
2076.75 2154 2007 1.66666666667 3 0 0.000797922502309 0.00139599813867 0.0 11 1
2050.0 2050 2050 0.0 0 0 0.0 0.0 0.0 0 1
1870.39583333 2119 1737 11.75 32 0 0.00617579194042 0.0172786177106 0.0 47 1
2069.0 2069 2069 0.0 0 0 0.0 0.0 0.0 0 1
2282.0 2305 2239 0.5 1 0 0.000220920654007 0.000446428571429 0.0 3 1
2219.5 2277 2146 0.5 1 0 0.000221153590337 0.000445632798574 0.0 3 1
2070.5 2109 2010 0.375 1 0 0.000178349312705 0.000478927203065 0.0 7 1
2080.0 2080 2080 0.0 0 0 0.0 0.0 0.0 0 1
2077.5 2079 2076 0.5 1 0 0.000240731824747 0.000481463649494 0.0 1 1
2139.4 2334 1963 1.3 2 0 0.000604449728081 0.000976085895559 0.0 9 1
2102.0 2102 2102 0.0 0 0 0.0 0.0 0.0 0 1
2230.0 2279 2186 0.5 1 0 0.000223960965514 0.000457247370828 0.0 3 1
2185.0 2185 2185 0.0 0 0 0.0 0.0 0.0 0 1
2133.5 2163 2104 0.0 0 0 0.0 0.0 0.0 1 1
2095.25 2118 2065 0.25 1 0 0.000119502868069 0.000478011472275 0.0 3 1
2085.0 2085 2085 0.0 0 0 0.0 0.0 0.0 0 1
2029.88888889 2134 1963 0.555555555556 2 0 0.000274535124261 0.00101729399797 0.0 8 1
2007.0 2007 2007 0.0 0 0 0.0 0.0 0.0 0 1
2183.0 2187 2179 0.0 0 0 0.0 0.0 0.0 1 1
1979.14285714 2039 1892 0.714285714286 2 0 0.000359207904364 0.000999500249875 0.0 6 1
2050.7 2138 1938 2.3 6 0 0.00111431566102 0.00293829578844 0.0 19 1
2198.0 2223 2160 0.75 2 0 0.000339777495572 0.000904977375566 0.0 3 1
2005.0 2005 2005 0.0 0 0 0.0 0.0 0.0 0 1
1901.5 1967 1833 0.5 1 0 0.000261803409813 0.000539083557951 0.0 3 1
2222.57142857 2308 2189 0.714285714286 2 0 0.000322205304123 0.000896860986547 0.0 6 1
2092.0 2092 2092 0.0 0 0 0.0 0.0 0.0 0 1
1905.14285714 1959 1840 0.571428571429 2 0 0.000299013305611 0.00104329681794 0.0 6 1
2199.0 2199 2199 0.0 0 0 0.0 0.0 0.0 0 1
2098.0 2133 2063 0.5 1 0 0.000234301780694 0.000468603561387 0.0 1 1
1947.5 1965 1930 0.5 1 0 0.000258933195236 0.000517866390471 0.0 1 1
2272.5 2278 2267 0.0 0 0 0.0 0.0 0.0 1 1
2140.0 2147 2133 0.5 1 0 0.000232774674115 0.000465549348231 0.0 1 1
2072.0 2124 2009 0.333333333333 1 0 0.000156862745098 0.000470588235294 0.0 2 1
2013.0 2013 2013 0.0 0 0 0.0 0.0 0.0 0 1
2014.0 2048 1995 1.0 2 0 0.000500500751127 0.00100150225338 0.0 2 1
2107.5 2137 2069 0.75 1 0 0.000355296380283 0.00048309178744 0.0 3 1
2216.33333333 2247 2190 0.0 0 0 0.0 0.0 0.0 2 1
2076.0 2076 2076 0.0 0 0 0.0 0.0 0.0 0 1
2140.5 2155 2126 0.5 1 0 0.000231910946197 0.000463821892393 0.0 1 1
2005.0 2005 2005 0.0 0 0 0.0 0.0 0.0 0 1
2064.0 2064 2064 0.0 0 0 0.0 0.0 0.0 0 1
2007.0 2007 2007 0.0 0 0 0.0 0.0 0.0 0 1
2046.0 2046 2046 0.0 0 0 0.0 0.0 0.0 0 1
2167.0 2167 2167 0.0 0 0 0.0 0.0 0.0 0 1
1860.4 1880 1820 0.2 1 0 0.000106666666667 0.000533333333333 0.0 4 1
1952.66666667 1990 1931 1.0 2 0 0.000511239895327 0.00103145951521 0.0 2 1
2044.45454545 2155 1947 2.63636363636 6 0 0.00127887363914 0.0029296875 0.0 10 1
1912.75 1978 1881 0.0 0 0 0.0 0.0 0.0 3 1
2067.33333333 2092 2031 0.666666666667 1 0 0.000323303023577 0.000492125984252 0.0 2 1
2058.77777778 2126 1987 0.666666666667 1 0 0.000325731322262 0.000503018108652 0.0 8 1
2074.0 2093 2055 0.5 1 0 0.000243190661479 0.000486381322957 0.0 1 1
2278.0 2278 2278 0.0 0 0 0.0 0.0 0.0 0 1
1970.5 1976 1965 0.0 0 0 0.0 0.0 0.0 1 1
2112.33333333 2125 2105 0.333333333333 1 0 0.000158127767236 0.000474383301708 0.0 2 1
2147.0 2147 2147 0.0 0 0 0.0 0.0 0.0 0 1
2118.0 2137 2099 0.5 1 0 0.000238095238095 0.00047619047619 0.0 1 1
2101.0 2101 2101 0.0 0 0 0.0 0.0 0.0 0 1
1994.0 1994 1994 0.0 0 0 0.0 0.0 0.0 0 1
2138.0 2138 2138 0.0 0 0 0.0 0.0 0.0 0 1
2207.0 2225 2190 1.25 2 0 0.00056466022008 0.000904159132007 0.0 3 1
2020.0 2020 2020 0.0 0 0 0.0 0.0 0.0 0 1
2012.66666667 2062 1928 0.333333333333 1 0 0.000161576991436 0.000484730974309 0.0 2 1
2228.0 2243 2213 0.5 1 0 0.000225835591689 0.000451671183379 0.0 1 1
2111.5 2124 2099 0.5 1 0 0.000238095238095 0.00047619047619 0.0 1 1
2196.0 2247 2145 0.5 1 0 0.000222419928826 0.000444839857651 0.0 1 1
2038.0 2061 2015 1.5 3 0 0.000743310208127 0.00148662041625 0.0 1 1
1965.0 1965 1965 0.0 0 0 0.0 0.0 0.0 0 1
2226.0 2246 2196 0.5 1 0 0.000225999792438 0.00045516613564 0.0 3 1
1915.0 1915 1915 0.0 0 0 0.0 0.0 0.0 0 1
1959.5 1976 1943 0.0 0 0 0.0 0.0 0.0 1 1
2008.0 2044 1972 0.5 1 0 0.000253421186011 0.000506842372022 0.0 1 1
1963.0 1998 1940 0.25 1 0 0.000128799587841 0.000515198351365 0.0 3 1
1899.38095238 2054 1737 3.14285714286 8 0 0.00161655705115 0.00397812033814 0.0 20 1
1987.0 2032 1936 0.75 1 0 0.000374113481722 0.000505816894284 0.0 3 1
2015.83333333 2120 1965 1.0 3 0 0.000490250901482 0.00146412884334 0.0 5 1
1902.0 1902 1902 0.0 0 0 0.0 0.0 0.0 0 1
1894.0 1912 1876 0.5 1 0 0.000266382525306 0.000532765050613 0.0 1 1
2021.0 2096 1943 1.66666666667 3 0 0.000805472951989 0.00142925202477 0.0 2 1
2040.375 2100 1975 0.5 3 0 0.000244458140462 0.0014742014742 0.0 7 1
2034.2 2126 1951 0.9 2 0 0.00043969151814 0.00100150225338 0.0 9 1
1901.0 1901 1901 0.0 0 0 0.0 0.0 0.0 0 1
2104.0 2133 2049 0.333333333333 1 0 0.000162601626016 0.000487804878049 0.0 2 1
1924.0 1924 1924 0.0 0 0 0.0 0.0 0.0 0 1
1965.4 2046 1903 1.8 3 0 0.000920813535266 0.00157397691501 0.0 4 1
1790.23376623 2022 1579 9.80519480519 31 0 0.00540645256764 0.0167930660888 0.0 76 1
1958.0 1958 1958 0.0 0 0 0.0 0.0 0.0 0 1
1971.5 2000 1944 1.25 2 0 0.000634655424982 0.00102774922919 0.0 3 1
1877.9375 2062 1706 2.04166666667 6 0 0.00109606302162 0.00332042058661 0.0 47 1
2115.125 2175 2046 0.75 1 0 0.000354220263319 0.000481463649494 0.0 7 1
2114.0 2114 2114 0.0 0 0 0.0 0.0 0.0 0 1
2031.0 2031 2031 0.0 0 0 0.0 0.0 0.0 0 1
2121.0 2121 2121 0.0 0 0 0.0 0.0 0.0 0 1
1942.0 1959 1917 1.66666666667 5 0 0.000852468627981 0.00254582484725 0.0 5 1
1990.41666667 2076 1909 1.16666666667 3 0 0.000593183557456 0.0015690376569 0.0 11 1
2140.66666667 2185 2064 0.666666666667 1 0 0.000305812714122 0.000459981600736 0.0 2 1
2279.0 2331 2216 0.666666666667 1 0 0.000288435694001 0.000436490615452 0.0 2 1
2129.0 2129 2129 0.0 0 0 0.0 0.0 0.0 0 1
2042.0 2042 2042 0.0 0 0 0.0 0.0 0.0 0 1
2008.0 2008 2008 0.0 0 0 0.0 0.0 0.0 0 1
1977.5 1987 1968 0.5 1 0 0.000251509054326 0.000503018108652 0.0 1 1
1983.75 2015 1952 1.25 2 0 0.000630617441555 0.00102354145343 0.0 3 1
2059.0 2059 2059 0.0 0 0 0.0 0.0 0.0 0 1
1885.0 1885 1885 0.0 0 0 0.0 0.0 0.0 0 1
2034.0 2034 2034 0.0 0 0 0.0 0.0 0.0 0 1
2031.0 2086 1998 0.8 2 0 0.000398367903847 0.001 0.0 4 1
2182.0 2182 2182 0.0 0 0 0.0 0.0 0.0 0 1
2160.0 2160 2160 0.0 0 0 0.0 0.0 0.0 0 1
2141.0 2141 2141 0.0 0 0 0.0 0.0 0.0 0 1
2046.0 2069 2023 0.5 1 0 0.00024154589372 0.00048309178744 0.0 1 1
2018.77777778 2108 1943 0.777777777778 2 0 0.000384232647513 0.0010157440325 0.0 8 1
2114.42857143 2181 2033 0.857142857143 2 0 0.000398194780465 0.000916170407696 0.0 6 1
2077.0 2085 2069 1.0 2 0 0.000479156684236 0.000958313368471 0.0 1 1
1947.05555556 2144 1858 2.16666666667 5 0 0.00111044321389 0.00261096605744 0.0 17 1
2087.0 2087 2087 0.0 0 0 0.0 0.0 0.0 0 1
1893.0 1946 1843 0.75 1 0 0.000392651439104 0.000535618639529 0.0 3 1
2115.0 2139 2091 0.0 0 0 0.0 0.0 0.0 1 1
1946.0 1946 1946 0.0 0 0 0.0 0.0 0.0 0 1
2047.88461538 2324 1814 2.46153846154 6 0 0.00120013615183 0.00305966343702 0.0 25 1
2208.0 2208 2208 0.0 0 0 0.0 0.0 0.0 0 1
1963.4 2011 1931 0.6 2 0 0.000300509661988 0.0010055304173 0.0 4 1
2104.0 2104 2104 0.0 0 0 0.0 0.0 0.0 0 1
2107.5 2135 2080 0.5 1 0 0.000234082397004 0.000468164794007 0.0 1 1
2108.0 2210 1993 2.4 4 0 0.00111990816225 0.00186046511628 0.0 4 1
2075.25 2096 2049 0.5 2 0 0.00023832221163 0.00095328884652 0.0 3 1
2009.0 2009 2009 0.0 0 0 0.0 0.0 0.0 0 1
1833.0 1833 1833 0.0 0 0 0.0 0.0 0.0 0 1
1818.0 1867 1769 0.5 1 0 0.000267665952891 0.000535331905782 0.0 1 1
1979.16666667 2052 1933 0.5 1 0 0.000252263248763 0.000517063081696 0.0 5 1
2016.5 2017 2016 0.5 1 0 0.000247892910263 0.000495785820526 0.0 1 1
2024.0 2080 1970 0.666666666667 2 0 0.000320204931156 0.000960614793468 0.0 2 1
2058.0 2058 2058 0.0 0 0 0.0 0.0 0.0 0 1
2107.0 2107 2107 0.0 0 0 0.0 0.0 0.0 0 1
2116.66666667 2157 2093 0.0 0 0 0.0 0.0 0.0 2 1
2035.0 2064 2012 1.0 3 0 0.000483792936623 0.00145137880987 0.0 2 1
2038.66666667 2047 2023 0.333333333333 1 0 0.000164690382082 0.000494071146245 0.0 2 1
2116.4 2132 2079 2.0 4 0 0.000939332047001 0.00187529301453 0.0 4 1
2131.0 2181 2097 0.333333333333 1 0 0.000152765047357 0.000458295142071 0.0 2 1
1982.8 2018 1954 0.6 1 0 0.000302065664892 0.000511508951407 0.0 4 1
1990.0 1990 1990 0.0 0 0 0.0 0.0 0.0 0 1
1810.0 1905 1729 1.57142857143 3 0 0.000856150811561 0.00166852057842 0.0 6 1
1968.16666667 2025 1924 1.66666666667 3 0 0.000844572856542 0.00153609831029 0.0 5 1
2099.76923077 2180 1991 1.61538461538 4 0 0.000757675982974 0.0018315018315 0.0 12 1
2073.0 2120 2026 0.5 1 0 0.0002357378595 0.000471475719 0.0 1 1
2082.75 2109 2058 1.0 2 0 0.000478793119719 0.000955566172957 0.0 3 1
2080.5 2082 2079 0.0 0 0 0.0 0.0 0.0 1 1
2050.33333333 2063 2035 0.666666666667 1 0 0.000326004684265 0.00049115913556 0.0 2 1
1914.0 1934 1894 0.5 1 0 0.000263852242744 0.000527704485488 0.0 1 1
2085.8 2128 2050 1.2 2 0 0.000573923369367 0.000956937799043 0.0 4 1
1676.04324324 2072 1463 22.2054054054 70 0 0.0134381273425 0.0434243176179 0.0 184 1
1921.0 1921 1921 0.0 0 0 0.0 0.0 0.0 0 1
2033.0 2033 2033 0.0 0 0 0.0 0.0 0.0 0 1
1982.0 2021 1943 0.5 1 0 0.00024727992087 0.000494559841741 0.0 1 1
1957.9 2019 1854 0.5 2 0 0.000251598019746 0.0010152284264 0.0 9 1
2036.0 2036 2036 0.0 0 0 0.0 0.0 0.0 0 1
2241.0 2241 2241 0.0 0 0 0.0 0.0 0.0 0 1
1936.0 1936 1936 0.0 0 0 0.0 0.0 0.0 0 1
2035.0 2042 2028 0.0 0 0 0.0 0.0 0.0 1 1
2018.0 2018 2018 0.0 0 0 0.0 0.0 0.0 0 1
2096.0 2096 2096 0.0 0 0 0.0 0.0 0.0 0 1
2004.4 2045 1969 1.0 2 0 0.000496658533073 0.000995024875622 0.0 4 1
2099.0 2136 2050 0.75 1 0 0.000354454786859 0.000481927710843 0.0 3 1
2037.5 2049 2026 0.0 0 0 0.0 0.0 0.0 1 1
1969.5 1989 1950 1.0 2 0 0.000502260170768 0.00100452034154 0.0 1 1
2115.33333333 2170 2073 0.666666666667 1 0 0.000319148416083 0.000482160077146 0.0 2 1
1974.0 1974 1974 0.0 0 0 0.0 0.0 0.0 0 1
1945.0 1945 1945 0.0 0 0 0.0 0.0 0.0 0 1
2217.0 2231 2209 0.666666666667 1 0 0.000300036079946 0.000452079566004 0.0 2 1
2068.92307692 2214 1944 1.23076923077 3 0 0.000600204595332 0.00153531218014 0.0 25 1
1832.0 1832 1832 0.0 0 0 0.0 0.0 0.0 0 1
2034.0 2066 2002 0.0 0 0 0.0 0.0 0.0 1 1
2085.0 2085 2085 0.0 0 0 0.0 0.0 0.0 0 1
1973.75 2016 1876 0.75 1 0 0.000373645693801 0.000502765208648 0.0 3 1
2170.33333333 2205 2118 0.666666666667 1 0 0.000308409958055 0.000471920717319 0.0 2 1
1891.0 1895 1887 0.5 1 0 0.000263713080169 0.000527426160338 0.0 1 1
1932.66666667 2039 1822 1.0 3 0 0.000508329549814 0.00150829562594 0.0 8 1
2201.5 2221 2182 0.5 1 0 0.00022502250225 0.0004500450045 0.0 1 1
2020.42857143 2058 1971 0.285714285714 1 0 0.000140520909318 0.000497265042268 0.0 6 1
2019.5 2049 1990 0.5 1 0 0.000243902439024 0.000487804878049 0.0 1 1
1892.10526316 2083 1764 1.0 3 0 0.000525289590605 0.00147565174619 0.0 18 1
1851.42857143 1916 1773 0.571428571429 1 0 0.00031117008137 0.000563697857948 0.0 6 1
2029.0 2029 2029 0.0 0 0 0.0 0.0 0.0 0 1
2123.0 2216 2030 0.0 0 0 0.0 0.0 0.0 1 1
1921.25 1968 1861 0.75 1 0 0.000393467005438 0.000537056928034 0.0 3 1
1938.0 1941 1935 0.5 1 0 0.000257466529351 0.000514933058702 0.0 1 1
2216.25 2243 2185 2.625 5 0 0.00118282806696 0.00228310502283 0.0 7 1
2073.0 2073 2073 0.0 0 0 0.0 0.0 0.0 0 1
2151.0 2193 2119 0.0 0 0 0.0 0.0 0.0 2 1
2157.0 2205 2105 1.16666666667 2 0 0.00053963254858 0.000949216896061 0.0 5 1
2014.0 2014 2014 0.0 0 0 0.0 0.0 0.0 0 1
1977.5 2101 1905 0.5 1 0 0.000256035784704 0.00051652892562 0.0 3 1
2007.5 2030 1985 0.0 0 0 0.0 0.0 0.0 1 1
1936.66666667 1983 1857 0.333333333333 1 0 0.000168010752688 0.000504032258065 0.0 2 1
1979.66666667 2024 1956 1.0 2 0 0.000504571657611 0.00101988781234 0.0 2 1
2082.0 2094 2070 0.0 0 0 0.0 0.0 0.0 1 1
2164.16666667 2193 2107 1.16666666667 2 0 0.000538704889594 0.000924214417745 0.0 5 1
2063.0 2063 2063 0.0 0 0 0.0 0.0 0.0 0 1
2107.0 2107 2107 0.0 0 0 0.0 0.0 0.0 0 1
2038.5 2061 2009 0.75 1 0 0.00036911629829 0.000497512437811 0.0 3 1
1975.21428571 2067 1879 2.35714285714 5 0 0.00117979475251 0.0024727992087 0.0 13 1
2079.0 2079 2079 0.0 0 0 0.0 0.0 0.0 0 1
1948.0 1948 1948 0.0 0 0 0.0 0.0 0.0 0 1
2053.0 2056 2050 0.5 1 0 0.000243783520234 0.000487567040468 0.0 1 1
2067.0 2067 2067 0.0 0 0 0.0 0.0 0.0 0 1
2118.71428571 2189 2048 1.42857142857 3 0 0.000670944926515 0.00141309467734 0.0 6 1
2107.0 2107 2107 0.5 1 0 0.000237191650854 0.000474383301708 0.0 1 1
1999.0 1999 1999 0.0 0 0 0.0 0.0 0.0 0 1
2069.0 2131 2027 1.0 2 0 0.000480804051122 0.000961076405574 0.0 3 1
2022.0 2022 2022 0.0 0 0 0.0 0.0 0.0 0 1
2209.5 2240 2179 0.5 1 0 0.000229357798165 0.00045871559633 0.0 1 1
2027.33333333 2060 2006 0.833333333333 2 0 0.000410238885373 0.000996015936255 0.0 5 1
2190.0 2190 2190 0.0 0 0 0.0 0.0 0.0 0 1
2140.0 2140 2140 0.0 0 0 0.0 0.0 0.0 0 1
2102.0 2110 2094 0.5 1 0 0.000236854571293 0.000473709142586 0.0 1 1
1987.5 2017 1958 0.0 0 0 0.0 0.0 0.0 1 1
2031.1 2087 1976 0.9 3 0 0.000440740252711 0.00144023043687 0.0 9 1
2050.0 2050 2050 0.0 0 0 0.0 0.0 0.0 0 1
2081.8 2129 2046 0.6 2 0 0.000281956009555 0.000938526513374 0.0 4 1
2204.375 2324 2122 1.25 3 0 0.00056128811023 0.00128921357972 0.0 7 1
1973.5 2020 1912 0.75 1 0 0.000376050263957 0.000513610683102 0.0 3 1
1897.60606061 2068 1791 6.27272727273 16 0 0.00331727602721 0.0081799591002 0.0 32 1
2115.0 2115 2115 0.0 0 0 0.0 0.0 0.0 0 1
2019.75 2070 1977 0.875 2 0 0.0004341572345 0.00100150225338 0.0 7 1
2145.0 2157 2127 0.666666666667 1 0 0.000311105613896 0.00046992481203 0.0 2 1
1862.46808511 2158 1679 10.7659574468 32 0 0.00574194043091 0.0156402737048 0.0 46 1
2069.5 2115 2024 0.5 1 0 0.00023629489603 0.00047258979206 0.0 1 1
2171.25 2228 2115 1.0 2 0 0.000456327098081 0.000911992704058 0.0 3 1
2104.0 2138 2070 0.5 1 0 0.000233754090697 0.000467508181393 0.0 1 1
1981.0 1985 1977 0.5 1 0 0.000252780586451 0.000505561172902 0.0 1 1
2068.0 2068 2068 0.0 0 0 0.0 0.0 0.0 0 1
1994.0 2002 1986 0.5 1 0 0.000249625561658 0.000499251123315 0.0 1 1
1799.80188679 2053 1595 7.39622641509 22 0 0.004055451326 0.0111234705228 0.0 105 1
2044.0 2044 2044 0.0 0 0 0.0 0.0 0.0 0 1
2257.5 2283 2232 0.5 1 0 0.000218914185639 0.000437828371278 0.0 1 1
2045.0 2045 2045 0.0 0 0 0.0 0.0 0.0 0 1
2006.08333333 2151 1919 1.66666666667 3 0 0.00082696736162 0.00151668351871 0.0 11 1
2088.0 2088 2088 0.0 0 0 0.0 0.0 0.0 0 1
2021.0 2031 2011 0.0 0 0 0.0 0.0 0.0 1 1
1980.66666667 2125 1818 5.33333333333 19 0 0.00267034645172 0.00946686596911 0.0 26 1
2178.0 2178 2178 0.0 0 0 0.0 0.0 0.0 0 1
2040.7 2130 1979 1.2 3 0 0.000586196651193 0.00143884892086 0.0 9 1
1849.5 1862 1837 0.5 1 0 0.000268384326355 0.000536768652711 0.0 1 1
2148.0 2148 2148 0.0 0 0 0.0 0.0 0.0 0 1
2104.875 2195 2007 1.0 2 0 0.000463025828368 0.000934142923867 0.0 7 1
1909.5 1918 1901 0.5 1 0 0.000262881177708 0.000525762355415 0.0 1 1
2139.0 2139 2139 0.0 0 0 0.0 0.0 0.0 0 1
2175.66666667 2235 2111 1.44444444444 4 0 0.000660202870928 0.00178651183564 0.0 8 1
1619.74940898 2112 1320 27.511820331 88 0 0.0169064578074 0.0487804878049 0.0 845 1
2063.0 2063 2063 0.0 0 0 0.0 0.0 0.0 0 1
2010.0 2010 2010 0.0 0 0 0.0 0.0 0.0 0 1
1955.66666667 2148 1840 4.06666666667 10 0 0.00211741534969 0.00529380624669 0.0 29 1
1944.0 1944 1944 0.0 0 0 0.0 0.0 0.0 0 1
1988.5 1994 1983 1.0 2 0 0.000503778337531 0.00100755667506 0.0 1 1
2068.0 2068 2068 0.0 0 0 0.0 0.0 0.0 0 1
2002.25 2038 1983 1.0 2 0 0.000496482232117 0.000980392156863 0.0 3 1
2305.0 2305 2305 0.0 0 0 0.0 0.0 0.0 0 1
2201.0 2201 2201 0.0 0 0 0.0 0.0 0.0 0 1
2159.5 2184 2135 0.0 0 0 0.0 0.0 0.0 1 1
1995.72727273 2074 1891 1.63636363636 4 0 0.000815661374681 0.00196078431373 0.0 10 1
2105.0 2105 2105 0.0 0 0 0.0 0.0 0.0 0 1
2027.33333333 2115 1957 0.666666666667 3 0 0.000315512503027 0.0014164305949 0.0 5 1
2045.0 2098 1977 0.333333333333 1 0 0.00015880578053 0.000476417341591 0.0 2 1
1945.0 1987 1903 0.0 0 0 0.0 0.0 0.0 1 1
2155.0 2155 2155 0.0 0 0 0.0 0.0 0.0 0 1
2131.22222222 2191 2011 1.66666666667 3 0 0.000770428085714 0.0014064697609 0.0 8 1
1897.6 1932 1813 1.2 3 0 0.000622907620479 0.0015503875969 0.0 4 1
2206.0 2239 2171 1.33333333333 2 0 0.000608454645974 0.000920386562356 0.0 2 1
1909.5 1914 1905 0.5 1 0 0.000262329485834 0.000524658971668 0.0 1 1
1964.8 2029 1930 0.4 1 0 0.000199328619101 0.000504032258065 0.0 4 1
1937.14285714 2037 1863 2.0 6 0 0.0010280918544 0.00312012480499 0.0 6 1
2119.0 2119 2119 0.0 0 0 0.0 0.0 0.0 0 1
1995.25 2043 1928 1.5 3 0 0.000749215115771 0.00146627565982 0.0 3 1
2011.0 2011 2011 0.0 0 0 0.0 0.0 0.0 0 1
2101.0 2101 2101 0.0 0 0 0.0 0.0 0.0 0 1
2115.0 2115 2115 0.0 0 0 0.0 0.0 0.0 0 1
1982.0 1982 1982 0.0 0 0 0.0 0.0 0.0 0 1
2130.0 2133 2127 0.5 1 0 0.000234301780694 0.000468603561387 0.0 1 1
2018.75 2097 1956 1.25 2 0 0.000621067167297 0.00102145045965 0.0 7 1
2222.75 2242 2204 0.5 2 0 0.000226142017187 0.000904568068747 0.0 3 1
1718.12631579 2277 1463 32.2157894737 72 0 0.0188892861158 0.0444583594239 0.0 189 1
1948.0 1974 1929 1.33333333333 2 0 0.000682626176643 0.00103573278094 0.0 2 1
2093.33333333 2129 2068 0.333333333333 1 0 0.000156494522692 0.000469483568075 0.0 2 1
2017.66666667 2035 1995 0.666666666667 1 0 0.000330720379856 0.000501002004008 0.0 2 1
2175.16666667 2218 2157 0.166666666667 1 0 7.68757687577e-05 0.000461254612546 0.0 5 1
2072.5 2096 2049 0.0 0 0 0.0 0.0 0.0 1 1
2073.22222222 2110 2029 1.77777777778 4 0 0.000858706512956 0.0019483682416 0.0 8 1
2063.0 2063 2063 0.0 0 0 0.0 0.0 0.0 0 1
1993.0 2024 1970 0.666666666667 1 0 0.000333727944078 0.00050735667174 0.0 2 1
1992.0 1992 1992 0.0 0 0 0.0 0.0 0.0 0 1
2063.5 2096 2031 1.0 2 0 0.000491883915396 0.000983767830792 0.0 1 1
2029.0 2061 1997 0.5 1 0 0.000242483026188 0.000484966052376 0.0 1 1
1945.0 1945 1945 0.0 0 0 0.0 0.0 0.0 0 1
2271.0 2271 2271 0.0 0 0 0.0 0.0 0.0 0 1
2164.0 2164 2164 0.0 0 0 0.0 0.0 0.0 0 1
2004.0 2022 1989 0.333333333333 1 0 0.0001665001665 0.0004995004995 0.0 2 1
2182.5 2227 2138 1.0 2 0 0.000448631673396 0.000897263346792 0.0 1 1
2036.5 2135 1981 0.333333333333 2 0 0.000155981906099 0.000935891436593 0.0 5 1
1973.4 2144 1828 3.7 7 0 0.00185866343486 0.00367068694284 0.0 29 1
2139.0 2139 2139 0.0 0 0 0.0 0.0 0.0 0 1
2085.33333333 2101 2055 0.0 0 0 0.0 0.0 0.0 2 1
2117.0 2117 2117 0.0 0 0 0.0 0.0 0.0 0 1
1893.0 1912 1874 0.0 0 0 0.0 0.0 0.0 1 1
2124.66666667 2166 2045 0.0 0 0 0.0 0.0 0.0 2 1
1992.0 1992 1992 0.0 0 0 0.0 0.0 0.0 0 1
1996.5 2007 1986 0.0 0 0 0.0 0.0 0.0 1 1
2138.33333333 2170 2115 1.33333333333 3 0 0.000617723211865 0.00138057984353 0.0 2 1
2139.25 2162 2117 1.0 2 0 0.000466680371637 0.000942507068803 0.0 3 1
2037.0 2104 1957 0.285714285714 1 0 0.000138412363274 0.000493827160494 0.0 6 1
2101.33333333 2125 2075 0.666666666667 1 0 0.000317354151524 0.000481695568401 0.0 2 1
2088.14285714 2138 2027 0.428571428571 1 0 0.000202036256651 0.000473484848485 0.0 6 1
2034.0 2034 2034 0.0 0 0 0.0 0.0 0.0 0 1
2060.0 2099 2009 1.0 2 0 0.000483205214228 0.000984251968504 0.0 4 1
2104.0 2146 2058 1.25 3 0 0.000592075516804 0.00143061516452 0.0 3 1
2046.0 2082 2016 1.25 2 0 0.000610539635299 0.000986679822398 0.0 3 1
2116.33333333 2159 2089 1.0 2 0 0.000477405848665 0.000956480153037 0.0 2 1
1875.0 1875 1875 0.0 0 0 0.0 0.0 0.0 0 1
2166.0 2166 2166 0.0 0 0 0.0 0.0 0.0 0 1
1932.0 1932 1932 0.0 0 0 0.0 0.0 0.0 0 1
2126.75 2174 2095 0.5 1 0 0.000234217337896 0.000477099236641 0.0 3 1
2114.5 2119 2110 0.0 0 0 0.0 0.0 0.0 1 1
2014.0 2014 2014 0.0 0 0 0.0 0.0 0.0 0 1
2091.5 2239 2014 1.5 3 0 0.000720265684571 0.00148735746158 0.0 5 1
2208.0 2208 2208 0.0 0 0 0.0 0.0 0.0 0 1
2233.0 2233 2233 0.0 0 0 0.0 0.0 0.0 0 1
2109.0 2109 2109 0.0 0 0 0.0 0.0 0.0 0 1
2027.2 2143 1952 0.4 1 0 0.000192489931296 0.000496031746032 0.0 4 1
2091.0 2091 2091 0.0 0 0 0.0 0.0 0.0 0 1
2023.2 2169 1919 0.8 2 0 0.000391721169343 0.000991080277502 0.0 9 1
2122.75 2221 2056 0.25 1 0 0.000118009503595 0.000473709142586 0.0 7 1
2089.0 2089 2089 0.0 0 0 0.0 0.0 0.0 0 1
1995.75 2073 1929 0.5 1 0 0.000247443572586 0.000507614213198 0.0 3 1
1900.0 1900 1900 0.0 0 0 0.0 0.0 0.0 0 1
1987.5 2001 1974 0.5 1 0 0.00024975024975 0.0004995004995 0.0 1 1
1990.56 2171 1831 1.16 5 0 0.000590918381764 0.00256541816316 0.0 24 1
1840.79069767 2109 1611 18.3953488372 44 0 0.0098177055176 0.0233669676049 0.0 42 1
2011.66666667 2025 1999 1.0 2 0 0.000495559940799 0.000986679822398 0.0 2 1
2172.0 2172 2172 0.0 0 0 0.0 0.0 0.0 0 1
1985.0 1985 1985 0.0 0 0 0.0 0.0 0.0 0 1
2028.25 2102 1950 0.25 1 0 0.000118877793628 0.000475511174513 0.0 3 1
2031.0 2031 2031 0.0 0 0 0.0 0.0 0.0 0 1
2047.0 2103 1987 2.0 4 0 0.000972543906672 0.00195790504161 0.0 7 1
2152.0 2152 2152 0.0 0 0 0.0 0.0 0.0 0 1
1731.53416149 2147 1477 12.7826086957 40 0 0.00738409952096 0.0228702115495 0.0 160 1
2147.33333333 2184 2109 0.333333333333 1 0 0.00015503875969 0.00046511627907 0.0 2 1
1939.8 2019 1861 2.0 4 0 0.00101556119243 0.00204394481349 0.0 4 1
2151.0 2151 2151 0.0 0 0 0.0 0.0 0.0 0 1
2150.6 2165 2130 1.0 2 0 0.000465529560861 0.00093808630394 0.0 4 1
2139.28571429 2211 2053 2.28571428571 4 0 0.00105786318909 0.00184842883549 0.0 6 1
1961.0 1987 1938 0.5 2 0 0.000251382604324 0.0010055304173 0.0 3 1
2018.0 2018 2018 0.0 0 0 0.0 0.0 0.0 0 1
2128.0 2128 2128 0.0 0 0 0.0 0.0 0.0 0 1
1920.33333333 1967 1848 0.666666666667 2 0 0.000342231348392 0.00102669404517 0.0 2 1
1956.0 1956 1956 0.0 0 0 0.0 0.0 0.0 0 1
1982.0 1982 1982 0.0 0 0 0.0 0.0 0.0 0 1
2052.0 2073 2031 0.0 0 0 0.0 0.0 0.0 1 1
1881.0 1881 1881 0.0 0 0 0.0 0.0 0.0 0 1
1961.0 1976 1946 0.5 1 0 0.000252908447142 0.000505816894284 0.0 1 1
2055.0 2055 2055 0.0 0 0 0.0 0.0 0.0 0 1
1944.0 1944 1944 0.0 0 0 0.0 0.0 0.0 0 1
1967.0 1967 1967 0.0 0 0 0.0 0.0 0.0 0 1
2211.0 2211 2211 0.0 0 0 0.0 0.0 0.0 0 1
2043.5 2045 2042 0.5 1 0 0.000244738130201 0.000489476260401 0.0 1 1
2008.0 2020 1981 0.75 1 0 0.000373967437426 0.00050454086781 0.0 3 1
2133.25 2216 2066 0.25 1 0 0.000112764997745 0.000451059990979 0.0 3 1
1958.5 1996 1928 0.0 0 0 0.0 0.0 0.0 3 1
2068.0 2125 1991 0.0 0 0 0.0 0.0 0.0 2 1
2090.0 2090 2090 0.0 0 0 0.0 0.0 0.0 0 1
2189.0 2189 2189 0.0 0 0 0.0 0.0 0.0 0 1
2166.25 2204 2139 0.25 1 0 0.000116822429907 0.000467289719626 0.0 3 1
2051.0 2051 2051 0.0 0 0 0.0 0.0 0.0 0 1
2006.0 2006 2006 0.0 0 0 0.0 0.0 0.0 0 1
2143.0 2143 2143 0.0 0 0 0.0 0.0 0.0 0 1
1865.5 1904 1827 0.5 1 0 0.000262467191601 0.000524934383202 0.0 1 1
2090.0 2090 2090 0.0 0 0 0.0 0.0 0.0 0 1
1895.0 1912 1872 0.75 1 0 0.000396774807712 0.000533902829685 0.0 3 1
2155.11111111 2255 2037 1.55555555556 3 0 0.000712448172689 0.00139340455179 0.0 8 1
2086.0 2086 2086 0.0 0 0 0.0 0.0 0.0 0 1
2121.0 2121 2121 0.0 0 0 0.0 0.0 0.0 0 1
2179.6 2208 2143 1.4 2 0 0.000638249012294 0.000912408759124 0.0 4 1
2036.0 2036 2036 0.0 0 0 0.0 0.0 0.0 0 1
2159.0 2231 2087 0.5 1 0 0.000231738969225 0.000478927203065 0.0 3 1
1994.66666667 2004 1976 0.333333333333 1 0 0.000168605631428 0.000505816894284 0.0 2 1
2169.0 2169 2169 0.0 0 0 0.0 0.0 0.0 0 1
2052.0 2052 2052 0.0 0 0 0.0 0.0 0.0 0 1
1999.0 1999 1999 0.0 0 0 0.0 0.0 0.0 0 1
1872.63636364 1981 1792 1.45454545455 4 0 0.000771636489125 0.00218340611354 0.0 10 1
2039.5 2081 1998 0.5 1 0 0.000240153698367 0.000480307396734 0.0 1 1
2028.0 2042 2014 0.0 0 0 0.0 0.0 0.0 1 1
1974.0 1974 1974 0.0 0 0 0.0 0.0 0.0 0 1
2109.66666667 2136 2083 0.666666666667 1 0 0.000317851863908 0.000479846449136 0.0 2 1
2101.0 2101 2101 0.0 0 0 0.0 0.0 0.0 0 1
1916.92682927 2315 1750 2.17073170732 9 0 0.00113952514001 0.0049369171695 0.0 40 1
2085.4 2151 2012 0.866666666667 4 0 0.00041645080441 0.00189843379212 0.0 14 1
2069.0 2069 2069 0.0 0 0 0.0 0.0 0.0 0 1
2089.0 2138 2054 0.333333333333 1 0 0.000155836060464 0.000467508181393 0.0 2 1
2235.0 2235 2235 0.0 0 0 0.0 0.0 0.0 0 1
1944.0 1944 1944 0.0 0 0 0.0 0.0 0.0 0 1
1921.75 2000 1868 2.5 5 0 0.00129500493961 0.00265957446809 0.0 7 1
2188.66666667 2251 2141 0.333333333333 1 0 0.000149800315607 0.000454752160073 0.0 5 1
2116.0 2116 2116 0.0 0 0 0.0 0.0 0.0 0 1
2081.33333333 2112 2028 0.0 0 0 0.0 0.0 0.0 2 1
2055.5 2084 2027 0.5 1 0 0.000246548323471 0.000493096646943 0.0 1 1
2103.2 2157 2029 0.7 2 0 0.000332220492417 0.000950118764846 0.0 9 1
2198.33333333 2233 2163 0.666666666667 1 0 0.000305550887806 0.000462107208872 0.0 2 1
2101.0 2101 2101 0.0 0 0 0.0 0.0 0.0 0 1
2007.25 2145 1915 1.58333333333 4 0 0.000781587572051 0.00198807157058 0.0 11 1
2042.0 2042 2042 0.0 0 0 0.0 0.0 0.0 0 1
2097.0 2097 2097 0.0 0 0 0.0 0.0 0.0 0 1
1938.0 1951 1925 0.0 0 0 0.0 0.0 0.0 1 1
2013.5 2031 1996 0.0 0 0 0.0 0.0 0.0 1 1
2185.0 2185 2185 0.0 0 0 0.0 0.0 0.0 0 1
2119.0 2119 2119 0.0 0 0 0.0 0.0 0.0 0 1
2101.0 2101 2101 0.0 0 0 0.0 0.0 0.0 0 1
2097.0 2163 2031 0.5 1 0 0.000231053604436 0.000462107208872 0.0 1 1
2219.66666667 2287 2165 0.666666666667 2 0 0.00029124799767 0.00087374399301 0.0 2 1
2248.66666667 2272 2232 1.0 2 0 0.000445067451351 0.000895255147717 0.0 2 1
2130.25 2198 2046 0.75 1 0 0.000347475464036 0.00047664442326 0.0 3 1
2204.0 2204 2204 0.0 0 0 0.0 0.0 0.0 0 1
2072.5 2084 2061 0.5 1 0 0.000242483026188 0.000484966052376 0.0 1 1
2120.0 2120 2120 0.0 0 0 0.0 0.0 0.0 0 1
2306.0 2306 2306 0.0 0 0 0.0 0.0 0.0 0 1
2064.0 2064 2064 0.0 0 0 0.0 0.0 0.0 0 1
1956.0 1979 1938 0.428571428571 1 0 0.000218586683829 0.000512295081967 0.0 6 1
2234.0 2234 2234 0.0 0 0 0.0 0.0 0.0 0 1
2017.0 2044 1957 0.6 1 0 0.000298758786217 0.000510725229826 0.0 4 1
2162.0 2176 2148 0.5 1 0 0.000232666356445 0.00046533271289 0.0 1 1
2094.375 2210 2039 0.625 2 0 0.000297245836582 0.000973709834469 0.0 7 1
2091.45454545 2139 1994 0.909090909091 3 0 0.000432046216773 0.00140056022409 0.0 10 1
2095.0 2095 2095 0.0 0 0 0.0 0.0 0.0 0 1
2141.5 2198 2109 0.5 1 0 0.00023596461533 0.000473933649289 0.0 3 1
2172.5 2179 2166 1.0 2 0 0.000461254612546 0.000922509225092 0.0 1 1
2330.0 2330 2330 0.0 0 0 0.0 0.0 0.0 0 1
1975.33333333 2023 1907 0.0 0 0 0.0 0.0 0.0 2 1
2011.63636364 2083 1901 2.63636363636 7 0 0.00129360205057 0.00346363186541 0.0 10 1
1949.0 1949 1949 0.0 0 0 0.0 0.0 0.0 0 1
2082.0 2082 2082 0.0 0 0 0.0 0.0 0.0 0 1
1862.66666667 1902 1825 2.0 3 0 0.00107198033506 0.00164113785558 0.0 2 1
2019.0 2073 1965 0.5 1 0 0.000241080038573 0.000482160077146 0.0 1 1
2083.36363636 2283 1974 1.54545454545 3 0 0.000742132309146 0.00147565174619 0.0 10 1
2045.11111111 2132 1917 0.555555555556 2 0 0.000265342908237 0.000944287063267 0.0 8 1
1996.0 1996 1996 0.0 0 0 0.0 0.0 0.0 1 1
1974.5 2031 1918 0.5 1 0 0.000246062992126 0.000492125984252 0.0 1 1
1975.0 1997 1961 0.666666666667 1 0 0.000336728165474 0.000509683995923 0.0 2 1
2172.0 2172 2172 0.0 0 0 0.0 0.0 0.0 1 1
1893.72727273 1995 1826 2.09090909091 4 0 0.00110102830823 0.00217509516041 0.0 10 1
1902.47916667 2189 1749 4.29166666667 18 0 0.00229513305615 0.00953895071542 0.0 47 1
1918.0 1919 1917 0.5 1 0 0.000260416666667 0.000520833333333 0.0 1 1
2013.0 2013 2013 0.0 0 0 0.0 0.0 0.0 0 1
2003.0 2003 2003 0.0 0 0 0.0 0.0 0.0 0 1
1981.0 1981 1981 0.0 0 0 0.0 0.0 0.0 0 1
2092.0 2105 2079 0.0 0 0 0.0 0.0 0.0 1 1
2026.5 2060 1993 0.5 1 0 0.000242600679282 0.000485201358564 0.0 1 1
1947.0 1947 1947 0.0 0 0 0.0 0.0 0.0 0 1
2077.75 2132 2042 1.75 3 0 0.000839290177601 0.00146484375 0.0 3 1
2045.75 2113 1985 1.75 4 0 0.000839377487537 0.00191113234591 0.0 3 1
1897.73333333 1982 1735 1.06666666667 4 0 0.000547066591415 0.00202224469161 0.0 14 1
2070.0 2070 2070 0.0 0 0 0.0 0.0 0.0 0 1
2111.0 2111 2111 0.0 0 0 0.0 0.0 0.0 0 1
2094.0 2094 2094 0.0 0 0 0.0 0.0 0.0 0 1
2081.5 2195 2022 0.0 0 0 0.0 0.0 0.0 3 1
1958.5 1972 1945 0.0 0 0 0.0 0.0 0.0 1 1
1882.734375 2167 1704 8.546875 26 0 0.00447968347551 0.0138004246285 0.0 63 1
1974.6 2026 1901 0.2 1 0 9.90099009901e-05 0.00049504950495 0.0 4 1
2289.0 2289 2289 0.0 0 0 0.0 0.0 0.0 0 1
2136.0 2185 2071 1.0 3 0 0.000471608718272 0.00142382534409 0.0 5 1
2017.0 2017 2017 0.0 0 0 0.0 0.0 0.0 0 1
2165.5 2178 2153 0.5 1 0 0.000229463056448 0.000458926112896 0.0 1 1
2017.0 2017 2017 0.0 0 0 0.0 0.0 0.0 0 1
2082.5 2087 2078 0.5 1 0 0.000239463601533 0.000478927203065 0.0 1 1
2013.0 2013 2013 0.0 0 0 0.0 0.0 0.0 0 1
1999.63636364 2109 1887 0.909090909091 2 0 0.000457431170545 0.00105876124934 0.0 10 1
1963.0 1963 1963 0.0 0 0 0.0 0.0 0.0 0 1
2045.0 2045 2045 0.0 0 0 0.0 0.0 0.0 0 1
2025.77272727 2253 1857 1.27272727273 4 0 0.000640034239544 0.00207468879668 0.0 21 1
2161.0 2176 2146 0.5 1 0 0.000229673863114 0.000459347726229 0.0 1 1
2130.0 2130 2130 0.0 0 0 0.0 0.0 0.0 0 1
1707.77419355 2060 1528 5.46774193548 21 0 0.00319593726553 0.0122306348282 0.0 61 1
2287.0 2332 2242 0.5 1 0 0.000214316330904 0.000428632661809 0.0 1 1
1928.0 1928 1928 0.0 0 0 0.0 0.0 0.0 0 1
1959.0 1959 1959 0.0 0 0 0.0 0.0 0.0 0 1
2031.0 2031 2031 0.0 0 0 0.0 0.0 0.0 0 1
2169.5 2191 2148 0.5 1 0 0.000228102189781 0.000456204379562 0.0 1 1
2139.0 2139 2139 0.0 0 0 0.0 0.0 0.0 0 1
1942.8 2035 1878 0.8 1 0 0.00040836719717 0.000518403317781 0.0 4 1
1996.5 2013 1973 0.75 1 0 0.000374006144892 0.000499750124938 0.0 3 1
1843.5 1846 1841 0.0 0 0 0.0 0.0 0.0 1 1
1853.11666667 2083 1641 4.71666666667 12 0 0.00253204932664 0.00702576112412 0.0 59 1
1780.44285714 2219 1560 23.1428571429 60 0 0.013242906784 0.0355660936574 0.0 139 1
2110.0 2110 2110 0.0 0 0 0.0 0.0 0.0 0 1
2054.5 2088 2021 0.0 0 0 0.0 0.0 0.0 1 1
2111.0 2111 2111 0.0 0 0 0.0 0.0 0.0 0 1
2035.0 2076 2001 0.0 0 0 0.0 0.0 0.0 2 1
2046.0 2046 2046 0.0 0 0 0.0 0.0 0.0 0 1
1969.5 1994 1945 0.0 0 0 0.0 0.0 0.0 1 1
2046.0 2046 2046 0.0 0 0 0.0 0.0 0.0 0 1
2098.0 2098 2098 0.0 0 0 0.0 0.0 0.0 0 1
2044.0 2044 2044 0.0 0 0 0.0 0.0 0.0 0 1
2186.0 2186 2186 0.0 0 0 0.0 0.0 0.0 0 1
2090.0 2090 2090 0.0 0 0 0.0 0.0 0.0 0 1
1992.0 2029 1949 1.33333333333 2 0 0.000661578860988 0.001 0.0 2 1
2097.0 2097 2097 0.0 0 0 0.0 0.0 0.0 0 1
2078.5 2116 2041 0.5 1 0 0.000236183278224 0.000472366556448 0.0 1 1
1908.14285714 1998 1852 2.0 4 0 0.00104976084361 0.0021528525296 0.0 13 1
2015.0 2015 2015 0.0 0 0 0.0 0.0 0.0 0 1
2031.0 2031 2031 0.0 0 0 0.0 0.0 0.0 0 1
2057.0 2058 2056 0.5 1 0 0.000242836328315 0.000485672656629 0.0 1 1
2080.0 2080 2080 0.0 0 0 0.0 0.0 0.0 0 1
1865.0 1896 1844 0.0 0 0 0.0 0.0 0.0 2 1
2034.5 2047 2022 0.5 1 0 0.000244140625 0.00048828125 0.0 1 1
1973.0 1974 1972 0.5 1 0 0.000253164556962 0.000506329113924 0.0 1 1
2221.0 2221 2221 0.0 0 0 0.0 0.0 0.0 0 1
