1964.0 1964 1964 0.0 0 0 0.0 0.0 0.0 0 1
2044.0 2072 2024 0.0 0 0 0.0 0.0 0.0 2 1
2023.33333333 2036 2013 1.0 2 0 0.000494491282652 0.000992555831266 0.0 2 1
2043.0 2083 1993 0.0 0 0 0.0 0.0 0.0 2 1
1931.0 1945 1917 0.0 0 0 0.0 0.0 0.0 1 1
1898.0 1898 1898 0.0 0 0 0.0 0.0 0.0 0 1
2124.66666667 2220 2041 1.5 3 0 0.00069959891802 0.00141242937853 0.0 5 1
2047.0 2110 1984 0.5 1 0 0.000251889168766 0.000503778337531 0.0 1 1
2126.33333333 2158 2106 1.0 3 0 0.000462748727441 0.00138824618232 0.0 2 1
2110.0 2110 2110 0.0 0 0 0.0 0.0 0.0 0 1
2043.0 2087 1999 0.0 0 0 0.0 0.0 0.0 1 1
2295.0 2295 2295 0.0 0 0 0.0 0.0 0.0 0 1
1936.0 1936 1936 0.0 0 0 0.0 0.0 0.0 0 1
1886.66666667 1903 1855 1.0 2 0 0.000525118280341 0.0010498687664 0.0 2 1
2073.5 2085 2062 0.5 1 0 0.000239693192713 0.000479386385427 0.0 1 1
2075.6 2148 1993 0.9 2 0 0.000431319729485 0.00093023255814 0.0 9 1
2297.0 2297 2297 0.0 0 0 0.0 0.0 0.0 0 1
2044.0 2045 2043 0.5 1 0 0.000244379276637 0.000488758553275 0.0 1 1
2164.66666667 2210 2074 0.0 0 0 0.0 0.0 0.0 2 1
2040.0 2040 2040 0.0 0 0 0.0 0.0 0.0 0 1
2096.84615385 2264 1966 1.07692307692 2 0 0.000515714186664 0.0010111223458 0.0 12 1
2125.71428571 2235 2055 0.428571428571 2 0 0.000201846743112 0.000946073793756 0.0 6 1
2018.0 2018 2018 0.0 0 0 0.0 0.0 0.0 0 1
2214.5 2235 2194 1.0 2 0 0.000447027268663 0.000894054537327 0.0 1 1
2143.0 2143 2143 0.0 0 0 0.0 0.0 0.0 0 1
1956.125 2023 1887 1.875 4 0 0.000948791685979 0.00202634245187 0.0 7 1
2109.0 2109 2109 0.0 0 0 0.0 0.0 0.0 0 1
2064.4 2106 2022 0.4 2 0 0.000193704600484 0.000968523002421 0.0 4 1
2039.0 2058 2020 0.5 1 0 0.000247402276101 0.000494804552202 0.0 1 1
1877.88888889 1947 1818 1.22222222222 3 0 0.000649326635978 0.00157315154693 0.0 8 1
1987.0 2007 1955 0.666666666667 1 0 0.000332669322709 0.0005 0.0 2 1
2190.33333333 2250 2136 0.666666666667 1 0 0.000300567847654 0.000457456541629 0.0 2 1
2019.5 2051 1988 0.0 0 0 0.0 0.0 0.0 1 1
2036.5 2048 2009 0.25 1 0 0.000124378109453 0.000497512437811 0.0 3 1
1789.5 1795 1784 0.5 1 0 0.000278396436526 0.000556792873051 0.0 1 1
2215.5 2270 2174 1.25 2 0 0.000562367790478 0.000904977375566 0.0 3 1
1893.0 1915 1871 0.5 1 0 0.000260960334029 0.000521920668058 0.0 1 1
2202.4 2241 2170 1.0 2 0 0.000453562823725 0.000908677873694 0.0 4 1
2143.0 2143 2143 0.0 0 0 0.0 0.0 0.0 0 1
2088.0 2089 2087 0.0 0 0 0.0 0.0 0.0 1 1
2030.0 2030 2030 0.0 0 0 0.0 0.0 0.0 0 1
1682.75415282 2223 1441 17.5149501661 59 0 0.01049518471 0.034282393957 0.0 601 1
1987.85714286 2122 1927 0.571428571429 2 0 0.000282868012933 0.000993048659384 0.0 6 1
1960.5 1975 1947 0.75 2 0 0.000381490171709 0.00101988781234 0.0 3 1
1968.66666667 2005 1870 1.5 3 0 0.000770014897173 0.00160170848905 0.0 5 1
1973.6 2014 1942 1.2 2 0 0.000603346448252 0.00100654252642 0.0 4 1
2043.66666667 2096 2005 0.333333333333 1 0 0.000164122763827 0.000492368291482 0.0 2 1
2094.0 2094 2094 0.0 0 0 0.0 0.0 0.0 0 1
2110.25 2214 2051 1.0 2 0 0.000474448730264 0.000974184120799 0.0 3 1
1894.10526316 2111 1727 5.42105263158 11 0 0.00288008389418 0.00578947368421 0.0 18 1
2057.33333333 2079 2044 0.666666666667 2 0 0.000320358801858 0.000961076405574 0.0 2 1
1867.8 1903 1816 1.0 2 0 0.000530019053067 0.0010498687664 0.0 4 1
2125.0 2179 2083 0.8 2 0 0.00037135701231 0.000917010545621 0.0 4 1
2129.13333333 2186 2048 1.0 3 0 0.000466039914395 0.00139470013947 0.0 14 1
1947.18604651 2205 1690 3.67441860465 13 0 0.00190824529219 0.00698549167114 0.0 42 1
2047.6 2088 2015 0.8 1 0 0.000389002047561 0.000491642084562 0.0 4 1
2002.0 2026 1978 0.5 1 0 0.000246669955599 0.000493339911199 0.0 1 1
2077.42857143 2123 2013 0.714285714286 2 0 0.000340348314763 0.00096015362458 0.0 6 1
2097.0 2102 2092 0.5 1 0 0.000238891543239 0.000477783086479 0.0 1 1
2136.0 2136 2136 0.0 0 0 0.0 0.0 0.0 0 1
1946.14285714 2028 1872 0.571428571429 2 0 0.000293680734581 0.0010111223458 0.0 6 1
2249.0 2249 2249 0.0 0 0 0.0 0.0 0.0 0 1
1881.0 1881 1881 0.0 0 0 0.0 0.0 0.0 0 1
2132.0 2132 2132 0.0 0 0 0.0 0.0 0.0 0 1
2022.0 2022 2022 0.0 0 0 0.0 0.0 0.0 0 1
2174.5 2190 2159 0.5 1 0 0.000231481481481 0.000462962962963 0.0 1 1
2044.0 2044 2044 0.0 0 0 0.0 0.0 0.0 0 1
2144.66666667 2152 2135 1.0 2 0 0.000466276739929 0.000930665425779 0.0 2 1
2011.4 2037 1985 2.4 4 0 0.00118682262072 0.00198609731877 0.0 4 1
2115.0 2127 2103 0.5 1 0 0.000234962406015 0.00046992481203 0.0 1 1
1966.5 1995 1938 0.5 1 0 0.000250501002004 0.000501002004008 0.0 1 1
2066.33333333 2131 2004 2.33333333333 4 0 0.0011203753305 0.00192585459798 0.0 5 1
2151.0 2211 2099 0.6 1 0 0.000276665079989 0.000471475719 0.0 4 1
1966.5 1972 1961 1.0 2 0 0.000506585612969 0.00101317122594 0.0 1 1
2294.0 2306 2282 0.0 0 0 0.0 0.0 0.0 1 1
2044.5 2047 2042 0.5 1 0 0.000244140625 0.00048828125 0.0 1 1
2111.66666667 2144 2067 0.666666666667 1 0 0.000312262900498 0.000470588235294 0.0 2 1
2043.0 2043 2043 0.0 0 0 0.0 0.0 0.0 0 1
2026.0 2026 2026 0.0 0 0 0.0 0.0 0.0 0 1
1974.5 1987 1962 0.5 1 0 0.000254712175242 0.000509424350484 0.0 1 1
1963.0 2023 1883 0.666666666667 1 0 0.000344939273566 0.000530785562633 0.0 2 1
2145.0 2145 2145 0.0 0 0 0.0 0.0 0.0 0 1
2220.0 2220 2220 0.0 0 0 0.0 0.0 0.0 0 1
2241.5 2258 2225 0.5 1 0 0.000224618149146 0.000449236298293 0.0 1 1
2210.66666667 2273 2122 0.5 1 0 0.000226540071908 0.000465766185375 0.0 5 1
2108.0 2118 2098 0.5 1 0 0.00023596035866 0.000471920717319 0.0 1 1
2044.0 2083 2026 0.25 1 0 0.000119961612284 0.000479846449136 0.0 3 1
2267.0 2323 2171 0.8 2 0 0.000352607573162 0.000861326442722 0.0 4 1
2054.0 2075 2033 0.0 0 0 0.0 0.0 0.0 1 1
1987.0 1988 1986 0.5 1 0 0.000251635631605 0.000503271263211 0.0 1 1
1917.66 2179 1759 10.66 26 0 0.00555042296739 0.0126891166423 0.0 49 1
1987.0 1987 1987 0.0 0 0 0.0 0.0 0.0 0 1
2193.94444444 2253 2107 1.61111111111 7 0 0.000727252773118 0.00312779267203 0.0 17 1
1937.5 1940 1935 0.5 1 0 0.00025826446281 0.00051652892562 0.0 1 1
1973.33333333 2015 1907 0.333333333333 1 0 0.000165343915344 0.000496031746032 0.0 2 1
2025.25 2096 1955 1.0 2 0 0.000485131296641 0.00095328884652 0.0 3 1
1963.66666667 2093 1782 1.33333333333 2 0 0.000669155194084 0.00104876769795 0.0 11 1
2221.8 2283 2178 0.8 2 0 0.000363038586644 0.000917431192661 0.0 4 1
2242.0 2242 2242 0.0 0 0 0.0 0.0 0.0 0 1
2069.0 2069 2069 0.0 0 0 0.0 0.0 0.0 0 1
2199.0 2214 2184 0.5 1 0 0.000228832951945 0.00045766590389 0.0 1 1
2153.0 2153 2153 0.0 0 0 0.0 0.0 0.0 0 1
2075.25 2143 2030 0.0 0 0 0.0 0.0 0.0 3 1
2079.0 2087 2071 0.5 1 0 0.000239463601533 0.000478927203065 0.0 1 1
2030.0 2030 2030 0.0 0 0 0.0 0.0 0.0 0 1
1933.25 1951 1920 0.75 2 0 0.000386089225839 0.00102406554019 0.0 3 1
2036.0 2045 2022 0.666666666667 1 0 0.000326158172672 0.00048971596474 0.0 2 1
2041.8 2103 1947 1.0 2 0 0.000483585523798 0.000962927298989 0.0 4 1
1918.0 1921 1915 0.5 1 0 0.000260145681582 0.000520291363163 0.0 1 1
1994.0 1994 1994 0.0 0 0 0.0 0.0 0.0 0 1
2084.0 2084 2084 0.0 0 0 0.0 0.0 0.0 0 1
2088.0 2088 2088 0.0 0 0 0.0 0.0 0.0 0 1
2002.625 2104 1891 1.25 2 0 0.000617571541074 0.00105652403592 0.0 7 1
1937.5 1954 1921 0.0 0 0 0.0 0.0 0.0 1 1
1894.0 1894 1894 0.0 0 0 0.0 0.0 0.0 0 1
2087.5 2097 2078 0.5 1 0 0.00023832221163 0.00047664442326 0.0 1 1
2201.0 2201 2201 0.0 0 0 0.0 0.0 0.0 0 1
1947.66666667 2002 1871 1.0 2 0 0.000504483302092 0.00101419878296 0.0 2 1
2032.0 2032 2032 0.0 0 0 0.0 0.0 0.0 0 1
2108.0 2108 2108 0.0 0 0 0.0 0.0 0.0 0 1
2161.5 2167 2156 0.5 1 0 0.000231803430691 0.000463606861382 0.0 1 1
2022.33333333 2046 1999 0.0 0 0 0.0 0.0 0.0 2 1
1960.2 2026 1901 0.4 1 0 0.000203820453323 0.000525762355415 0.0 4 1
2009.5 2091 1926 2.9 5 0 0.00143677392588 0.00250375563345 0.0 9 1
2083.5 2108 2059 0.5 1 0 0.000242718446602 0.000485436893204 0.0 1 1
2315.0 2315 2315 0.0 0 0 0.0 0.0 0.0 0 1
2308.0 2308 2308 0.0 0 0 0.0 0.0 0.0 0 1
2002.0 2002 2002 0.0 0 0 0.0 0.0 0.0 0 1
2169.0 2169 2169 0.0 0 0 0.0 0.0 0.0 0 1
2050.90909091 2216 1904 1.27272727273 2 0 0.000623182366267 0.00104931794334 0.0 10 1
1976.66666667 2002 1932 0.666666666667 1 0 0.000333334083335 0.00050075112669 0.0 2 1
1938.7 2050 1848 4.2 13 0 0.00212874622646 0.00648379052369 0.0 29 1
2099.8 2137 2014 1.2 3 0 0.000561976178623 0.00140186915888 0.0 4 1
2154.0 2154 2154 0.0 0 0 0.0 0.0 0.0 0 1
1939.0 1939 1939 0.0 0 0 0.0 0.0 0.0 0 1
2185.0 2199 2171 0.0 0 0 0.0 0.0 0.0 1 1
2055.33333333 2092 2023 0.666666666667 1 0 0.000327133526981 0.000494071146245 0.0 2 1
2183.4 2219 2154 0.4 1 0 0.000181206263211 0.000455580865604 0.0 4 1
1988.33333333 2012 1946 0.333333333333 1 0 0.000166002656042 0.000498007968127 0.0 2 1
2078.5 2169 1967 1.16666666667 2 0 0.000554929570814 0.000956937799043 0.0 5 1
1939.0 1939 1939 0.0 0 0 0.0 0.0 0.0 0 1
2132.14285714 2189 2064 1.14285714286 3 0 0.000534984536234 0.00137677833869 0.0 6 1
1936.0 1936 1936 0.0 0 0 0.0 0.0 0.0 0 1
1888.9625 2240 1722 4.0625 11 0 0.00218981147953 0.00611450806003 0.0 79 1
1992.1 2085 1912 0.9 3 0 0.000444201228856 0.0014367816092 0.0 9 1
2083.0 2083 2083 0.0 0 0 0.0 0.0 0.0 0 1
2193.0 2193 2193 0.0 0 0 0.0 0.0 0.0 0 1
2000.125 2038 1972 0.375 1 0 0.000187617933655 0.000505050505051 0.0 7 1
2009.0 2033 1985 0.5 1 0 0.000245821042281 0.000491642084562 0.0 1 1
2040.33333333 2070 1994 0.666666666667 1 0 0.000329053927335 0.000501253132832 0.0 2 1
2086.1 2166 2002 0.8 2 0 0.000382119156663 0.000961076405574 0.0 9 1
2114.0 2114 2114 0.0 0 0 0.0 0.0 0.0 0 1
1977.55555556 2076 1915 2.0 3 0 0.00100575268013 0.00152671755725 0.0 8 1
2300.0 2300 2300 0.0 0 0 0.0 0.0 0.0 0 1
2106.0 2106 2106 0.0 0 0 0.0 0.0 0.0 0 1
1975.0 2037 1870 1.4 4 0 0.000689688298592 0.00195982361587 0.0 4 1
1832.33333333 1849 1805 0.666666666667 1 0 0.000365336401759 0.000553709856035 0.0 2 1
2049.0 2049 2049 0.0 0 0 0.0 0.0 0.0 0 1
2126.0 2126 2126 0.5 1 0 0.000235072872591 0.000470145745181 0.0 1 1
1915.5 1974 1827 0.5 2 0 0.000253036437247 0.00101214574899 0.0 3 1
2170.4 2215 2127 0.4 1 0 0.00018438627714 0.00046468401487 0.0 4 1
1870.0 1870 1870 0.0 0 0 0.0 0.0 0.0 0 1
2013.91304348 2138 1905 2.13043478261 5 0 0.00106132362504 0.00261780104712 0.0 22 1
2144.0 2144 2144 0.0 0 0 0.0 0.0 0.0 0 1
2015.0 2015 2015 0.0 0 0 0.0 0.0 0.0 0 1
2163.0 2275 2042 0.833333333333 2 0 0.000382738252566 0.000908677873694 0.0 11 1
2215.5 2219 2212 0.0 0 0 0.0 0.0 0.0 1 1
1856.85 2045 1765 3.95 11 0 0.00215760364938 0.00594273365748 0.0 19 1
2213.0 2213 2213 0.0 0 0 0.0 0.0 0.0 0 1
1883.5 1907 1860 1.0 2 0 0.000523834468308 0.00104766893662 0.0 1 1
1932.53846154 2004 1879 1.84615384615 6 0 0.000962618450923 0.00318302387268 0.0 12 1
2024.0 2024 2024 0.0 0 0 0.0 0.0 0.0 0 1
2110.0 2110 2110 0.0 0 0 0.0 0.0 0.0 0 1
2202.0 2202 2202 0.0 0 0 0.0 0.0 0.0 0 1
1949.0 1949 1949 0.0 0 0 0.0 0.0 0.0 0 1
2022.0 2022 2022 0.0 0 0 0.0 0.0 0.0 0 1
2065.0 2065 2065 0.0 0 0 0.0 0.0 0.0 0 1
1994.44444444 2054 1938 0.666666666667 2 0 0.000331522805711 0.000991571641051 0.0 8 1
1767.84552846 2117 1535 9.64227642276 27 0 0.00537998654978 0.014933946008 0.0 122 1
2295.0 2295 2295 0.0 0 0 0.0 0.0 0.0 0 1
1998.625 2118 1911 0.375 1 0 0.000187796378544 0.000518941359626 0.0 7 1
2037.16666667 2067 1996 1.0 2 0 0.000491608095315 0.000992063492063 0.0 5 1
2063.25 2131 1919 0.625 2 0 0.000297429749594 0.000946073793756 0.0 7 1
1916.4 1957 1859 1.0 2 0 0.000516239006449 0.00102092904543 0.0 4 1
2133.0 2133 2133 0.0 0 0 0.0 0.0 0.0 0 1
1895.0 1917 1870 0.5 1 0 0.000261853840166 0.000526038926881 0.0 3 1
2194.0 2208 2180 0.5 1 0 0.000226346763241 0.000452693526483 0.0 1 1
2221.5 2270 2173 0.5 1 0 0.000229990800368 0.000459981600736 0.0 1 1
2182.0 2182 2182 0.0 0 0 0.0 0.0 0.0 0 1
1590.51301115 2269 1397 46.8141263941 128 0 0.0291498171361 0.0789636027144 0.0 268 1
2087.0 2099 2075 0.0 0 0 0.0 0.0 0.0 1 1
2102.66666667 2141 2052 0.333333333333 1 0 0.000162364020133 0.000487092060399 0.0 2 1
2196.5 2207 2186 0.0 0 0 0.0 0.0 0.0 1 1
2121.5 2123 2120 0.0 0 0 0.0 0.0 0.0 1 1
1550.05094787 2164 1242 40.3329383886 175 0 0.0260206399979 0.115207373272 0.0 843 1
2026.375 2084 1934 1.625 5 0 0.000790155114222 0.00239808153477 0.0 7 1
2039.0 2039 2039 0.0 0 0 0.0 0.0 0.0 0 1
2153.0 2153 2153 0.0 0 0 0.0 0.0 0.0 0 1
2022.0 2022 2022 0.0 0 0 0.0 0.0 0.0 0 1
2184.0 2184 2184 0.0 0 0 0.0 0.0 0.0 0 1
2124.33333333 2132 2119 0.333333333333 1 0 0.000157232704403 0.000471698113208 0.0 2 1
2005.0 2005 2005 0.0 0 0 0.0 0.0 0.0 0 1
2167.0 2167 2167 0.0 0 0 0.0 0.0 0.0 0 1
2099.5 2117 2082 0.5 1 0 0.000240038406145 0.00048007681229 0.0 1 1
1936.33333333 1972 1908 0.0 0 0 0.0 0.0 0.0 2 1
2077.0 2077 2077 0.0 0 0 0.0 0.0 0.0 0 1
2019.0 2019 2019 0.0 0 0 0.0 0.0 0.0 0 1
2068.5 2087 2050 0.5 1 0 0.000243783520234 0.000487567040468 0.0 1 1
2148.0 2148 2148 0.0 0 0 0.0 0.0 0.0 0 1
1940.0 1940 1940 0.0 0 0 0.0 0.0 0.0 0 1
1946.0 1946 1946 0.0 0 0 0.0 0.0 0.0 0 1
2189.0 2205 2161 1.0 2 0 0.000453446709415 0.000906207521522 0.0 2 1
2058.0 2170 1971 0.25 1 0 0.00012315270936 0.000492610837438 0.0 3 1
1903.5 1973 1834 0.5 1 0 0.000253292806484 0.000506585612969 0.0 1 1
1805.25 1886 1709 0.25 1 0 0.000132485426603 0.000529941706412 0.0 3 1
2037.0 2037 2037 0.0 0 0 0.0 0.0 0.0 0 1
1994.42857143 2037 1964 1.14285714286 2 0 0.000574193101757 0.00101677681749 0.0 6 1
1608.98370672 2113 1295 39.8655804481 139 0 0.024794644813 0.0859085290482 0.0 490 1
2118.66666667 2129 2105 0.0 0 0 0.0 0.0 0.0 2 1
1971.0 1971 1971 0.0 0 0 0.0 0.0 0.0 0 1
1859.0 1893 1816 1.4 3 0 0.000748172238667 0.00158898305085 0.0 4 1
2083.5 2102 2065 0.5 1 0 0.000242013552759 0.000484027105518 0.0 1 1
2113.0 2140 2086 0.0 0 0 0.0 0.0 0.0 1 1
1960.0 1960 1960 0.0 0 0 0.0 0.0 0.0 0 1
1941.0 2027 1832 2.05 7 0 0.00105180952621 0.00361570247934 0.0 19 1
2177.5 2195 2160 1.0 2 0 0.00045516613564 0.000910332271279 0.0 1 1
2060.0 2060 2060 0.0 0 0 0.0 0.0 0.0 0 1
1934.75 1992 1898 0.5 1 0 0.000255174376535 0.000518941359626 0.0 3 1
2031.0 2031 2031 0.0 0 0 0.0 0.0 0.0 0 1
1966.66666667 2001 1921 0.666666666667 1 0 0.000341865691039 0.000520291363163 0.0 2 1
2055.33333333 2092 2035 0.666666666667 1 0 0.000327118404664 0.00049115913556 0.0 2 1
2084.0 2127 2054 0.333333333333 1 0 0.00015664160401 0.00046992481203 0.0 2 1
2065.0 2065 2065 0.0 0 0 0.0 0.0 0.0 0 1
2007.16666667 2144 1928 0.5 1 0 0.000241554045439 0.000496031746032 0.0 5 1
1991.6 2048 1921 0.6 2 0 0.000301659734587 0.00100654252642 0.0 4 1
1710.0 1710 1710 0.0 0 0 0.0 0.0 0.0 0 1
2019.4 2045 2002 0.8 2 0 0.000394661717212 0.000977039570103 0.0 4 1
1954.5 1972 1937 0.0 0 0 0.0 0.0 0.0 1 1
2277.0 2277 2277 0.0 0 0 0.0 0.0 0.0 0 1
2174.0 2246 2134 0.0 0 0 0.0 0.0 0.0 3 1
2037.66666667 2086 1975 0.666666666667 1 0 0.00032840985291 0.000506072874494 0.0 2 1
2126.0 2126 2126 0.0 0 0 0.0 0.0 0.0 0 1
2169.25 2197 2115 0.25 1 0 0.00011379153391 0.00045516613564 0.0 3 1
2115.0 2115 2115 0.0 0 0 0.0 0.0 0.0 0 1
1921.0 1921 1921 0.0 0 0 0.0 0.0 0.0 0 1
2097.0 2104 2086 0.666666666667 1 0 0.000316932258461 0.000475737392959 0.0 2 1
2204.0 2204 2204 0.0 0 0 0.0 0.0 0.0 0 1
2022.0 2022 2022 0.0 0 0 0.0 0.0 0.0 0 1
2246.66666667 2259 2230 0.666666666667 1 0 0.000295509203225 0.00044404973357 0.0 2 1
2012.0 2012 2012 0.0 0 0 0.0 0.0 0.0 0 1
2082.0 2121 2023 0.666666666667 1 0 0.000315588236305 0.000475511174513 0.0 2 1
1924.0 1924 1924 0.0 0 0 0.0 0.0 0.0 0 1
2065.33333333 2139 2007 0.333333333333 1 0 0.000155763239875 0.000467289719626 0.0 2 1
2139.66666667 2197 2100 1.25 3 0 0.000582114676544 0.00137741046832 0.0 11 1
2044.0 2044 2044 0.0 0 0 0.0 0.0 0.0 0 1
1885.0 1885 1885 0.0 0 0 0.0 0.0 0.0 0 1
2024.8 2047 2004 0.8 2 0 0.000392501686229 0.000979911807937 0.0 4 1
2002.0 2002 2002 0.0 0 0 0.0 0.0 0.0 0 1
2070.33333333 2102 2050 0.333333333333 1 0 0.000158503724838 0.000475511174513 0.0 2 1
2129.0 2145 2113 0.666666666667 2 0 0.000312842171125 0.000938526513374 0.0 2 1
2126.0 2126 2126 0.0 0 0 0.0 0.0 0.0 0 1
2202.0 2202 2202 0.0 0 0 0.0 0.0 0.0 0 1
2047.17647059 2213 1940 1.58823529412 4 0 0.000771069235525 0.00201106083459 0.0 16 1
2149.0 2149 2149 0.0 0 0 0.0 0.0 0.0 0 1
1961.4 1996 1932 1.0 2 0 0.00051248238919 0.00103412616339 0.0 4 1
2007.0 2052 1944 0.0 0 0 0.0 0.0 0.0 4 1
2147.55555556 2237 2089 1.77777777778 5 0 0.000821140525125 0.0022758306782 0.0 8 1
2133.0 2133 2133 0.0 0 0 0.0 0.0 0.0 0 1
2053.75 2089 2010 1.25 2 0 0.000602964518173 0.000968523002421 0.0 3 1
2100.0 2131 2045 0.666666666667 1 0 0.000319267235082 0.000488758553275 0.0 2 1
1991.5 2024 1957 0.25 1 0 0.000123456790123 0.000493827160494 0.0 3 1
2195.5 2217 2174 0.5 1 0 0.000229885057471 0.000459770114943 0.0 1 1
2071.0 2071 2071 0.0 0 0 0.0 0.0 0.0 0 1
2030.5 2074 1987 0.5 1 0 0.000240963855422 0.000481927710843 0.0 1 1
2071.0 2071 2071 0.0 0 0 0.0 0.0 0.0 0 1
2213.5 2233 2194 0.0 0 0 0.0 0.0 0.0 1 1
2028.85714286 2090 1939 1.0 2 0 0.000491962859969 0.000985707244948 0.0 6 1
1931.66666667 1958 1904 0.0 0 0 0.0 0.0 0.0 2 1
1958.74193548 2230 1715 2.90322580645 8 0 0.00149588403956 0.00403429147756 0.0 30 1
1851.5 1891 1830 0.75 2 0 0.000407095115711 0.00108754758021 0.0 3 1
2043.0 2102 1976 0.75 2 0 0.00036488087152 0.000966183574879 0.0 3 1
1896.0 1896 1896 0.0 0 0 0.0 0.0 0.0 0 1
1957.71428571 1998 1904 0.714285714286 2 0 0.000364394055919 0.00101988781234 0.0 6 1
1993.66666667 2041 1948 0.666666666667 2 0 0.000326317506934 0.000978952520803 0.0 2 1
2040.25 2135 1939 0.75 1 0 0.000361600486994 0.000489955903969 0.0 3 1
1950.6 2028 1865 1.6 3 0 0.00081840856723 0.00147710487445 0.0 4 1
2065.75 2104 2014 1.0 2 0 0.000486169448325 0.000992063492063 0.0 3 1
1862.125 2006 1733 1.75 4 0 0.000949832808759 0.00228702115495 0.0 15 1
2165.0 2165 2165 0.0 0 0 0.0 0.0 0.0 0 1
2101.0 2101 2101 0.0 0 0 0.0 0.0 0.0 0 1
2097.8 2127 2081 0.8 2 0 0.000380018806417 0.000955109837631 0.0 4 1
1892.5 1935 1856 1.0 2 0 0.000529923406476 0.0010718113612 0.0 5 1
2056.66666667 2107 2009 0.0 0 0 0.0 0.0 0.0 2 1
2084.0 2084 2084 0.0 0 0 0.0 0.0 0.0 0 1
2041.0 2070 2012 0.5 1 0 0.000241429261226 0.000482858522453 0.0 1 1
1979.0 1979 1979 0.0 0 0 0.0 0.0 0.0 0 1
2070.25 2124 2021 0.75 1 0 0.000359353965192 0.000489955903969 0.0 3 1
1986.33333333 1993 1974 0.0 0 0 0.0 0.0 0.0 2 1
2199.0 2199 2199 0.0 0 0 0.0 0.0 0.0 0 1
1683.43644068 2030 1430 24.8898305085 69 0 0.0148503229924 0.0398791540785 0.0 235 1
2230.0 2230 2230 0.0 0 0 0.0 0.0 0.0 0 1
1940.0 1940 1940 0.0 0 0 0.0 0.0 0.0 0 1
2094.2 2127 2039 1.0 2 0 0.000470278471343 0.000940733772342 0.0 4 1
2054.0 2054 2054 0.0 0 0 0.0 0.0 0.0 0 1
2257.5 2288 2227 0.5 1 0 0.000218435998253 0.000436871996505 0.0 1 1
2085.0 2085 2085 0.0 0 0 0.0 0.0 0.0 0 1
2004.0 2004 2004 0.0 0 0 0.0 0.0 0.0 0 1
1896.46428571 2067 1704 3.96428571429 10 0 0.00205382839386 0.00512820512821 0.0 27 1
2011.0 2032 1968 1.0 2 0 0.000500234875571 0.0010152284264 0.0 3 1
2089.5 2119 2060 0.5 1 0 0.000235849056604 0.000471698113208 0.0 1 1
2206.0 2222 2187 1.2 3 0 0.000543249469397 0.00135135135135 0.0 4 1
2059.66666667 2085 2029 0.666666666667 1 0 0.000321137830315 0.000484027105518 0.0 2 1
2024.66666667 2134 1939 1.90476190476 7 0 0.000928197479086 0.00333969465649 0.0 20 1
2169.4 2207 2132 0.6 2 0 0.000280421433853 0.000937207122774 0.0 4 1
1964.625 2028 1879 0.5 1 0 0.000251250636624 0.000511508951407 0.0 7 1
1948.33333333 2067 1831 2.375 9 0 0.00119346926396 0.00449775112444 0.0 23 1
2039.71428571 2119 1972 0.142857142857 1 0 6.91802144587e-05 0.000484261501211 0.0 6 1
2226.0 2226 2226 0.0 0 0 0.0 0.0 0.0 0 1
2182.0 2198 2166 0.0 0 0 0.0 0.0 0.0 1 1
2006.71428571 2120 1946 1.14285714286 2 0 0.000565306406984 0.000994035785288 0.0 6 1
1859.75 1897 1830 1.5 2 0 0.000803601915164 0.00109170305677 0.0 3 1
1996.0 2016 1976 0.5 1 0 0.000252908447142 0.000505816894284 0.0 1 1
1877.57446809 2042 1723 4.48936170213 14 0 0.00234088900405 0.00703164239076 0.0 46 1
1948.0 1948 1948 0.0 0 0 0.0 0.0 0.0 0 1
2172.14285714 2225 2122 0.571428571429 2 0 0.000260278756422 0.000908677873694 0.0 6 1
2135.0 2135 2135 0.0 0 0 0.0 0.0 0.0 0 1
2171.0 2171 2171 0.0 0 0 0.0 0.0 0.0 0 1
1908.0 1908 1908 0.0 0 0 0.0 0.0 0.0 0 1
2080.42857143 2138 2015 0.571428571429 1 0 0.000275684765451 0.000496031746032 0.0 6 1
2074.6 2128 2016 0.6 1 0 0.000286709474914 0.000490677134446 0.0 9 1
2057.0 2078 2036 0.5 1 0 0.0002405002405 0.000481000481 0.0 1 1
2119.0 2144 2094 0.5 1 0 0.0002331002331 0.0004662004662 0.0 1 1
2177.0 2177 2177 0.0 0 0 0.0 0.0 0.0 0 1
2049.0 2057 2041 0.0 0 0 0.0 0.0 0.0 1 1
2127.0 2127 2127 0.0 0 0 0.0 0.0 0.0 0 1
2272.33333333 2287 2247 0.333333333333 1 0 0.000145687645688 0.000437062937063 0.0 2 1
1909.63636364 2047 1799 0.636363636364 2 0 0.000322948302063 0.0010152284264 0.0 10 1
1953.5 2040 1868 0.0 0 0 0.0 0.0 0.0 3 1
2009.25 2079 1950 1.0 2 0 0.000489717391447 0.000961076405574 0.0 3 1
2006.0 2038 1957 0.75 3 0 0.000382653061224 0.0015306122449 0.0 3 1
2224.0 2224 2224 0.0 0 0 0.0 0.0 0.0 0 1
2022.0 2022 2022 0.0 0 0 0.0 0.0 0.0 0 1
2207.0 2242 2177 0.666666666667 2 0 0.000297088532383 0.000891265597148 0.0 2 1
2135.0 2166 2089 0.0 0 0 0.0 0.0 0.0 3 1
1893.0 1936 1849 1.0 2 0 0.000524468714617 0.00105988341282 0.0 5 1
2168.0 2168 2168 0.0 0 0 0.0 0.0 0.0 0 1
1967.0 2012 1913 0.666666666667 1 0 0.000342760977997 0.000522466039707 0.0 2 1
1882.92307692 2056 1725 9.61538461538 30 0 0.00511127616308 0.0162337662338 0.0 51 1
1807.44444444 1882 1759 0.777777777778 2 0 0.000424120768166 0.00108283703303 0.0 8 1
2071.5 2098 2045 0.5 1 0 0.000238208670796 0.000476417341591 0.0 1 1
2090.0 2090 2090 0.0 0 0 0.0 0.0 0.0 0 1
1969.75 2069 1880 0.625 2 0 0.000326056919419 0.00106269925611 0.0 7 1
1885.83333333 1938 1807 1.0 2 0 0.000529013100043 0.00106951871658 0.0 5 1
1996.0 1996 1996 0.0 0 0 0.0 0.0 0.0 0 1
1960.0 1977 1934 0.8 2 0 0.000405684624949 0.00101781170483 0.0 4 1
2167.0 2167 2167 0.0 0 0 0.0 0.0 0.0 0 1
2014.0 2014 2014 0.0 0 0 0.0 0.0 0.0 0 1
2105.66666667 2134 2050 0.333333333333 1 0 0.00015612802498 0.000468384074941 0.0 2 1
1917.0 1917 1917 0.0 0 0 0.0 0.0 0.0 0 1
2151.0 2151 2151 0.0 0 0 0.0 0.0 0.0 0 1
2176.0 2176 2176 0.0 0 0 0.0 0.0 0.0 0 1
2082.0 2140 2024 0.5 1 0 0.000233535730967 0.000467071461934 0.0 1 1
1857.0 1972 1787 1.13333333333 3 0 0.000613098109792 0.00164473684211 0.0 14 1
2039.75 2063 2024 0.75 1 0 0.00036779422675 0.000493827160494 0.0 3 1
2192.0 2192 2192 0.0 0 0 0.0 0.0 0.0 0 1
2152.0 2152 2152 0.0 0 0 0.0 0.0 0.0 0 1
2211.5 2232 2191 0.5 1 0 0.000223914017017 0.000447828034035 0.0 1 1
2033.9 2094 1982 1.5 4 0 0.000742628725573 0.00197238658777 0.0 9 1
2025.28571429 2132 1847 2.14285714286 6 0 0.00103389351846 0.00290275761974 0.0 13 1
1720.2994012 2170 1384 29.3053892216 84 0 0.0168783351153 0.0485268630849 0.0 166 1
1988.5 2015 1962 0.0 0 0 0.0 0.0 0.0 1 1
2109.0 2109 2109 0.0 0 0 0.0 0.0 0.0 0 1
1921.31506849 2215 1694 7.56164383562 16 0 0.00388587336951 0.00809061488673 0.0 72 1
1932.0 1938 1926 0.5 1 0 0.000257864878804 0.000515729757607 0.0 1 1
2153.0 2153 2153 0.0 0 0 0.0 0.0 0.0 0 1
1919.875 1987 1828 1.75 3 0 0.00091034918032 0.00156739811912 0.0 7 1
1881.0 1881 1881 0.0 0 0 0.0 0.0 0.0 0 1
2004.0 2037 1967 1.0 3 0 0.00050262332794 0.00152284263959 0.0 6 1
2080.4 2147 2037 1.8 4 0 0.000862057063839 0.00193143408981 0.0 4 1
1994.66666667 2029 1942 0.666666666667 1 0 0.000329711722377 0.000496524329692 0.0 2 1
2079.0 2095 2063 0.0 0 0 0.0 0.0 0.0 1 1
1999.0 1999 1999 0.0 0 0 0.0 0.0 0.0 0 1
2235.6 2303 2154 1.0 2 0 0.000440868923898 0.000880669308675 0.0 4 1
2155.0 2155 2155 0.0 0 0 0.0 0.0 0.0 0 1
2132.0 2132 2132 0.0 0 0 0.0 0.0 0.0 0 1
2026.0 2026 2026 0.0 0 0 0.0 0.0 0.0 0 1
2063.0 2063 2063 0.0 0 0 0.0 0.0 0.0 0 1
1982.66666667 2025 1948 0.666666666667 1 0 0.000335555682743 0.000513083632632 0.0 2 1
1989.0 1989 1989 0.0 0 0 0.0 0.0 0.0 0 1
2144.5 2178 2074 0.25 1 0 0.000114731528224 0.000458926112896 0.0 3 1
2043.0 2043 2043 0.0 0 0 0.0 0.0 0.0 0 1
2253.0 2253 2253 0.0 0 0 0.0 0.0 0.0 0 1
2200.0 2200 2200 0.0 0 0 0.0 0.0 0.0 0 1
2082.0 2082 2082 0.0 0 0 0.0 0.0 0.0 0 1
2162.0 2174 2141 0.333333333333 1 0 0.000153256704981 0.000459770114943 0.0 2 1
2159.0 2159 2159 0.0 0 0 0.0 0.0 0.0 0 1
2059.0 2087 2031 0.5 1 0 0.000239463601533 0.000478927203065 0.0 1 1
1991.77272727 2214 1747 6.77272727273 14 0 0.00340075586549 0.00682926829268 0.0 43 1
1948.0 1948 1948 0.0 0 0 0.0 0.0 0.0 0 1
2096.66666667 2109 2079 0.666666666667 1 0 0.000318760135094 0.000480769230769 0.0 2 1
1971.0 1971 1971 0.0 0 0 0.0 0.0 0.0 0 1
2042.0 2042 2042 0.0 0 0 0.0 0.0 0.0 0 1
2145.0 2145 2145 0.0 0 0 0.0 0.0 0.0 0 1
2023.0 2023 2023 0.0 0 0 0.0 0.0 0.0 0 1
2129.5 2197 2062 0.0 0 0 0.0 0.0 0.0 1 1
2041.0 2041 2041 0.0 0 0 0.0 0.0 0.0 0 1
2092.0 2190 2014 0.5 1 0 0.000232698974674 0.000474383301708 0.0 3 1
1546.883 2198 1191 40.562 115 1 0.0260377932597 0.0778625954198 0.00045871559633 999 1
1963.0 1963 1963 0.0 0 0 0.0 0.0 0.0 0 1
1922.2 1986 1845 1.0 2 0 0.000515592011978 0.00103734439834 0.0 4 1
2124.0 2124 2124 0.0 0 0 0.0 0.0 0.0 0 1
1919.0 1919 1919 0.0 0 0 0.0 0.0 0.0 0 1
1991.0 1991 1991 0.0 0 0 0.0 0.0 0.0 0 1
2277.0 2277 2277 0.0 0 0 0.0 0.0 0.0 0 1
2001.33333333 2022 1979 1.0 2 0 0.000497730932514 0.00098814229249 0.0 2 1
2075.7 2103 2043 0.6 2 0 0.000288575575827 0.000962000962001 0.0 9 1
2140.0 2140 2140 0.0 0 0 0.0 0.0 0.0 0 1
2172.0 2172 2172 0.0 0 0 0.0 0.0 0.0 0 1
2126.2 2231 2016 0.8 1 0 0.000373261133441 0.000495785820526 0.0 4 1
2031.0 2031 2031 0.0 0 0 0.0 0.0 0.0 0 1
1992.0 2021 1963 0.0 0 0 0.0 0.0 0.0 1 1
2214.0 2214 2214 0.0 0 0 0.0 0.0 0.0 0 1
1955.0 1955 1955 0.0 0 0 0.0 0.0 0.0 0 1
2117.0 2151 2094 0.333333333333 1 0 0.000154894671623 0.00046468401487 0.0 2 1
2134.5 2135 2134 0.5 1 0 0.000234192037471 0.000468384074941 0.0 1 1
2021.0 2021 2021 0.0 0 0 0.0 0.0 0.0 0 1
1903.27272727 2021 1796 1.63636363636 4 0 0.000852638267812 0.00201816347124 0.0 21 1
2017.0 2017 2017 0.0 0 0 0.0 0.0 0.0 0 1
2241.0 2281 2201 0.0 0 0 0.0 0.0 0.0 1 1
1833.5 1837 1830 0.5 1 0 0.000272034820457 0.000544069640914 0.0 1 1
2140.5 2151 2130 0.5 1 0 0.000234631628344 0.000469263256687 0.0 1 1
1904.0 1904 1904 0.0 0 0 0.0 0.0 0.0 0 1
2000.66666667 2058 1946 0.666666666667 1 0 0.000333094446577 0.000513610683102 0.0 2 1
2022.33333333 2079 1977 1.0 2 0 0.000486031432739 0.000961076405574 0.0 2 1
1951.5 1966 1937 0.5 1 0 0.000254194204372 0.000508388408744 0.0 1 1
1957.0 1957 1957 0.0 0 0 0.0 0.0 0.0 0 1
2171.46153846 2268 2060 1.53846153846 3 0 0.000697854821948 0.00136177939174 0.0 12 1
2087.0 2087 2087 0.0 0 0 0.0 0.0 0.0 0 1
2188.0 2188 2188 0.0 0 0 0.0 0.0 0.0 0 1
2099.66666667 2170 2048 0.333333333333 1 0 0.000162680982593 0.000488042947779 0.0 2 1
2168.14285714 2180 2145 1.42857142857 3 0 0.000657556529373 0.00138440239963 0.0 6 1
1975.78571429 2085 1878 3.14285714286 7 0 0.00159440734655 0.0036026762738 0.0 13 1
1971.90909091 2068 1866 0.636363636364 2 0 0.000323372653351 0.000966183574879 0.0 10 1
2074.375 2169 1983 2.125 4 0 0.00101752289907 0.0019733596448 0.0 7 1
2046.0 2080 1981 1.2 2 0 0.000588262290426 0.00100857286939 0.0 4 1
2083.0 2083 2083 0.0 0 0 0.0 0.0 0.0 0 1
2107.0 2107 2107 0.0 0 0 0.0 0.0 0.0 0 1
2119.0 2151 2087 0.0 0 0 0.0 0.0 0.0 1 1
2180.0 2180 2180 0.0 0 0 0.0 0.0 0.0 0 1
1996.8 2017 1975 0.6 1 0 0.000298212848906 0.000498753117207 0.0 4 1
1989.5 2029 1968 0.5 1 0 0.000252722531226 0.000507872016252 0.0 3 1
2109.0 2109 2109 0.0 0 0 0.0 0.0 0.0 0 1
2137.36363636 2288 1979 0.545454545455 1 0 0.000252499044811 0.000499001996008 0.0 10 1
2038.75 2135 1926 1.5 3 0 0.000734507924067 0.00142112742776 0.0 7 1
1826.5 1864 1789 1.0 2 0 0.0005359056806 0.0010718113612 0.0 1 1
2239.0 2239 2239 0.0 0 0 0.0 0.0 0.0 0 1
2058.0 2222 1908 2.1 4 0 0.00102755161704 0.00209095661265 0.0 19 1
1710.97183099 2148 1459 17.4225352113 68 0 0.0103674004379 0.0416666666667 0.0 141 1
1805.66666667 1867 1750 1.5 3 0 0.000837627785141 0.00171135196805 0.0 5 1
1951.0 1951 1951 0.0 0 0 0.0 0.0 0.0 0 1
1946.0 1989 1903 0.5 1 0 0.000251256281407 0.000502512562814 0.0 1 1
2158.0 2158 2158 0.0 0 0 0.0 0.0 0.0 0 1
2034.0 2090 1968 0.666666666667 1 0 0.000332289857088 0.000507872016252 0.0 2 1
2223.66666667 2296 2176 1.33333333333 2 0 0.000597260652637 0.000912408759124 0.0 5 1
2172.0 2172 2172 0.0 0 0 0.0 0.0 0.0 0 1
2042.0 2042 2042 0.0 0 0 0.0 0.0 0.0 0 1
2132.8 2189 2051 0.8 3 0 0.000365931018701 0.00136861313869 0.0 4 1
1993.0 1993 1993 0.0 0 0 0.0 0.0 0.0 0 1
1998.33333333 2005 1989 0.666666666667 1 0 0.00033266832868 0.0004995004995 0.0 2 1
2002.0 2018 1986 0.5 1 0 0.000247647350173 0.000495294700347 0.0 1 1
1994.53846154 2097 1846 1.61538461538 4 0 0.000814369089677 0.00208224882874 0.0 12 1
2068.5 2106 2031 1.0 2 0 0.000491883915396 0.000983767830792 0.0 1 1
2063.0 2063 2063 0.0 0 0 0.0 0.0 0.0 0 1
2209.0 2209 2209 0.0 0 0 0.0 0.0 0.0 0 1
2102.6 2169 2008 0.4 1 0 0.000195798406689 0.000497760079642 0.0 4 1
2156.0 2156 2156 0.0 0 0 0.0 0.0 0.0 0 1
1959.0 1959 1959 0.0 0 0 0.0 0.0 0.0 0 1
1892.53846154 2025 1818 1.07692307692 3 0 0.000573681730547 0.0016339869281 0.0 12 1
2097.8 2245 1999 1.4 2 0 0.000657041246087 0.000963855421687 0.0 4 1
1955.0 1955 1955 0.0 0 0 0.0 0.0 0.0 0 1
2044.0 2093 2017 1.0 2 0 0.000489046816822 0.000990589400693 0.0 3 1
1949.2 1976 1909 0.8 1 0 0.000410342447886 0.000523560209424 0.0 4 1
2232.0 2232 2232 0.0 0 0 0.0 0.0 0.0 0 1
2164.4 2252 2101 0.8 1 0 0.000366980531325 0.000475059382423 0.0 4 1
2051.33333333 2087 2032 0.666666666667 1 0 0.000327681016985 0.000491883915396 0.0 2 1
2041.0 2041 2041 0.0 0 0 0.0 0.0 0.0 0 1
2162.0 2162 2162 0.0 0 0 0.0 0.0 0.0 0 1
2085.0 2101 2071 1.0 2 0 0.000478323335623 0.000959232613909 0.0 2 1
2046.14285714 2148 1937 1.42857142857 5 0 0.000692658028066 0.00242365487155 0.0 6 1
2374.0 2374 2374 0.0 0 0 0.0 0.0 0.0 0 1
2026.0 2026 2026 0.0 0 0 0.0 0.0 0.0 0 1
2012.0 2012 2012 0.0 0 0 0.0 0.0 0.0 0 1
2043.0 2043 2043 0.0 0 0 0.0 0.0 0.0 0 1
2117.66666667 2125 2109 0.333333333333 1 0 0.000157232704403 0.000471698113208 0.0 2 1
2094.0 2107 2081 0.0 0 0 0.0 0.0 0.0 1 1
1884.0 1884 1884 0.0 0 0 0.0 0.0 0.0 0 1
2124.0 2124 2124 0.0 0 0 0.0 0.0 0.0 0 1
1981.0 1981 1981 0.0 0 0 0.0 0.0 0.0 0 1
2032.5 2036 2029 0.5 1 0 0.000246305418719 0.000492610837438 0.0 1 1
2090.66666667 2122 2061 0.333333333333 1 0 0.000161655350792 0.000484966052376 0.0 2 1
2007.5 2011 2004 0.5 1 0 0.000249376558603 0.000498753117207 0.0 1 1
2018.0 2024 2012 0.5 1 0 0.000248385494287 0.000496770988574 0.0 1 1
1651.83962264 2114 1318 27.1037735849 129 0 0.0165603481261 0.0811320754717 0.0 211 1
2047.0 2047 2047 0.0 0 0 0.0 0.0 0.0 0 1
2258.0 2258 2258 0.0 0 0 0.0 0.0 0.0 0 1
1965.0 1965 1965 0.0 0 0 0.0 0.0 0.0 0 1
1924.0 1960 1851 1.0 2 0 0.00052493474454 0.00107933081489 0.0 3 1
2162.0 2162 2162 0.0 0 0 0.0 0.0 0.0 0 1
2046.5 2124 1983 0.166666666667 1 0 8.31729846177e-05 0.000503271263211 0.0 11 1
2075.0 2075 2075 0.0 0 0 0.0 0.0 0.0 0 1
1944.0 1956 1932 0.5 1 0 0.000255493101686 0.000510986203373 0.0 1 1
1949.0 1949 1949 0.0 0 0 0.0 0.0 0.0 0 1
1944.5 1959 1930 0.0 0 0 0.0 0.0 0.0 1 1
2009.0 2009 2009 0.0 0 0 0.0 0.0 0.0 0 1
2105.0 2105 2105 0.0 0 0 0.0 0.0 0.0 0 1
2002.6 2054 1953 0.4 1 0 0.000197826113536 0.000502512562814 0.0 4 1
2039.63636364 2091 1969 1.0 2 0 0.000491622037747 0.00101471334348 0.0 10 1
2130.0 2130 2130 0.0 0 0 0.0 0.0 0.0 0 1
1696.81690141 1883 1535 7.76056338028 20 0 0.00456331463495 0.0115074798619 0.0 70 1
1974.92307692 2080 1868 0.923076923077 4 0 0.000473697846595 0.0020942408377 0.0 12 1
1989.5 2048 1946 0.916666666667 2 0 0.000459633482393 0.0010183299389 0.0 11 1
2179.0 2179 2179 0.0 0 0 0.0 0.0 0.0 0 1
2044.0 2080 2003 1.0 2 0 0.000485923149553 0.000960614793468 0.0 5 1
1966.5 1992 1941 0.5 1 0 0.000250878073256 0.000501756146513 0.0 1 1
2040.0 2068 2012 0.5 1 0 0.000241662638956 0.000483325277912 0.0 1 1
2112.5 2134 2091 0.0 0 0 0.0 0.0 0.0 1 1
2097.5 2123 2072 0.5 1 0 0.000235404896422 0.000470809792844 0.0 1 1
2127.0 2172 2082 0.5 1 0 0.000230096640589 0.000460193281178 0.0 1 1
2113.8 2253 1994 1.2 2 0 0.000562271411903 0.000947867298578 0.0 4 1
2219.66666667 2273 2159 0.666666666667 1 0 0.000296195590673 0.000448833034111 0.0 2 1
1961.0 1961 1961 0.0 0 0 0.0 0.0 0.0 0 1
2015.0 2015 2015 0.0 0 0 0.0 0.0 0.0 0 1
2053.0 2053 2053 0.0 0 0 0.0 0.0 0.0 0 1
2118.0 2118 2118 0.0 0 0 0.0 0.0 0.0 0 1
2016.2 2104 1924 0.6 1 0 0.000289252729485 0.000494559841741 0.0 4 1
2092.0 2140 2022 0.666666666667 1 0 0.000313294900235 0.000472813238771 0.0 2 1
2120.0 2120 2120 0.0 0 0 0.0 0.0 0.0 0 1
2121.0 2121 2121 0.0 0 0 0.0 0.0 0.0 0 1
2080.0 2086 2074 0.5 1 0 0.000239578342118 0.000479156684236 0.0 1 1
2163.0 2218 2108 1.0 2 0 0.000473933649289 0.000947867298578 0.0 1 1
1976.0 1976 1976 0.0 0 0 0.0 0.0 0.0 0 1
2041.5 2085 2003 0.25 1 0 0.000122729504173 0.000490918016691 0.0 3 1
2087.0 2087 2087 0.0 0 0 0.0 0.0 0.0 0 1
1981.0 2047 1928 0.4 1 0 0.000202532476339 0.00050735667174 0.0 4 1
2167.0 2167 2167 0.0 0 0 0.0 0.0 0.0 0 1
1976.75 2083 1919 2.125 4 0 0.00106736135029 0.00208008320333 0.0 7 1
1994.33333333 2023 1965 0.666666666667 1 0 0.000334239381743 0.000508646998983 0.0 2 1
2180.5 2197 2164 0.5 1 0 0.000227479526843 0.000454959053685 0.0 1 1
2283.0 2283 2283 0.0 0 0 0.0 0.0 0.0 0 1
2032.5 2049 2016 0.5 1 0 0.000247892910263 0.000495785820526 0.0 1 1
2176.75 2192 2133 1.5 3 0 0.000690032511075 0.00136736554239 0.0 3 1
2020.0 2065 1975 0.0 0 0 0.0 0.0 0.0 1 1
1919.2 1964 1862 0.6 1 0 0.000311627261336 0.000531632110579 0.0 4 1
1918.5 1978 1848 1.8 3 0 0.00093971520727 0.00162074554295 0.0 9 1
1996.3 2077 1943 1.8 8 0 0.000907471128946 0.00406917599186 0.0 9 1
1976.57142857 2036 1926 0.571428571429 2 0 0.000290820942092 0.00103305785124 0.0 6 1
1849.0 1849 1849 0.0 0 0 0.0 0.0 0.0 0 1
2143.0 2143 2143 0.0 0 0 0.0 0.0 0.0 0 1
2071.0 2172 2017 0.25 1 0 0.000115048320295 0.000460193281178 0.0 3 1
2223.0 2279 2135 0.666666666667 1 0 0.000293952967525 0.000443262411348 0.0 2 1
2047.0 2047 2047 0.0 0 0 0.0 0.0 0.0 0 1
2083.0 2102 2064 0.0 0 0 0.0 0.0 0.0 1 1
2030.6 2098 1922 0.8 2 0 0.000392654172431 0.000993048659384 0.0 4 1
1975.0 2096 1886 0.714285714286 3 0 0.000352807174771 0.00149551345962 0.0 6 1
2117.0 2117 2117 0.0 0 0 0.0 0.0 0.0 0 1
1998.0 2013 1985 0.333333333333 1 0 0.00016691704223 0.00050075112669 0.0 2 1
1971.0 1971 1971 0.0 0 0 0.0 0.0 0.0 0 1
2022.0 2022 2022 0.0 0 0 0.0 0.0 0.0 0 1
2118.0 2139 2104 1.0 2 0 0.000471270417664 0.000946521533365 0.0 2 1
2088.0 2088 2088 0.0 0 0 0.0 0.0 0.0 0 1
1995.0 1995 1995 0.0 0 0 0.0 0.0 0.0 0 1
2049.0 2049 2049 0.0 0 0 0.0 0.0 0.0 0 1
2257.0 2257 2257 0.0 0 0 0.0 0.0 0.0 0 1
2143.0 2151 2135 0.0 0 0 0.0 0.0 0.0 1 1
2122.0 2122 2122 0.0 0 0 0.0 0.0 0.0 0 1
2050.0 2050 2050 0.0 0 0 0.0 0.0 0.0 0 1
2118.0 2118 2118 0.0 0 0 0.0 0.0 0.0 0 1
2086.0 2086 2086 0.0 0 0 0.0 0.0 0.0 0 1
2155.0 2155 2155 0.0 0 0 0.0 0.0 0.0 0 1
2133.25 2256 2080 0.5 1 0 0.000230901054906 0.000480538202787 0.0 3 1
2120.8 2182 2055 1.0 2 0 0.000465750347778 0.000915750915751 0.0 4 1
2098.33333333 2102 2093 0.333333333333 1 0 0.000158654608916 0.000475963826749 0.0 2 1
1980.85714286 2043 1898 1.57142857143 3 0 0.000783602490608 0.00148221343874 0.0 6 1
2121.5 2136 2107 0.5 1 0 0.000237191650854 0.000474383301708 0.0 1 1
2076.0 2081 2071 0.5 1 0 0.000240153698367 0.000480307396734 0.0 1 1
2005.0 2010 2000 0.5 1 0 0.000248632521134 0.000497265042268 0.0 1 1
2248.66666667 2275 2221 0.666666666667 1 0 0.000296470771858 0.0004500450045 0.0 2 1
2153.0 2153 2153 0.0 0 0 0.0 0.0 0.0 0 1
2127.47368421 2266 1963 2.26315789474 5 0 0.00106534908263 0.00246305418719 0.0 18 1
1892.0 1895 1890 0.666666666667 2 0 0.000352174678641 0.00105652403592 0.0 2 1
2019.0 2019 2019 0.0 0 0 0.0 0.0 0.0 0 1
2022.0 2022 2022 0.0 0 0 0.0 0.0 0.0 0 1
2093.4 2120 2040 0.8 1 0 0.000382411387848 0.000489955903969 0.0 4 1
2085.0 2085 2085 0.0 0 0 0.0 0.0 0.0 0 1
2045.0 2045 2045 0.0 0 0 0.0 0.0 0.0 0 1
2023.0 2053 1993 0.5 1 0 0.000243427458617 0.000486854917235 0.0 1 1
2208.0 2226 2190 0.0 0 0 0.0 0.0 0.0 1 1
2031.25 2084 1962 0.875 4 0 0.000427668721018 0.00195407914021 0.0 7 1
2237.76923077 2335 2160 1.38461538462 4 0 0.000616669365916 0.00175669740887 0.0 12 1
2179.25 2231 2122 0.25 1 0 0.000113843351548 0.000455373406193 0.0 3 1
1934.8 1984 1830 0.6 1 0 0.000307013154908 0.000520562207184 0.0 4 1
1998.0 1998 1998 0.0 0 0 0.0 0.0 0.0 0 1
1898.0 1898 1898 0.0 0 0 0.0 0.0 0.0 0 1
2099.83333333 2149 2029 1.83333333333 4 0 0.000868344301622 0.00191754554171 0.0 5 1
2117.0 2117 2117 0.0 0 0 0.0 0.0 0.0 0 1
1970.0 1970 1970 0.0 0 0 0.0 0.0 0.0 0 1
2033.0 2033 2033 0.0 0 0 0.0 0.0 0.0 0 1
2002.0 2013 1991 0.0 0 0 0.0 0.0 0.0 1 1
1896.5 1899 1894 0.0 0 0 0.0 0.0 0.0 1 1
2020.5 2033 2008 0.5 1 0 0.000245821042281 0.000491642084562 0.0 1 1
2061.0 2061 2061 0.0 0 0 0.0 0.0 0.0 0 1
2167.0 2167 2167 0.0 0 0 0.0 0.0 0.0 0 1
2094.0 2094 2094 0.0 0 0 0.0 0.0 0.0 0 1
1988.0 1999 1977 0.0 0 0 0.0 0.0 0.0 1 1
2088.0 2100 2076 0.5 1 0 0.000240731824747 0.000481463649494 0.0 1 1
1965.5 2024 1884 1.0 2 0 0.000499572552685 0.000987166831194 0.0 3 1
2054.0 2080 2010 0.75 2 0 0.000365164044767 0.000963391136802 0.0 3 1
2108.28571429 2149 2050 0.857142857143 2 0 0.000404835559047 0.000952380952381 0.0 6 1
1938.33333333 1996 1902 0.166666666667 1 0 8.3458521115e-05 0.00050075112669 0.0 5 1
1925.0 1925 1925 0.0 0 0 0.0 0.0 0.0 0 1
2176.0 2176 2176 0.0 0 0 0.0 0.0 0.0 0 1
2085.0 2085 2085 0.0 0 0 0.0 0.0 0.0 0 1
2045.2 2109 1943 0.8 1 0 0.000386366816212 0.000503018108652 0.0 4 1
2066.75 2108 2045 1.25 2 0 0.00060199966403 0.000977039570103 0.0 3 1
1985.0 1988 1982 0.5 1 0 0.000252143217347 0.000504286434695 0.0 1 1
2106.0 2106 2106 0.0 0 0 0.0 0.0 0.0 0 1
2042.0 2042 2042 0.0 0 0 0.0 0.0 0.0 0 1
2051.94117647 2115 1957 2.23529411765 5 0 0.00109093569297 0.0024727992087 0.0 16 1
2154.0 2154 2154 0.0 0 0 0.0 0.0 0.0 0 1
1611.92611465 2430 1284 29.3770700637 92 0 0.0181316329105 0.0555555555556 0.0 784 1
1963.0 1963 1963 0.0 0 0 0.0 0.0 0.0 0 1
2091.0 2091 2091 0.0 0 0 0.0 0.0 0.0 0 1
2026.0 2026 2026 0.0 0 0 0.0 0.0 0.0 0 1
1989.0 2099 1847 1.63636363636 3 0 0.000819949073333 0.0014880952381 0.0 10 1
1993.71428571 2063 1927 0.428571428571 1 0 0.000212969752299 0.000508905852417 0.0 6 1
1966.0 1966 1966 0.0 0 0 0.0 0.0 0.0 0 1
2108.5 2114 2103 0.5 1 0 0.000236406619385 0.000472813238771 0.0 1 1
2029.0 2029 2029 0.0 0 0 0.0 0.0 0.0 0 1
1999.8 2033 1963 0.6 1 0 0.000299055334387 0.00050735667174 0.0 4 1
1976.0 2024 1928 0.0 0 0 0.0 0.0 0.0 1 1
2022.47826087 2194 1919 1.82608695652 4 0 0.000912952523019 0.00205973223481 0.0 22 1
1998.5 2027 1970 0.5 1 0 0.000246548323471 0.000493096646943 0.0 1 1
2087.55555556 2175 2042 2.11111111111 5 0 0.00100449545648 0.00242130750605 0.0 8 1
2118.0 2118 2118 0.0 0 0 0.0 0.0 0.0 0 1
1977.83333333 2047 1874 1.5 3 0 0.000745259659332 0.00148662041625 0.0 5 1
2228.0 2228 2228 0.0 0 0 0.0 0.0 0.0 0 1
1957.75 1989 1923 0.75 1 0 0.000384978342787 0.000519750519751 0.0 3 1
2078.0 2087 2069 0.0 0 0 0.0 0.0 0.0 1 1
2025.375 2077 1913 1.25 2 0 0.000610748125744 0.000984736582964 0.0 7 1
2146.6 2171 2114 0.6 2 0 0.000281653386763 0.000935453695042 0.0 4 1
2196.66666667 2246 2099 1.33333333333 3 0 0.000593054054828 0.00133392618942 0.0 2 1
2076.0 2076 2076 0.0 0 0 0.0 0.0 0.0 0 1
2047.0 2109 2013 0.5 1 0 0.000241393933463 0.000491642084562 0.0 3 1
2018.25 2033 1996 0.75 2 0 0.000371857737272 0.000986679822398 0.0 3 1
1960.0 1960 1960 0.0 0 0 0.0 0.0 0.0 0 1
2113.0 2113 2113 0.0 0 0 0.0 0.0 0.0 0 1
1983.0 1983 1983 0.0 0 0 0.0 0.0 0.0 0 1
2140.0 2140 2140 0.0 0 0 0.0 0.0 0.0 0 1
1972.0 1972 1972 0.0 0 0 0.0 0.0 0.0 0 1
2036.69230769 2188 1968 2.61538461538 5 0 0.00128551572023 0.00243427458617 0.0 12 1
2111.0 2111 2111 0.0 0 0 0.0 0.0 0.0 0 1
2021.0 2075 1969 0.5 1 0 0.000244431828608 0.000496031746032 0.0 3 1
2179.0 2179 2179 0.0 0 0 0.0 0.0 0.0 0 1
1983.0 1983 1983 0.0 0 0 0.0 0.0 0.0 0 1
1969.0 1969 1969 0.0 0 0 0.0 0.0 0.0 0 1
2086.0 2086 2086 0.0 0 0 0.0 0.0 0.0 0 1
1916.75 1993 1810 0.75 2 0 0.000385228276037 0.00104329681794 0.0 7 1
1997.0 1997 1997 0.0 0 0 0.0 0.0 0.0 0 1
1995.57142857 2066 1948 0.285714285714 1 0 0.000143019095161 0.000506329113924 0.0 6 1
2032.66666667 2053 2000 0.333333333333 1 0 0.000162919517758 0.000488758553275 0.0 2 1
1912.0 1916 1908 0.5 1 0 0.000261917234154 0.000523834468308 0.0 1 1
1942.0 1942 1942 0.0 0 0 0.0 0.0 0.0 0 1
2044.0 2072 2015 1.0 2 0 0.000488622376653 0.000980872976949 0.0 4 1
1929.33333333 1997 1863 0.666666666667 1 0 0.000340303923398 0.000532481363152 0.0 5 1
2001.0 2001 2001 0.0 0 0 0.0 0.0 0.0 0 1
2105.83333333 2239 2002 4.16666666667 10 0 0.00196845205558 0.00488997555012 0.0 17 1
2280.0 2280 2280 0.0 0 0 0.0 0.0 0.0 0 1
2225.25 2281 2169 1.0 2 0 0.0004432253211 0.000896860986547 0.0 3 1
2150.0 2150 2150 0.0 0 0 0.0 0.0 0.0 0 1
1933.28571429 2019 1845 0.428571428571 1 0 0.000216772437562 0.000512032770097 0.0 6 1
1844.8 1912 1799 0.6 1 0 0.000329502737843 0.000555555555556 0.0 4 1
2082.0 2082 2082 0.0 0 0 0.0 0.0 0.0 0 1
2065.0 2065 2065 0.0 0 0 0.0 0.0 0.0 0 1
2178.0 2178 2178 0.0 0 0 0.0 0.0 0.0 0 1
2120.5 2134 2106 0.75 1 0 0.000354287722967 0.00047460844803 0.0 3 1
2006.0 2031 1981 0.5 1 0 0.000246062992126 0.000492125984252 0.0 1 1
2018.0 2018 2018 0.0 0 0 0.0 0.0 0.0 0 1
2096.5 2099 2094 0.5 1 0 0.000238663484487 0.000477326968974 0.0 1 1
2130.0 2130 2130 0.0 0 0 0.0 0.0 0.0 0 1
2213.5 2287 2140 0.5 1 0 0.000218531468531 0.000437062937063 0.0 1 1
2081.0 2100 2062 0.5 1 0 0.000237981913375 0.000475963826749 0.0 1 1
2027.0 2055 2008 0.6 2 0 0.000295178810613 0.000984251968504 0.0 4 1
2067.5 2069 2066 0.5 1 0 0.00024154589372 0.00048309178744 0.0 1 1
2177.0 2177 2177 0.0 0 0 0.0 0.0 0.0 0 1
2249.0 2249 2249 0.0 0 0 0.0 0.0 0.0 0 1
2126.0 2126 2126 0.0 0 0 0.0 0.0 0.0 0 1
2082.0 2082 2082 0.0 0 0 0.0 0.0 0.0 0 1
2021.0 2026 2016 0.0 0 0 0.0 0.0 0.0 1 1
2124.0 2124 2124 0.0 0 0 0.0 0.0 0.0 0 1
2101.0 2101 2101 0.0 0 0 0.0 0.0 0.0 0 1
2279.0 2279 2279 0.0 0 0 0.0 0.0 0.0 0 1
2097.0 2102 2092 0.0 0 0 0.0 0.0 0.0 1 1
2104.66666667 2169 2038 0.666666666667 1 0 0.000311737598265 0.000474383301708 0.0 2 1
2070.0 2070 2070 0.0 0 0 0.0 0.0 0.0 0 1
2239.25 2290 2206 0.5 2 0 0.000225428313796 0.000901713255185 0.0 3 1
2070.83333333 2102 2042 0.666666666667 1 0 0.000321944863822 0.000489476260401 0.0 5 1
2076.5 2095 2058 0.0 0 0 0.0 0.0 0.0 1 1
2223.0 2223 2223 0.0 0 0 0.0 0.0 0.0 0 1
2038.5 2075 2002 0.0 0 0 0.0 0.0 0.0 1 1
2075.0 2075 2075 0.0 0 0 0.0 0.0 0.0 0 1
2075.5 2101 2050 0.5 1 0 0.00023786869648 0.000475737392959 0.0 1 1
1990.5 2008 1973 0.0 0 0 0.0 0.0 0.0 1 1
2118.0 2118 2118 0.0 0 0 0.0 0.0 0.0 0 1
2006.66666667 2023 1993 0.333333333333 1 0 0.000166251039069 0.000498753117207 0.0 2 1
2088.0 2088 2088 0.0 0 0 0.0 0.0 0.0 0 1
1981.42857143 2049 1910 0.428571428571 2 0 0.000210293835222 0.000984251968504 0.0 6 1
2083.5 2126 2031 0.75 1 0 0.000362331756676 0.000492125984252 0.0 3 1
2023.33333333 2157 1933 1.86666666667 4 0 0.000926139329053 0.00206398348813 0.0 14 1
2134.0 2155 2113 0.0 0 0 0.0 0.0 0.0 1 1
2181.5 2203 2160 0.0 0 0 0.0 0.0 0.0 1 1
2145.0 2145 2145 0.0 0 0 0.0 0.0 0.0 0 1
2130.0 2130 2130 0.0 0 0 0.0 0.0 0.0 0 1
2199.66666667 2236 2178 0.333333333333 1 0 0.000152485513876 0.000457456541629 0.0 2 1
1908.83333333 1946 1840 0.833333333333 2 0 0.000436369240558 0.0010395010395 0.0 5 1
1774.2952381 2172 1566 17.1047619048 52 0 0.00956718643715 0.0292957746479 0.0 104 1
2272.0 2272 2272 0.0 0 0 0.0 0.0 0.0 0 1
2284.0 2284 2284 0.0 0 0 0.0 0.0 0.0 0 1
1932.0 1932 1932 0.0 0 0 0.0 0.0 0.0 0 1
2068.0 2068 2068 0.0 0 0 0.0 0.0 0.0 0 1
1979.70588235 2080 1885 1.35294117647 4 0 0.000677886973534 0.0019831432821 0.0 16 1
2042.0 2042 2042 0.0 0 0 0.0 0.0 0.0 0 1
2127.5 2148 2107 1.0 2 0 0.00046511627907 0.00093023255814 0.0 1 1
1972.5 1989 1956 0.5 1 0 0.000251256281407 0.000502512562814 0.0 1 1
1976.77419355 2231 1700 3.74193548387 11 0 0.00188950172131 0.00570539419087 0.0 30 1
2127.5 2225 2056 0.5 1 0 0.00023542986091 0.000486144871172 0.0 5 1
2236.0 2236 2236 0.0 0 0 0.0 0.0 0.0 0 1
2228.0 2228 2228 0.0 0 0 0.0 0.0 0.0 0 1
1851.85714286 1922 1789 0.428571428571 1 0 0.000229289797405 0.000544365813827 0.0 6 1
2096.0 2166 2052 0.0 0 0 0.0 0.0 0.0 2 1
2278.0 2297 2259 0.0 0 0 0.0 0.0 0.0 1 1
2066.0 2096 2016 1.0 2 0 0.000480027051057 0.000961076405574 0.0 3 1
1982.0 1982 1982 0.0 0 0 0.0 0.0 0.0 0 1
2106.33333333 2146 2074 0.0 0 0 0.0 0.0 0.0 2 1
2183.0 2183 2183 0.0 0 0 0.0 0.0 0.0 0 1
1996.58333333 2078 1912 0.833333333333 2 0 0.00041917165318 0.00100300902708 0.0 11 1
1973.36842105 2336 1738 14.6315789474 41 0 0.007502808775 0.0210796915167 0.0 56 1
2219.5 2236 2203 0.5 1 0 0.000223513634332 0.000447027268663 0.0 1 1
2151.0 2151 2151 0.0 0 0 0.0 0.0 0.0 0 1
2279.0 2279 2279 0.0 0 0 0.0 0.0 0.0 0 1
2025.0 2041 2009 0.0 0 0 0.0 0.0 0.0 1 1
2269.0 2269 2269 0.0 0 0 0.0 0.0 0.0 0 1
2086.5 2097 2076 0.5 1 0 0.00023832221163 0.00047664442326 0.0 1 1
2070.25 2099 2021 0.0 0 0 0.0 0.0 0.0 3 1
2205.0 2205 2205 0.0 0 0 0.0 0.0 0.0 0 1
1973.66666667 2051 1875 0.5 2 0 0.000246158221574 0.000974184120799 0.0 5 1
1918.61538462 2029 1803 1.07692307692 2 0 0.000557604905319 0.00108342361863 0.0 12 1
2041.5 2044 2039 0.0 0 0 0.0 0.0 0.0 1 1
2122.0 2122 2122 0.0 0 0 0.0 0.0 0.0 0 1
2102.0 2102 2102 0.0 0 0 0.0 0.0 0.0 0 1
2116.0 2123 2109 0.5 1 0 0.000235404896422 0.000470809792844 0.0 1 1
2008.0 2008 2008 0.0 0 0 0.0 0.0 0.0 0 1
2126.0 2126 2126 0.0 0 0 0.0 0.0 0.0 0 1
2055.5 2094 2017 1.0 2 0 0.000495294700347 0.000990589400693 0.0 1 1
2008.0 2008 2008 0.0 0 0 0.0 0.0 0.0 0 1
2138.0 2138 2138 0.0 0 0 0.0 0.0 0.0 0 1
2034.66666667 2066 1998 0.0 0 0 0.0 0.0 0.0 2 1
1946.5 1972 1921 0.5 1 0 0.000253421186011 0.000506842372022 0.0 1 1
2147.8 2174 2131 1.2 3 0 0.000557306499812 0.0014012143858 0.0 4 1
2227.0 2227 2227 0.0 0 0 0.0 0.0 0.0 0 1
2058.0 2058 2058 0.0 0 0 0.0 0.0 0.0 0 1
2003.33333333 2064 1945 1.0 2 0 0.000489184903512 0.000968054211036 0.0 2 1
2114.5 2115 2114 0.0 0 0 0.0 0.0 0.0 1 1
2081.375 2154 1974 1.375 3 0 0.000653477708889 0.00140778977006 0.0 7 1
1968.0 1968 1968 0.0 0 0 0.0 0.0 0.0 0 1
2052.5 2113 1992 0.0 0 0 0.0 0.0 0.0 1 1
2139.0 2139 2139 0.0 0 0 0.0 0.0 0.0 0 1
2082.0 2082 2082 0.0 0 0 0.0 0.0 0.0 0 1
2175.0 2175 2175 0.0 0 0 0.0 0.0 0.0 0 1
1969.0 1969 1969 0.0 0 0 0.0 0.0 0.0 0 1
2141.0 2141 2141 0.0 0 0 0.0 0.0 0.0 0 1
2099.0 2099 2099 0.0 0 0 0.0 0.0 0.0 0 1
2086.2 2148 2020 1.2 2 0 0.000571314268006 0.000958772770853 0.0 4 1
2001.0 2031 1979 0.333333333333 1 0 0.00016835016835 0.000505050505051 0.0 2 1
2010.0 2010 2010 0.0 0 0 0.0 0.0 0.0 0 1
2196.0 2208 2184 0.0 0 0 0.0 0.0 0.0 1 1
2208.0 2208 2208 0.0 0 0 0.0 0.0 0.0 0 1
2214.0 2256 2172 0.5 1 0 0.000221533008418 0.000443066016837 0.0 1 1
2081.0 2081 2081 0.0 0 0 0.0 0.0 0.0 0 1
1903.0 1903 1903 0.0 0 0 0.0 0.0 0.0 0 1
2186.0 2186 2186 0.0 0 0 0.0 0.0 0.0 0 1
2128.0 2128 2128 0.0 0 0 0.0 0.0 0.0 0 1
2172.83333333 2228 2097 0.5 1 0 0.000228292150069 0.00046533271289 0.0 5 1
1920.08333333 2035 1847 3.375 10 0 0.00175183864412 0.00513083632632 0.0 23 1
2000.0 2000 2000 0.0 0 0 0.0 0.0 0.0 0 1
1870.0 1870 1870 0.0 0 0 0.0 0.0 0.0 0 1
1878.66666667 1952 1835 1.16666666667 2 0 0.000622557381877 0.00108108108108 0.0 5 1
2097.5 2127 2068 0.5 1 0 0.000241662638956 0.000483325277912 0.0 1 1
2218.0 2218 2218 0.0 0 0 0.0 0.0 0.0 0 1
2236.5 2252 2221 0.0 0 0 0.0 0.0 0.0 1 1
1915.0 1915 1915 0.0 0 0 0.0 0.0 0.0 0 1
2218.0 2218 2218 0.0 0 0 0.0 0.0 0.0 0 1
2029.75 2063 2006 0.75 1 0 0.000371358679845 0.000498256103637 0.0 3 1
2056.5 2068 2045 0.5 1 0 0.000241662638956 0.000483325277912 0.0 1 1
2020.0 2020 2020 0.0 0 0 0.0 0.0 0.0 0 1
1907.0 1907 1907 0.0 0 0 0.0 0.0 0.0 0 1
1927.875 2103 1821 1.875 4 0 0.000968640737258 0.00204603580563 0.0 15 1
2072.33333333 2096 2037 0.0 0 0 0.0 0.0 0.0 2 1
2052.30769231 2120 2001 1.30769230769 3 0 0.00063214467783 0.00145489815713 0.0 12 1
2016.66666667 2039 1978 0.666666666667 1 0 0.000332315931506 0.000505305709955 0.0 2 1
1940.22222222 2011 1871 1.44444444444 3 0 0.000741121307902 0.00157480314961 0.0 8 1
1919.2 1974 1850 0.8 1 0 0.000413050391973 0.000526870389884 0.0 4 1
2149.8 2215 2084 1.4 3 0 0.000641152821983 0.00135256988278 0.0 4 1
1966.0 2036 1857 0.333333333333 1 0 0.00016616816218 0.00049850448654 0.0 2 1
2179.0 2179 2179 0.0 0 0 0.0 0.0 0.0 0 1
1994.8 2115 1927 0.8 1 0 0.000402103284309 0.00051867219917 0.0 4 1
2100.5 2163 2038 0.0 0 0 0.0 0.0 0.0 1 1
2050.0 2050 2050 0.0 0 0 0.0 0.0 0.0 0 1
2173.0 2208 2138 0.0 0 0 0.0 0.0 0.0 2 1
2129.33333333 2159 2089 0.0 0 0 0.0 0.0 0.0 2 1
2056.0 2096 2016 0.5 1 0 0.000238435860753 0.000476871721507 0.0 1 1
1928.0 1928 1928 0.0 0 0 0.0 0.0 0.0 0 1
2039.7 2122 1956 0.7 1 0 0.000341139655378 0.000510986203373 0.0 9 1
2029.44444444 2114 1937 1.11111111111 3 0 0.000552114010149 0.00150753768844 0.0 8 1
2047.5 2055 2040 0.0 0 0 0.0 0.0 0.0 1 1
1972.0 1972 1972 0.0 0 0 0.0 0.0 0.0 0 1
2012.25 2099 1914 0.375 1 0 0.000186143891142 0.000513874614594 0.0 7 1
2163.0 2163 2163 0.0 0 0 0.0 0.0 0.0 0 1
1872.09090909 2004 1765 1.78787878788 5 0 0.000958888659263 0.00276243093923 0.0 32 1
2122.5 2160 2085 0.0 0 0 0.0 0.0 0.0 1 1
2327.33333333 2387 2284 1.33333333333 2 0 0.000567282757216 0.000864677907479 0.0 2 1
2183.0 2183 2183 0.0 0 0 0.0 0.0 0.0 0 1
2004.54166667 2130 1857 4.29166666667 11 0 0.00211680103008 0.00544554455446 0.0 23 1
2127.0 2127 2127 0.0 0 0 0.0 0.0 0.0 0 1
2031.90909091 2140 1931 1.09090909091 4 0 0.000537529740473 0.00201612903226 0.0 10 1
1946.0 1981 1928 1.0 2 0 0.000512472110171 0.00102774922919 0.0 3 1
1994.0 2023 1953 0.666666666667 1 0 0.000330775749961 0.000498256103637 0.0 2 1
1975.0 2006 1941 0.666666666667 1 0 0.000340079589552 0.000514933058702 0.0 2 1
2050.0 2050 2050 0.0 0 0 0.0 0.0 0.0 0 1
2031.25 2057 2007 1.25 2 0 0.000614021919463 0.000995520159283 0.0 3 1
2173.0 2173 2173 0.0 0 0 0.0 0.0 0.0 0 1
2056.5 2081 2032 1.0 2 0 0.000491642084562 0.000983284169125 0.0 1 1
2107.0 2107 2107 0.0 0 0 0.0 0.0 0.0 0 1
2112.0 2112 2112 0.0 0 0 0.0 0.0 0.0 0 1
2144.0 2144 2144 0.0 0 0 0.0 0.0 0.0 0 1
2033.0 2033 2033 0.0 0 0 0.0 0.0 0.0 0 1
2093.0 2097 2089 0.0 0 0 0.0 0.0 0.0 1 1
2044.0 2044 2044 0.0 0 0 0.0 0.0 0.0 0 1
1892.66666667 2021 1781 2.33333333333 12 0 0.00125025523531 0.00669269380926 0.0 20 1
2054.0 2054 2054 0.0 0 0 0.0 0.0 0.0 0 1
1953.33333333 2006 1909 3.16666666667 6 0 0.00162182991595 0.00307062436029 0.0 5 1
2012.8 2046 1953 2.0 4 0 0.000991381410206 0.0019512195122 0.0 4 1
2060.09090909 2125 1966 1.18181818182 3 0 0.000569144013685 0.0014360938248 0.0 10 1
2061.57142857 2132 1955 1.28571428571 3 0 0.000635505393848 0.00153217568948 0.0 6 1
2174.0 2174 2174 0.0 0 0 0.0 0.0 0.0 0 1
1942.0 1965 1898 0.5 1 0 0.000255953691184 0.000513610683102 0.0 3 1
2086.75 2202 1996 2.5 4 0 0.00118633073348 0.00196656833825 0.0 7 1
2056.0 2128 2017 0.0 0 0 0.0 0.0 0.0 3 1
2090.66666667 2120 2054 0.666666666667 1 0 0.000315964353531 0.000476417341591 0.0 2 1
2058.0 2061 2055 0.5 1 0 0.000242483026188 0.000484966052376 0.0 1 1
2186.0 2186 2186 0.0 0 0 0.0 0.0 0.0 0 1
2011.5 2014 2009 0.0 0 0 0.0 0.0 0.0 1 1
1771.06557377 2091 1591 15.7540983607 43 0 0.0091886685612 0.0263157894737 0.0 60 1
2152.5 2172 2133 0.5 1 0 0.000230096640589 0.000460193281178 0.0 1 1
2010.0 2010 2010 0.0 0 0 0.0 0.0 0.0 0 1
2017.0 2017 2017 0.0 0 0 0.0 0.0 0.0 0 1
2134.1 2203 2052 1.2 2 0 0.000559090456828 0.000950570342205 0.0 9 1
1981.375 2102 1794 1.5 3 0 0.000750232068892 0.00149031296572 0.0 7 1
2068.66666667 2109 2007 0.0 0 0 0.0 0.0 0.0 2 1
2074.6 2090 2065 1.0 3 0 0.00048230397207 0.00144787644788 0.0 4 1
2028.0 2028 2028 0.0 0 0 0.0 0.0 0.0 0 1
2166.0 2166 2166 0.0 0 0 0.0 0.0 0.0 0 1
2148.5 2159 2138 0.5 1 0 0.000233754090697 0.000467508181393 0.0 1 1
2213.0 2250 2176 0.5 1 0 0.000222123500666 0.000444247001333 0.0 1 1
2082.0 2082 2082 0.0 0 0 0.0 0.0 0.0 0 1
2086.11111111 2233 1966 1.66666666667 5 0 0.000794156631527 0.00251509054326 0.0 8 1
2003.11764706 2135 1902 2.47058823529 8 0 0.00124930769741 0.0039331366765 0.0 16 1
2024.18181818 2094 1958 2.0 4 0 0.000978622870283 0.00196753566158 0.0 10 1
1972.0 1972 1972 0.0 0 0 0.0 0.0 0.0 0 1
2102.66666667 2134 2083 0.666666666667 1 0 0.000316076841359 0.000479846449136 0.0 2 1
2129.0 2129 2129 0.0 0 0 0.0 0.0 0.0 0 1
2012.5 2014 2011 0.0 0 0 0.0 0.0 0.0 1 1
1893.33333333 1898 1888 0.666666666667 1 0 0.000351991189441 0.000529380624669 0.0 2 1
2194.0 2344 2119 0.727272727273 1 0 0.000329860634948 0.000471698113208 0.0 10 1
2045.0 2045 2045 0.0 0 0 0.0 0.0 0.0 0 1
2026.33333333 2064 2006 1.33333333333 3 0 0.000649878304502 0.00145137880987 0.0 2 1
2135.5 2142 2129 0.5 1 0 0.000234741784038 0.000469483568075 0.0 1 1
1995.0 2010 1980 0.5 1 0 0.000248632521134 0.000497265042268 0.0 1 1
1867.66666667 1914 1825 0.666666666667 1 0 0.00035279541366 0.000536193029491 0.0 2 1
2181.0 2199 2163 0.5 1 0 0.000227272727273 0.000454545454545 0.0 1 1
2089.0 2089 2089 0.0 0 0 0.0 0.0 0.0 0 1
2069.0 2069 2069 0.0 0 0 0.0 0.0 0.0 0 1
2057.6 2138 1975 1.0 2 0 0.000478642466397 0.000936329588015 0.0 4 1
2097.0 2097 2097 0.0 0 0 0.0 0.0 0.0 0 1
2198.0 2198 2198 0.0 0 0 0.0 0.0 0.0 0 1
2021.0 2021 2021 0.0 0 0 0.0 0.0 0.0 0 1
2056.0 2056 2056 0.0 0 0 0.0 0.0 0.0 0 1
2086.0 2117 2042 0.0 0 0 0.0 0.0 0.0 2 1
1713.9137931 2113 1442 25.1336206897 80 0 0.0147410422006 0.0441501103753 0.0 231 1
2162.0 2163 2161 0.5 1 0 0.000231053604436 0.000462107208872 0.0 1 1
1818.0 1818 1818 0.0 0 0 0.0 0.0 0.0 0 1
1994.66666667 2033 1974 0.333333333333 1 0 0.000163880694854 0.000491642084562 0.0 2 1
2058.27272727 2150 1945 0.909090909091 3 0 0.000440904611438 0.00143266475645 0.0 10 1
2119.0 2119 2119 0.0 0 0 0.0 0.0 0.0 0 1
1656.18218623 2248 1369 32.004048583 109 0 0.0194443655133 0.0611329220415 0.0 246 1
2159.5 2198 2138 1.66666666667 4 0 0.000771179428209 0.00185873605948 0.0 5 1
2075.5 2085 2066 0.5 1 0 0.000241896468312 0.000483792936623 0.0 1 1
2011.0 2011 2011 0.0 0 0 0.0 0.0 0.0 0 1
1695.90794979 1979 1533 11.5774058577 37 0 0.0067296332467 0.0208568207441 0.0 238 1
2113.3 2211 2034 1.1 2 0 0.00051783261951 0.000939408172851 0.0 9 1
2050.0 2050 2050 0.0 0 0 0.0 0.0 0.0 0 1
2127.25 2207 2059 1.0 2 0 0.00047600944044 0.000952834683182 0.0 3 1
2066.0 2111 2021 0.5 1 0 0.000236742424242 0.000473484848485 0.0 1 1
2207.0 2207 2207 0.0 0 0 0.0 0.0 0.0 0 1
2034.66666667 2124 1946 0.888888888889 3 0 0.000434542189511 0.00147130946542 0.0 8 1
1701.35326087 2264 1415 16.5380434783 48 0 0.00979054003589 0.0265129682997 0.0 183 1
2313.0 2313 2313 0.0 0 0 0.0 0.0 0.0 0 1
2257.0 2257 2257 0.0 0 0 0.0 0.0 0.0 0 1
2049.0 2049 2049 0.0 0 0 0.0 0.0 0.0 0 1
1987.0 1987 1987 0.0 0 0 0.0 0.0 0.0 0 1
2143.0 2143 2143 0.0 0 0 0.0 0.0 0.0 0 1
2034.0 2035 2033 1.0 2 0 0.000490918016691 0.000981836033382 0.0 1 1
1886.0 1886 1886 0.0 0 0 0.0 0.0 0.0 0 1
2186.0 2223 2149 0.5 1 0 0.000232558139535 0.00046511627907 0.0 1 1
2177.0 2192 2162 0.0 0 0 0.0 0.0 0.0 1 1
2053.0 2089 2017 0.5 1 0 0.000239234449761 0.000478468899522 0.0 1 1
1921.28571429 1992 1861 1.0 2 0 0.00051824028127 0.00102933607823 0.0 6 1
2040.0 2040 2040 0.0 0 0 0.0 0.0 0.0 0 1
2003.66666667 2028 1983 0.333333333333 1 0 0.000166583374979 0.000499750124938 0.0 2 1
2251.57142857 2336 2162 1.28571428571 2 0 0.000571441443758 0.000920810313076 0.0 6 1
2072.85714286 2179 1983 1.14285714286 3 0 0.000537651357143 0.00138888888889 0.0 6 1
2107.0 2107 2107 0.0 0 0 0.0 0.0 0.0 0 1
2020.6 2069 1948 0.8 2 0 0.00040408949272 0.00102564102564 0.0 4 1
2093.0 2093 2093 0.0 0 0 0.0 0.0 0.0 0 1
2053.8 2068 2040 0.8 2 0 0.000388741303863 0.000966183574879 0.0 4 1
2185.0 2185 2185 0.0 0 0 0.0 0.0 0.0 0 1
1911.0 1987 1867 0.5 1 0 0.000259587503608 0.000535331905782 0.0 3 1
2032.0 2095 1969 0.0 0 0 0.0 0.0 0.0 1 1
2009.0 2057 1982 1.0 2 0 0.000503609908259 0.00100806451613 0.0 2 1
2075.0 2119 2031 0.0 0 0 0.0 0.0 0.0 1 1
1974.0 1974 1974 0.0 0 0 0.0 0.0 0.0 0 1
2022.0 2022 2022 0.0 0 0 0.0 0.0 0.0 0 1
1901.28571429 1960 1829 1.0 3 0 0.000538477840992 0.00163755458515 0.0 6 1
2113.37931034 2223 1988 4.20689655172 9 0 0.00197920417563 0.00423928403203 0.0 28 1
2100.5 2102 2099 0.5 1 0 0.000237755587256 0.000475511174513 0.0 1 1
1648.23148148 2097 1256 36.5324074074 124 0 0.0235012203355 0.0821736249172 0.0 215 1
2032.8 2068 1994 1.2 2 0 0.000588896864467 0.00100200400802 0.0 4 1
2031.0 2065 1997 0.5 1 0 0.000242013552759 0.000484027105518 0.0 1 1
1970.0 2003 1922 0.25 1 0 0.000124750499002 0.000499001996008 0.0 3 1
2042.66666667 2086 1989 1.83333333333 3 0 0.00090405928536 0.00150602409639 0.0 5 1
2059.5 2084 2035 1.0 2 0 0.000479386385427 0.000958772770853 0.0 1 1
1922.25 1959 1886 0.75 1 0 0.000387577242085 0.000524109014675 0.0 3 1
2131.0 2131 2131 0.0 0 0 0.0 0.0 0.0 0 1
1971.85714286 2034 1893 0.142857142857 1 0 7.11085828059e-05 0.000497760079642 0.0 6 1
2060.5 2070 2051 0.5 1 0 0.000243664717349 0.000487329434698 0.0 1 1
2137.0 2137 2137 0.0 0 0 0.0 0.0 0.0 0 1
1964.0 1992 1936 0.5 1 0 0.000258131130614 0.000516262261229 0.0 1 1
2033.33333333 2055 2012 0.666666666667 2 0 0.000331016219795 0.000993048659384 0.0 2 1
2083.66666667 2135 2054 0.666666666667 1 0 0.000318260932958 0.000486618004866 0.0 2 1
2306.0 2306 2306 0.0 0 0 0.0 0.0 0.0 0 1
2016.33333333 2046 1977 0.0 0 0 0.0 0.0 0.0 2 1
2155.8 2238 2097 0.8 1 0 0.000369808952515 0.00047664442326 0.0 4 1
1771.14634146 2131 1548 6.09756097561 15 0 0.00349391860654 0.00857142857143 0.0 81 1
1985.0 1985 1985 0.0 0 0 0.0 0.0 0.0 0 1
2028.0 2028 2028 0.0 0 0 0.0 0.0 0.0 0 1
1892.0 1959 1853 0.25 1 0 0.000132837407014 0.000531349628055 0.0 3 1
2070.0 2070 2070 0.0 0 0 0.0 0.0 0.0 0 1
2156.0 2156 2156 0.0 0 0 0.0 0.0 0.0 0 1
2112.0 2112 2112 0.0 0 0 0.0 0.0 0.0 0 1
2062.0 2062 2062 0.0 0 0 0.0 0.0 0.0 0 1
1963.5 2052 1922 0.625 2 0 0.000313571780159 0.0010101010101 0.0 7 1
1987.0 1987 1987 0.0 0 0 0.0 0.0 0.0 0 1
1980.08333333 2112 1870 1.66666666667 5 0 0.00083114729942 0.0025354969574 0.0 11 1
2095.0 2129 2061 0.0 0 0 0.0 0.0 0.0 1 1
2093.66666667 2144 2051 0.0 0 0 0.0 0.0 0.0 2 1
2053.0 2053 2053 0.0 0 0 0.0 0.0 0.0 0 1
2000.8 2134 1813 1.55 3 0 0.000776092797072 0.0015392508979 0.0 19 1
2164.0 2164 2164 0.0 0 0 0.0 0.0 0.0 0 1
2190.5 2217 2164 0.0 0 0 0.0 0.0 0.0 1 1
1993.66666667 2027 1955 0.666666666667 1 0 0.000334781363569 0.000511247443763 0.0 2 1
2108.0 2108 2108 0.0 0 0 0.0 0.0 0.0 0 1
1899.4 1970 1809 1.6 3 0 0.00083095502634 0.00156494522692 0.0 4 1
2000.0 2013 1987 0.0 0 0 0.0 0.0 0.0 1 1
2115.0 2127 2103 0.5 1 0 0.000237642585551 0.000475285171103 0.0 1 1
2043.0 2043 2043 0.0 0 0 0.0 0.0 0.0 0 1
2008.0 2008 2008 0.0 0 0 0.0 0.0 0.0 0 1
2030.83333333 2071 1942 0.833333333333 2 0 0.000412333787541 0.000972289742343 0.0 5 1
2170.83333333 2274 2052 0.166666666667 1 0 7.32600732601e-05 0.00043956043956 0.0 5 1
1604.2989418 2003 1224 34.626984127 103 0 0.0218677732205 0.0706932052162 0.0 377 1
2109.83333333 2166 2077 0.333333333333 1 0 0.000158957565834 0.000477554918816 0.0 5 1
2198.66666667 2213 2180 0.666666666667 1 0 0.000303392152063 0.000458505272811 0.0 2 1
2164.22222222 2240 1963 2.0 6 0 0.000908636642286 0.0026714158504 0.0 8 1
2156.66666667 2170 2135 1.0 2 0 0.000463699909032 0.000922934933087 0.0 2 1
2022.0 2022 2022 0.0 0 0 0.0 0.0 0.0 0 1
2064.66666667 2127 1976 0.666666666667 1 0 0.000315978761435 0.000478011472275 0.0 2 1
2018.0 2018 2018 0.0 0 0 0.0 0.0 0.0 0 1
2051.0 2051 2051 0.0 0 0 0.0 0.0 0.0 0 1
2142.25 2250 2042 0.875 2 0 0.000403670449677 0.00088809946714 0.0 7 1
2024.75 2062 1974 0.75 2 0 0.000368952812953 0.000991080277502 0.0 3 1
1624.08201058 2145 1331 29.8201058201 79 0 0.0182509699707 0.0533428165007 0.0 377 1
1631.13057325 2170 1365 32.0222929936 101 0 0.0194936288842 0.0610873549175 0.0 313 1
