470.023529412 2107 0 246.729411765 1406 0 0.659045149367 1.0 0.0 84 1
2000.16666667 2048 1970 1.0 2 0 0.00049842756849 0.000993541977149 0.0 5 1
357.119047619 2075 0 256.214285714 1528 0 0.701060435373 1.0 0.0 83 0
1987.5 2003 1972 0.5 1 0 0.000253421186011 0.000506842372022 0.0 1 1
2005.0 2005 2005 0.0 0 0 0.0 0.0 0.0 0 1
380.819444444 2062 0 264.180555556 1318 0 0.720812796405 1.0 0.0 71 0
474.25974026 2132 0 260.935064935 1393 0 0.654613932387 1.0 0.0 76 0
1999.0 1999 1999 0.0 0 0 0.0 0.0 0.0 0 1
371.197530864 2021 0 241.148148148 1335 0 0.685559933438 1.0 0.0 80 0
309.41 2075 0 197.32 1346 0 0.696972097206 1.0 0.0 99 1
362.925531915 2139 0 219.446808511 1311 0 0.664120701052 1.0 0.0 93 1
350.230769231 1728 0 274.523076923 1186 0 0.672006692081 1.0 0.0 64 1
451.230769231 2163 0 301.815384615 1307 0 0.676119695569 1.0 0.0 64 0
2009.5 2093 1924 0.0 0 0 0.0 0.0 0.0 5 1
294.77 2147 0 211.88 1460 0 0.673524724825 1.0 0.0 99 0
321.647058824 1956 0 215.6 1261 0 0.716108487734 1.0 0.0 84 1
388.974683544 2228 0 290.240506329 1536 0 0.692328996268 1.0 0.0 78 1
382.434210526 2119 0 278.684210526 1408 0 0.711333760348 1.0 0.0 75 0
297.168539326 2070 0 243.303370787 1531 0 0.730952046059 1.0 0.0 88 0
355.367088608 2147 0 252.164556962 1343 0 0.690660650123 1.0 0.0 78 1
1998.66666667 2021 1980 0.0 0 0 0.0 0.0 0.0 2 1
428.781609195 2103 0 251.666666667 1454 0 0.720084330626 1.0 0.0 86 0
371.440860215 2126 0 220.258064516 1334 0 0.672640430965 1.0 0.0 92 1
1989.33333333 2033 1947 0.333333333333 1 0 0.000163880694854 0.000491642084562 0.0 2 1
2012.5 2026 1999 0.0 0 0 0.0 0.0 0.0 1 1
402.506493506 2281 0 284.155844156 1498 0 0.713931052681 1.0 0.0 76 0
513.101265823 2188 0 270.202531646 1518 0 0.644050704017 1.0 0.0 78 1
381.350515464 2059 0 223.958762887 1490 0 0.70579451885 1.0 0.0 96 1
282.88172043 2118 0 225.76344086 1439 0 0.74849968831 1.0 0.0 92 0
435.96 2205 0 292.16 1607 0 0.709292099115 1.0 0.0 74 1
427.042253521 2169 0 295.492957746 1455 0 0.691921170913 1.0 0.0 70 0
393.768115942 2114 0 276.637681159 1332 0 0.678872958981 1.0 0.0 68 0
457.538461538 2102 0 272.948717949 1462 0 0.672509895668 1.0 0.0 77 0
421.449275362 2002 0 297.420289855 1435 0 0.659651481017 1.0 0.0 68 0
392.855421687 2244 0 241.180722892 1363 0 0.688913147916 1.0 0.0 82 0
405.357142857 2241 0 293.657142857 1442 0 0.695436034441 1.0 0.0 69 0
376.64556962 2200 0 263.037974684 1416 0 0.711661960027 1.0 0.0 78 0
405.928571429 1977 0 245.19047619 1431 0 0.703559626251 1.0 0.0 83 1
427.97029703 2071 0 190.96039604 1361 0 0.630825875867 1.0 0.0 100 0
404.9875 1975 0 232.975 1280 0 0.661154702762 1.0 0.0 79 1
410.435897436 2023 0 288.564102564 1530 0 0.694638392738 1.0 0.0 77 0
239.929824561 1920 0 173.464912281 1363 0 0.741472940559 1.0 0.0 113 0
444.786666667 2117 0 261.64 1414 0 0.655028162792 1.0 0.0 74 0
412.070422535 2067 0 282.591549296 1357 0 0.698109735896 1.0 0.0 70 0
302.021505376 2153 0 212.23655914 1312 0 0.722378539976 1.0 0.0 92 0
355.834782609 2130 0 176.12173913 1358 0 0.677312543344 1.0 0.0 114 0
224.345070423 2172 0 147.950704225 1503 0 0.684989955864 1.0 0.0 141 1
477.280487805 2069 0 222.426829268 1295 0 0.644860889302 1.0 0.0 81 0
412.492307692 2092 0 310.892307692 1575 0 0.620014277445 1.0 0.0 64 1
480.771428571 2201 0 275.542857143 1341 0 0.655128888052 1.0 0.0 69 1
275.761904762 2046 0 186.695238095 1324 0 0.701439600911 1.0 0.0 104 0
405.875 2236 0 285.388888889 1516 0 0.691387191641 1.0 0.0 71 0
457.5 2151 0 270.902777778 1368 0 0.62299736043 1.0 0.0 71 1
421.383561644 2007 0 266.479452055 1408 0 0.661839241522 1.0 0.0 72 0
470.761904762 2158 0 234.476190476 1327 0 0.657631138252 1.0 0.0 83 0
2025.0 2032 2018 0.0 0 0 0.0 0.0 0.0 1 1
294.494623656 2084 0 216.440860215 1335 0 0.736617606694 1.0 0.0 92 1
329.451219512 2036 0 247.390243902 1303 0 0.727829680849 1.0 0.0 81 0
474.397058824 2120 0 317.911764706 1459 0 0.681794848258 1.0 0.0 67 1
430.597560976 2142 0 237.743902439 1354 0 0.672281574509 1.0 0.0 81 0
379.293333333 1938 0 246.6 1331 0 0.708308927076 1.0 0.0 74 0
2204.75 2324 2104 0.5 1 0 0.000227745911668 0.000465549348231 0.0 3 1
451.3 1966 0 260.771428571 1246 0 0.650459248022 1.0 0.0 69 1
2151.5 2183 2120 0.0 0 0 0.0 0.0 0.0 1 1
310.785714286 2007 0 203.010204082 1361 0 0.649493047291 1.0 0.0 97 0
2165.0 2165 2165 0.0 0 0 0.0 0.0 0.0 0 1
346.641304348 2110 0 210.52173913 1295 0 0.726864557807 1.0 0.0 91 0
403.78313253 2181 0 273.072289157 1513 0 0.684708087479 1.0 0.0 82 0
404.422222222 2181 0 243.411111111 1517 0 0.648330484953 1.0 0.0 89 0
477.259259259 1853 0 235.456790123 1226 0 0.626549917391 1.0 0.0 80 1
435.2125 2093 0 233.625 1340 0 0.645908993738 0.933333333333 0.0 79 1
542.361111111 2197 0 271.708333333 1350 0 0.636629085771 1.0 0.0 71 0
2243.0 2243 2243 0.0 0 0 0.0 0.0 0.0 0 1
2071.0 2088 2058 0.333333333333 1 0 0.000161186331399 0.000483558994197 0.0 2 1
2021.0 2021 2021 0.0 0 0 0.0 0.0 0.0 0 1
2089.0 2089 2089 0.0 0 0 0.0 0.0 0.0 0 1
2151.0 2182 2113 0.333333333333 1 0 0.000154392465648 0.000463177396943 0.0 2 1
488.485714286 2113 0 302.3 1476 0 0.678395010917 1.0 0.0 69 0
283.2 2158 0 201.123809524 1392 0 0.746676623103 1.0 0.0 104 1
433.638888889 2118 0 264.819444444 1365 0 0.68122758662 1.0 0.0 71 0
2032.0 2114 1991 0.6 2 0 0.000286835427827 0.000945179584121 0.0 4 1
358.942528736 2055 0 230.586206897 1361 0 0.683203644248 1.0 0.0 86 0
2075.5 2122 2029 0.0 0 0 0.0 0.0 0.0 1 1
512.7 2114 0 320.416666667 1405 0 0.647925108585 1.0 0.0 59 1
393.056338028 2097 0 283.126760563 1386 0 0.704090212883 1.0 0.0 70 1
289.2 2060 0 171.0 1294 0 0.692187916146 1.0 0.0 114 0
399.589041096 2113 0 274.136986301 1387 0 0.677315588746 1.0 0.0 72 1
514.942028986 2197 0 275.391304348 1334 0 0.624163557427 1.0 0.0 68 1
1896.75 1936 1852 0.0 0 0 0.0 0.0 0.0 3 1
407.157894737 2292 0 276.289473684 1525 0 0.658379701432 1.0 0.0 75 1
1853.66666667 1892 1805 0.0 0 0 0.0 0.0 0.0 2 1
365.151898734 2133 0 274.53164557 1543 0 0.718003583235 1.0 0.0 78 0
2125.5 2167 2084 0.0 0 0 0.0 0.0 0.0 1 1
324.352272727 1929 0 211.795454545 1305 0 0.714896866522 1.0 0.0 87 0
1941.66666667 1960 1915 0.333333333333 1 0 0.000173973556019 0.000521920668058 0.0 2 1
363.417721519 2219 0 245.746835443 1442 0 0.650267270324 1.0 0.0 78 1
332.595505618 2055 0 235.91011236 1433 0 0.676255837675 1.0 0.0 88 0
397.069444444 2136 0 284.319444444 1392 0 0.69604123128 1.0 0.0 71 0
424.350649351 2093 0 280.571428571 1560 0 0.660161893039 1.0 0.0 76 0
404.540540541 2075 0 268.527027027 1289 0 0.646425663125 1.0 0.0 73 0
374.959459459 2205 0 275.27027027 1477 0 0.717006886128 1.0 0.0 73 0
340.75 2021 0 242.045454545 1347 0 0.678191844265 1.0 0.0 87 0
465.931506849 2107 0 267.780821918 1385 0 0.6784727273 1.0 0.0 72 0
411.071428571 2090 0 292.985714286 1373 0 0.641219743175 1.0 0.0 69 1
301.829268293 2008 0 234.780487805 1305 0 0.762682632044 1.0 0.0 81 0
283.168224299 2102 0 207.214953271 1481 0 0.670815951375 1.0 0.0 106 0
448.109589041 2218 0 281.095890411 1402 0 0.68905924852 1.0 0.0 72 0
297.752688172 2116 0 229.279569892 1470 0 0.597873874015 1.0 0.0 92 0
2116.0 2157 2089 0.0 0 0 0.0 0.0 0.0 2 1
1932.0 1932 1932 0.0 0 0 0.0 0.0 0.0 0 1
438.888888889 2105 0 302.013888889 1522 0 0.685955246407 1.0 0.0 71 0
348.451612903 2204 0 213.043010753 1362 0 0.690304090221 1.0 0.0 92 0
1993.0 1993 1993 0.0 0 0 0.0 0.0 0.0 0 1
572.066666667 2313 0 291.733333333 1695 0 0.618631185964 1.0 0.0 74 1
441.475 2093 0 276.7 1468 0 0.648723437872 1.0 0.0 79 1
370.72 2003 0 212.19 1379 0 0.663634122772 1.0 0.0 99 1
551.865671642 1975 0 289.626865672 1368 0 0.619465657824 1.0 0.0 66 1
2123.25 2162 2067 0.0 0 0 0.0 0.0 0.0 3 1
403.86746988 2209 0 283.192771084 1686 0 0.662824383091 1.0 0.0 82 0
470.891891892 2348 0 291.797297297 1482 0 0.699339918481 1.0 0.0 73 0
2072.0 2072 2072 0.0 0 0 0.0 0.0 0.0 0 1
349.5 2071 0 261.371794872 1443 0 0.699068947747 1.0 0.0 77 1
437.759493671 2096 0 258.025316456 1405 0 0.643340476043 1.0 0.0 78 1
2211.0 2211 2211 0.0 0 0 0.0 0.0 0.0 0 1
413.390625 2145 0 337.46875 1442 0 0.706055694783 1.0 0.0 63 1
431.392857143 2149 0 241.75 1417 0 0.686321324675 1.0 0.0 83 0
358.25974026 2057 0 279.597402597 1443 0 0.727444142207 1.0 0.0 76 0
430.885714286 2069 0 294.828571429 1394 0 0.671892485051 1.0 0.0 69 0
416.684210526 2195 0 266.5 1413 0 0.680776156084 1.0 0.0 75 1
338.27 2131 0 200.88 1410 0 0.707315021894 1.0 0.0 99 0
355.263157895 1972 0 281.157894737 1478 0 0.703262014509 1.0 0.0 75 0
396.057142857 2092 0 291.928571429 1421 0 0.715108057284 1.0 0.0 69 0
357.901408451 1959 0 269.366197183 1300 0 0.721627731681 1.0 0.0 70 0
302.451923077 1940 0 200.769230769 1436 0 0.687296551642 1.0 0.0 103 0
336.367088608 1933 0 243.936708861 1302 0 0.713341001271 1.0 0.0 78 0
335.405063291 1920 0 243.164556962 1360 0 0.716979580643 1.0 0.0 78 1
1926.66666667 1965 1900 0.0 0 0 0.0 0.0 0.0 2 1
403.628571429 2186 0 286.171428571 1452 0 0.667583115466 1.0 0.0 69 1
334.310344828 2184 0 221.183908046 1385 0 0.746139087092 1.0 0.0 86 1
521.45 2132 0 233.2625 1368 0 0.598068936301 1.0 0.0 79 0
499.295774648 2106 0 297.14084507 1462 0 0.655260192129 1.0 0.0 70 0
2177.33333333 2209 2159 0.666666666667 2 0 0.000307787011388 0.000923361034164 0.0 2 1
406.637681159 2136 0 283.695652174 1387 0 0.651553506041 1.0 0.0 68 1
255.979381443 1921 0 211.484536082 1413 0 0.670871515067 1.0 0.0 96 0
346.666666667 1859 0 232.269230769 1271 0 0.713730478749 1.0 0.0 77 0
297.547368421 2022 0 215.115789474 1405 0 0.634025100381 1.0 0.0 94 1
486.085714286 2123 0 281.3 1474 0 0.646679077234 1.0 0.0 69 1
2033.66666667 2155 1821 0.888888888889 2 0 0.000423447928192 0.000959232613909 0.0 8 1
395.405405405 2257 0 302.878378378 1544 0 0.694208035858 1.0 0.0 73 1
387.189189189 2252 0 292.662162162 1522 0 0.695564413239 1.0 0.0 73 1
2099.0 2154 2049 0.333333333333 1 0 0.00015467904099 0.00046403712297 0.0 2 1
2055.0 2059 2051 0.0 0 0 0.0 0.0 0.0 1 1
477.34375 2128 0 320.953125 1478 0 0.661619344417 1.0 0.0 63 0
245.324561404 2220 0 187.201754386 1444 0 0.748089777581 1.0 0.0 113 0
2128.2 2185 2057 0.6 1 0 0.000280400993884 0.000475285171103 0.0 4 1
375.857142857 2020 0 239.649350649 1199 0 0.694611156636 1.0 0.0 76 0
1980.0 2068 1917 0.5 2 0 0.00025705569301 0.00104220948411 0.0 7 1
2121.0 2148 2094 0.0 0 0 0.0 0.0 0.0 1 1
2039.0 2061 2017 0.5 1 0 0.000242483026188 0.000484966052376 0.0 1 1
324.156626506 1960 0 253.012048193 1497 0 0.73768316849 1.0 0.0 82 0
469.551282051 2203 0 279.666666667 1469 0 0.651233195152 1.0 0.0 77 1
2015.0 2022 2008 0.0 0 0 0.0 0.0 0.0 1 1
439.695121951 1954 0 220.536585366 1333 0 0.629614247807 1.0 0.0 81 0
1797.5 1813 1782 0.0 0 0 0.0 0.0 0.0 1 1
453.230769231 2219 0 265.423076923 1478 0 0.670400331123 1.0 0.0 77 1
332.353658537 2099 0 251.56097561 1386 0 0.701627251926 1.0 0.0 81 0
1976.8 2033 1932 1.0 3 0 0.000503150634221 0.00150678051231 0.0 4 1
494.486486486 2079 1 278.635135135 1410 0 0.632035395663 0.964285714286 0.0 73 1
2259.5 2287 2232 0.0 0 0 0.0 0.0 0.0 1 1
2106.33333333 2150 2064 0.0 0 0 0.0 0.0 0.0 2 1
2082.0 2082 2082 0.0 0 0 0.0 0.0 0.0 0 1
341.153846154 1954 0 253.474358974 1373 0 0.712493205806 1.0 0.0 77 0
365.662790698 2028 0 248.779069767 1538 0 0.687732111475 1.0 0.0 85 1
312.744186047 1978 0 217.418604651 1344 0 0.670771795835 1.0 0.0 85 1
1972.0 1972 1972 0.0 0 0 0.0 0.0 0.0 0 1
2045.71428571 2116 1982 0.142857142857 1 0 6.74809366354e-05 0.000472366556448 0.0 6 1
516.768115942 2112 0 289.913043478 1436 0 0.661082768844 1.0 0.0 68 0
1884.33333333 1940 1849 0.166666666667 1 0 8.58663918942e-05 0.000515198351365 0.0 5 1
329.151162791 2044 0 233.779069767 1406 0 0.649995466103 1.0 0.0 85 1
1911.71428571 2011 1822 1.57142857143 4 0 0.000801802457137 0.00207039337474 0.0 6 1
1981.5 2014 1952 0.25 1 0 0.000125881168177 0.000503524672709 0.0 3 1
477.821917808 2269 0 278.630136986 1392 0 0.668943327055 1.0 0.0 72 0
342.342857143 2174 0 202.485714286 1425 0 0.655382019353 1.0 0.0 104 0
2032.5 2071 1994 0.0 0 0 0.0 0.0 0.0 1 1
2053.5 2058 2049 0.5 1 0 0.000242836328315 0.000485672656629 0.0 1 1
369.507042254 2139 0 296.915492958 1506 0 0.695275768473 1.0 0.0 70 1
560.52173913 2065 0 290.086956522 1495 0 0.625592190725 1.0 0.0 68 0
2126.0 2126 2126 0.0 0 0 0.0 0.0 0.0 0 1
412.828571429 2155 0 293.228571429 1465 0 0.707573931109 1.0 0.0 69 0
1873.5 1903 1844 0.0 0 0 0.0 0.0 0.0 1 1
2105.0 2120 2090 0.5 1 0 0.0002357378595 0.000471475719 0.0 1 1
1915.0 1915 1915 0.0 0 0 0.0 0.0 0.0 0 1
483.883116883 2036 0 271.064935065 1380 0 0.681200525061 1.0 0.0 76 0
423.052631579 2075 0 260.381578947 1389 0 0.680469851652 1.0 0.0 75 0
269.945454545 1880 0 181.190909091 1406 0 0.711043520765 1.0 0.0 109 0
372.528089888 2096 0 217.471910112 1325 0 0.639733486298 1.0 0.0 88 0
1956.5 2011 1886 0.0 0 0 0.0 0.0 0.0 3 1
373.771084337 2049 0 220.771084337 1337 0 0.667321173293 1.0 0.0 82 1
2130.2 2231 2079 0.2 1 0 9.50118764846e-05 0.000475059382423 0.0 4 1
575.04 2143 0 243.8 1341 0 0.604819586571 1.0 0.0 74 0
1914.5 1967 1862 0.0 0 0 0.0 0.0 0.0 1 1
377.220588235 2230 0 287.382352941 1339 0 0.635315327503 1.0 0.0 67 1
334.987951807 2219 0 233.759036145 1287 0 0.709165524322 1.0 0.0 82 0
537.368421053 2196 0 276.513157895 1436 0 0.628408767016 1.0 0.0 75 1
377.722891566 1975 0 236.554216867 1346 0 0.694266968864 1.0 0.0 82 0
322.966666667 2159 0 222.611111111 1372 0 0.690491045407 1.0 0.0 89 1
400.168421053 2238 0 238.157894737 1479 0 0.698031070628 1.0 0.0 94 1
318.686868687 1933 0 202.383838384 1296 0 0.690504290219 1.0 0.0 98 0
1996.0 2043 1961 0.25 1 0 0.000124254473161 0.000497017892644 0.0 3 1
426.815217391 2132 0 209.456521739 1284 0 0.69887559649 1.0 0.0 91 0
2099.66666667 2139 2059 0.666666666667 2 0 0.000323467572376 0.000970402717128 0.0 2 1
487.725806452 2189 0 346.467741935 1476 0 0.660973789272 1.0 0.0 61 0
387.884615385 1972 0 249.769230769 1375 0 0.682049408558 1.0 0.0 77 0
402.112676056 2114 0 274.718309859 1352 0 0.708233752614 1.0 0.0 70 0
378.703296703 1991 0 198.582417582 1239 0 0.679268140105 1.0 0.0 90 0
2133.33333333 2179 2093 0.666666666667 1 0 0.000309473227585 0.000469704086426 0.0 2 1
426.5 2246 1 255.702702703 1343 0 0.63955874847 0.95652173913 0.0 73 1
1976.5 1986 1967 1.0 2 0 0.000503018108652 0.0010060362173 0.0 1 1
516.811111111 2231 0 236.011111111 1529 0 0.671638021557 1.0 0.0 89 0
368.013888889 2026 0 286.513888889 1419 0 0.728744682681 1.0 0.0 71 0
533.479452055 2131 0 276.123287671 1371 0 0.665860810946 1.0 0.0 72 0
459.506666667 2061 1 294.506666667 1533 0 0.614456687049 0.962264150943 0.0 74 1
382.290697674 2302 0 247.279069767 1500 0 0.692521500854 1.0 0.0 85 1
539.407407407 2108 0 258.209876543 1415 0 0.654250497437 1.0 0.0 80 0
372.181818182 2186 0 229.454545455 1304 0 0.678731020912 1.0 0.0 87 1
2199.0 2200 2198 0.0 0 0 0.0 0.0 0.0 1 1
478.797101449 2129 0 303.188405797 1410 0 0.647476304688 1.0 0.0 68 0
472.735632184 2044 0 199.310344828 1162 0 0.617977456556 1.0 0.0 86 0
2088.0 2088 2088 0.0 0 0 0.0 0.0 0.0 0 1
517.268292683 2040 0 251.207317073 1451 0 0.598265769592 1.0 0.0 81 0
358.701298701 2077 0 273.311688312 1382 0 0.685948035645 1.0 0.0 76 0
383.988372093 2256 0 232.523255814 1415 0 0.67686242625 1.0 0.0 85 0
482.875 2024 0 252.444444444 1289 0 0.615872906605 1.0 0.0 71 1
499.971428571 2125 0 278.2 1389 0 0.66421717198 1.0 0.0 69 0
464.65060241 2070 0 241.34939759 1340 0 0.662193370245 1.0 0.0 82 0
2005.5 2018 1993 0.5 1 0 0.000247647350173 0.000495294700347 0.0 1 1
357.655172414 2021 0 220.701149425 1361 0 0.692996500203 1.0 0.0 86 0
356.328767123 2022 0 265.890410959 1333 0 0.683695571578 1.0 0.0 72 1
465.52 2260 0 259.813333333 1406 0 0.673672364541 1.0 0.0 74 0
463.547945205 2150 0 275.068493151 1384 0 0.673085001812 1.0 0.0 72 0
425.947368421 2110 0 275.921052632 1419 0 0.663432228376 1.0 0.0 75 1
428.307692308 2029 0 246.358974359 1328 0 0.676344712984 1.0 0.0 77 1
400.86746988 2070 0 240.602409639 1272 0 0.641324202033 1.0 0.0 82 1
459.342465753 2154 0 284.97260274 1453 0 0.634521119979 1.0 0.0 72 1
268.474137931 2179 0 181.284482759 1375 0 0.715816346218 1.0 0.0 115 0
390.342105263 2070 0 284.618421053 1511 0 0.680567166419 1.0 0.0 75 0
391.146067416 2149 0 239.134831461 1424 0 0.663197581845 1.0 0.0 88 1
431.0 2067 0 251.855263158 1392 0 0.652591810441 1.0 0.0 75 1
1910.5 1960 1844 0.5 1 0 0.000260430513341 0.000524658971668 0.0 3 1
2122.4 2221 2041 0.6 1 0 0.000281949746103 0.000481463649494 0.0 4 1
508.53968254 2018 0 296.063492063 1272 0 0.640680832388 1.0 0.0 62 1
339.209302326 2148 0 214.0 1294 0 0.669317368182 1.0 0.0 85 1
1981.0 2048 1903 0.4 2 0 0.000209973753281 0.0010498687664 0.0 4 1
395.197530864 2389 0 272.296296296 1445 0 0.706289971082 1.0 0.0 80 1
434.974683544 2137 0 256.164556962 1368 0 0.688707527762 1.0 0.0 78 1
328.314606742 2132 0 221.595505618 1345 0 0.663046824892 1.0 0.0 88 0
2148.5 2154 2143 0.5 1 0 0.000232018561485 0.00046403712297 0.0 1 1
412.913043478 2095 0 294.565217391 1400 0 0.675356705153 1.0 0.0 68 1
365.024691358 2149 0 247.358024691 1303 0 0.720352392623 1.0 0.0 80 0
368.0 2178 0 259.75 1521 0 0.64516218757 1.0 0.0 83 1
394.05 2065 0 255.9625 1375 0 0.630999139232 1.0 0.0 79 1
392.139240506 2164 0 256.936708861 1486 0 0.63790791004 1.0 0.0 78 1
2129.5 2176 2099 0.0 0 0 0.0 0.0 0.0 3 1
296.704761905 1976 0 202.161904762 1397 0 0.693746184558 1.0 0.0 104 1
410.974025974 2115 0 257.428571429 1401 0 0.691830631231 1.0 0.0 76 0
2139.0 2139 2139 0.0 0 0 0.0 0.0 0.0 0 1
1918.33333333 1950 1865 0.0 0 0 0.0 0.0 0.0 2 1
356.296296296 2008 0 236.456790123 1325 0 0.69143355317 1.0 0.0 80 0
427.52173913 2005 0 291.768115942 1456 0 0.686247075484 1.0 0.0 68 1
313.495495495 2222 0 187.738738739 1379 0 0.707670314723 1.0 0.0 110 0
338.632911392 2079 0 251.506329114 1344 0 0.686988685869 1.0 0.0 78 0
510.916666667 2000 0 274.958333333 1375 0 0.641901540637 1.0 0.0 71 0
2238.0 2238 2238 0.0 0 0 0.0 0.0 0.0 0 1
374.545454545 2008 0 273.194805195 1428 0 0.661839816271 1.0 0.0 76 1
402.87654321 2178 0 241.024691358 1394 0 0.710089235052 1.0 0.0 80 0
337.304347826 2098 0 220.826086957 1350 0 0.693170378845 1.0 0.0 91 0
2099.66666667 2123 2071 0.333333333333 1 0 0.000156936597615 0.000470809792844 0.0 2 1
2039.0 2045 2028 0.0 0 0 0.0 0.0 0.0 2 1
2052.5 2070 2035 0.5 1 0 0.00024557956778 0.00049115913556 0.0 1 1
352.535714286 2163 0 188.0625 1352 0 0.677016708878 1.0 0.0 111 1
351.218390805 2148 0 270.517241379 1482 0 0.735977735288 1.0 0.0 86 0
308.35483871 2041 0 225.301075269 1431 0 0.688696405979 1.0 0.0 92 1
454.0 2148 0 292.606060606 1404 0 0.670119094357 1.0 0.0 65 0
2277.0 2277 2277 0.0 0 0 0.0 0.0 0.0 0 1
468.150684932 2078 0 265.602739726 1356 0 0.645000289547 1.0 0.0 72 0
460.319444444 2024 0 259.569444444 1371 0 0.672938412492 1.0 0.0 71 1
413.927710843 2203 0 235.024096386 1350 0 0.68679976037 1.0 0.0 82 1
2085.66666667 2189 2035 0.5 2 0 0.000236436994428 0.000962000962001 0.0 5 1
358.0625 2061 0 244.1 1319 0 0.676324254477 1.0 0.0 79 0
2057.0 2091 2023 0.0 0 0 0.0 0.0 0.0 1 1
493.885714286 2034 0 247.428571429 1244 0 0.64111419018 1.0 0.0 69 1
2107.66666667 2135 2089 0.0 0 0 0.0 0.0 0.0 2 1
360.615384615 2152 0 223.142857143 1341 0 0.700523185587 1.0 0.0 90 1
2112.5 2135 2090 0.0 0 0 0.0 0.0 0.0 1 1
449.940594059 2076 0 190.485148515 1370 0 0.685972539582 1.0 0.0 100 0
437.911764706 2121 0 312.102941176 1436 0 0.683625841236 1.0 0.0 67 0
389.5 2173 0 270.144736842 1431 0 0.733426790103 1.0 0.0 75 0
2123.0 2123 2123 0.0 0 0 0.0 0.0 0.0 0 1
418.837837838 2178 0 304.27027027 1494 0 0.696280930202 1.0 0.0 73 1
2058.0 2103 2006 0.6 1 0 0.000288293794294 0.000483325277912 0.0 4 1
342.555555556 1982 0 242.962962963 1444 0 0.672675820323 1.0 0.0 80 0
429.119402985 2097 0 303.253731343 1406 0 0.664005909236 1.0 0.0 66 0
1971.2 2035 1903 0.8 2 0 0.000406765561247 0.00104166666667 0.0 4 1
419.337837838 2142 0 294.162162162 1536 0 0.653451558737 1.0 0.0 73 1
489.271428571 2054 0 281.457142857 1327 0 0.65529446264 1.0 0.0 69 0
324.414634146 2095 0 253.134146341 1448 0 0.742134554192 1.0 0.0 81 0
457.101449275 2161 0 283.057971014 1395 0 0.69068756298 1.0 0.0 68 0
2070.0 2196 1982 0.769230769231 2 0 0.000372288576014 0.000977039570103 0.0 12 1
371.157303371 2210 0 222.258426966 1416 0 0.663839266443 1.0 0.0 88 1
462.602941176 2174 0 302.632352941 1465 0 0.660848538102 1.0 0.0 67 1
395.12987013 2249 0 275.701298701 1408 0 0.698747757934 1.0 0.0 76 0
394.763157895 2151 0 286.171052632 1419 0 0.708687646625 1.0 0.0 75 0
2100.0 2100 2100 0.0 0 0 0.0 0.0 0.0 0 1
396.618421053 2036 0 255.618421053 1372 0 0.662174317322 1.0 0.0 75 0
2033.0 2033 2033 0.0 0 0 0.0 0.0 0.0 0 1
605.470588235 2140 0 268.735294118 1355 0 0.612962262702 1.0 0.0 67 0
2097.0 2174 1991 0.8 2 0 0.000379222204926 0.000945179584121 0.0 4 1
327.413461538 2105 0 200.317307692 1381 0 0.735198660621 1.0 0.0 103 1
347.712765957 2040 0 213.574468085 1413 0 0.705571621518 1.0 0.0 93 0
344.461538462 1924 0 251.076923077 1260 0 0.722161602386 1.0 0.0 77 0
418.470588235 2056 0 293.382352941 1433 0 0.682015617945 1.0 0.0 67 0
473.768115942 2098 0 277.811594203 1386 0 0.646247445994 1.0 0.0 68 1
2098.0 2110 2086 0.5 1 0 0.000239578342118 0.000479156684236 0.0 1 1
2138.75 2169 2088 0.0 0 0 0.0 0.0 0.0 3 1
282.225806452 1984 0 226.946236559 1448 0 0.713271109364 1.0 0.0 92 0
462.65625 2216 0 209.927083333 1378 0 0.627218419873 1.0 0.0 95 1
489.842105263 2199 0 264.578947368 1387 0 0.660675998782 1.0 0.0 75 0
2011.5 2027 1996 0.0 0 0 0.0 0.0 0.0 1 1
403.397260274 1965 0 309.191780822 1476 0 0.699406161961 1.0 0.0 72 0
1858.0 1906 1810 0.0 0 0 0.0 0.0 0.0 1 1
493.680555556 2121 0 255.0 1261 0 0.665024884503 1.0 0.0 71 1
470.2625 2112 0 250.925 1361 0 0.680801328806 1.0 0.0 79 0
441.267605634 2075 0 280.816901408 1347 0 0.680720249715 1.0 0.0 70 0
327.394736842 2169 0 185.052631579 1413 0 0.71768092049 1.0 0.0 113 0
2027.0 2050 2004 0.0 0 0 0.0 0.0 0.0 1 1
1949.5 2017 1882 0.0 0 0 0.0 0.0 0.0 1 1
472.720930233 2282 0 252.209302326 1509 0 0.643492341568 1.0 0.0 85 1
368.913043478 2143 0 281.492753623 1336 0 0.690793406445 1.0 0.0 68 1
2087.83333333 2246 2012 1.33333333333 3 0 0.000639347752727 0.0014888337469 0.0 5 1
2285.66666667 2381 2177 0.0 0 0 0.0 0.0 0.0 2 1
294.87826087 2125 0 184.008695652 1517 0 0.657847920082 1.0 0.0 114 1
2014.5 2031 1998 0.0 0 0 0.0 0.0 0.0 1 1
380.08 1965 0 265.626666667 1367 0 0.683921820379 1.0 0.0 74 1
510.625 2349 0 290.805555556 1424 0 0.651597346796 1.0 0.0 71 1
431.911392405 2152 0 254.037974684 1421 0 0.655971793606 1.0 0.0 78 1
365.025 2116 0 260.475 1418 0 0.715145599308 1.0 0.0 79 1
401.968085106 2046 0 218.755319149 1483 0 0.673818753011 1.0 0.0 93 1
507.953125 2182 0 311.3125 1372 0 0.644925404549 1.0 0.0 63 0
1992.0 2064 1920 0.0 0 0 0.0 0.0 0.0 1 1
2170.0 2170 2170 0.0 0 0 0.0 0.0 0.0 0 1
505.6 2082 0 272.026666667 1436 0 0.642520276047 1.0 0.0 74 0
262.285714286 2078 0 236.505494505 1451 0 0.710255754553 1.0 0.0 90 1
1870.0 1870 1870 0.0 0 0 0.0 0.0 0.0 0 1
347.350515464 2120 0 224.927835052 1354 0 0.670448761279 1.0 0.0 96 1
2065.0 2065 2065 0.0 0 0 0.0 0.0 0.0 0 1
2137.0 2147 2127 0.0 0 0 0.0 0.0 0.0 1 1
391.678571429 2238 0 244.071428571 1509 0 0.689576532029 1.0 0.0 83 0
398.639534884 2085 0 232.546511628 1389 0 0.663766276933 1.0 0.0 85 0
344.43902439 1900 0 247.024390244 1360 0 0.699287016906 1.0 0.0 81 0
340.266666667 1930 0 214.866666667 1357 0 0.718868901252 1.0 0.0 89 0
2047.0 2047 2047 0.0 0 0 0.0 0.0 0.0 0 1
468.824324324 2114 0 288.405405405 1421 0 0.676742751196 1.0 0.0 73 1
2119.0 2119 2119 0.0 0 0 0.0 0.0 0.0 0 1
401.543209877 2260 0 270.148148148 1551 0 0.698206860002 1.0 0.0 80 0
602.266666667 2128 0 315.033333333 1363 0 0.638882428068 1.0 0.0 59 0
389.804878049 2083 0 252.146341463 1428 0 0.631073991487 1.0 0.0 81 0
433.142857143 2287 0 249.107142857 1461 0 0.667799904184 1.0 0.0 83 0
537.72972973 2068 0 269.22972973 1378 0 0.646298870117 1.0 0.0 73 0
410.791666667 2066 0 190.96875 1254 0 0.679107871264 1.0 0.0 95 0
397.913580247 2039 0 242.580246914 1344 0 0.675040122584 1.0 0.0 80 0
479.903225806 2207 0 326.258064516 1452 0 0.65317882019 1.0 0.0 61 1
2190.75 2214 2181 0.0 0 0 0.0 0.0 0.0 3 1
1889.25 1913 1872 0.5 1 0 0.000264092217348 0.000533902829685 0.0 3 1
456.358208955 2005 1 303.71641791 1396 0 0.660590480748 0.954545454545 0.0 66 1
376.139534884 2212 0 272.662790698 1605 0 0.699801272368 1.0 0.0 85 1
2039.66666667 2082 1992 0.0 0 0 0.0 0.0 0.0 2 1
435.702380952 2146 0 239.107142857 1369 0 0.683904868048 1.0 0.0 83 0
406.575 2201 0 258.7 1398 0 0.71249936148 1.0 0.0 79 0
449.635135135 2131 0 261.22972973 1323 0 0.682395983472 1.0 0.0 73 0
2105.5 2121 2090 0.0 0 0 0.0 0.0 0.0 1 1
528.0 2083 0 362.322033898 1534 0 0.649925883508 1.0 0.0 58 1
281.063063063 2098 0 196.171171171 1484 0 0.711692568129 1.0 0.0 110 0
1998.0 2023 1973 0.0 0 0 0.0 0.0 0.0 1 1
380.774647887 1898 0 271.478873239 1304 0 0.686315019241 1.0 0.0 70 1
387.559139785 2247 0 229.032258065 1511 0 0.683459158634 1.0 0.0 92 1
355.954545455 2224 0 248.693181818 1533 0 0.755349710041 1.0 0.0 87 0
384.56626506 2124 0 256.602409639 1449 0 0.712937856888 1.0 0.0 82 0
1884.6 1960 1815 0.4 1 0 0.000204500313781 0.000512557662737 0.0 4 1
2112.5 2116 2109 0.5 1 0 0.000236183278224 0.000472366556448 0.0 1 1
292.584070796 2055 0 159.672566372 1285 0 0.657502407959 1.0 0.0 112 1
385.680412371 2159 0 221.082474227 1560 0 0.650751970595 1.0 0.0 96 1
406.230769231 2046 0 259.884615385 1362 0 0.699037414012 1.0 0.0 77 0
269.666666667 1953 0 195.87962963 1420 0 0.762865398815 1.0 0.0 107 0
2003.33333333 2028 1989 0.333333333333 1 0 0.000164284540825 0.000492853622474 0.0 2 1
435.842105263 2203 0 274.842105263 1474 0 0.664721434894 1.0 0.0 75 0
377.614583333 2112 0 227.5625 1590 0 0.647072479559 1.0 0.0 95 1
470.764705882 2154 0 238.894117647 1385 0 0.661139714621 1.0 0.0 84 0
404.974025974 2219 0 267.012987013 1373 0 0.68979484816 1.0 0.0 76 0
338.848837209 1996 0 238.76744186 1468 0 0.695825178259 1.0 0.0 85 1
1981.0 2025 1947 0.0 0 0 0.0 0.0 0.0 4 1
402.626666667 2124 0 259.653333333 1361 0 0.669705971938 1.0 0.0 74 0
2046.5 2065 2028 0.0 0 0 0.0 0.0 0.0 1 1
333.659340659 1992 0 229.208791209 1381 0 0.686782851417 1.0 0.0 90 0
2002.8 2093 1940 0.6 1 0 0.000295887046426 0.000506585612969 0.0 4 1
324.112244898 2190 0 188.673469388 1376 0 0.673954372554 1.0 0.0 97 0
410.808219178 2065 0 260.616438356 1267 0 0.674463740378 1.0 0.0 72 0
390.174418605 2190 0 242.26744186 1380 0 0.683767143341 1.0 0.0 85 0
2187.0 2245 2078 0.428571428571 2 0 0.000190986168715 0.000890075656431 0.0 6 1
418.226190476 2113 0 251.226190476 1501 0 0.657031954494 1.0 0.0 83 0
477.571428571 2020 0 281.971428571 1426 0 0.621285281267 1.0 0.0 69 1
388.588888889 2103 0 226.466666667 1482 0 0.6690743605 1.0 0.0 89 1
407.985915493 1860 0 287.647887324 1471 0 0.67844835128 1.0 0.0 70 0
2058.0 2058 2058 0.0 0 0 0.0 0.0 0.0 0 1
374.12371134 2027 0 220.618556701 1363 0 0.66059431173 1.0 0.0 96 0
380.268292683 2159 0 244.12195122 1352 0 0.727626395898 1.0 0.0 81 1
543.136363636 2091 0 269.712121212 1241 0 0.630281283963 1.0 0.0 65 0
452.872727273 2213 0 181.636363636 1381 0 0.64122362924 1.0 0.0 109 1
2028.0 2028 2028 0.0 0 0 0.0 0.0 0.0 0 1
321.08045977 2033 0 241.206896552 1453 0 0.723557926234 1.0 0.0 86 0
287.457142857 2291 0 199.704761905 1402 0 0.689550805999 1.0 0.0 104 0
415.307692308 2059 0 256.5 1384 0 0.665205944953 1.0 0.0 77 0
422.24691358 2126 0 258.555555556 1391 0 0.632698409108 1.0 0.0 80 1
384.584158416 2075 0 204.316831683 1458 0 0.698686215499 1.0 0.0 100 0
268.98245614 2096 0 176.745614035 1350 0 0.703624294952 1.0 0.0 113 0
429.792682927 2020 0 227.963414634 1274 0 0.682424324638 1.0 0.0 81 0
378.807692308 2116 0 254.230769231 1370 0 0.738728535113 1.0 0.0 77 0
376.188235294 2168 0 253.894117647 1432 0 0.678897542921 1.0 0.0 84 1
489.785714286 2245 0 297.628571429 1558 0 0.641579844624 1.0 0.0 69 1
331.893333333 1986 0 256.533333333 1309 0 0.694839722401 1.0 0.0 74 0
1908.42857143 1949 1843 0.428571428571 1 0 0.000223842791886 0.000536480686695 0.0 6 1
427.414634146 2084 0 251.695121951 1481 0 0.662621301822 1.0 0.0 81 0
299.287356322 2173 0 221.264367816 1464 0 0.733786218893 1.0 0.0 86 0
2147.0 2147 2147 0.0 0 0 0.0 0.0 0.0 0 1
437.25 2197 0 255.8 1329 0 0.670724926281 1.0 0.0 79 1
388.65 2063 0 264.125 1523 0 0.7178951408 1.0 0.0 79 0
551.324324324 2057 0 263.608108108 1401 0 0.572436283688 1.0 0.0 73 1
317.81372549 2153 0 205.245098039 1457 0 0.70875815472 1.0 0.0 101 0
2108.0 2108 2108 0.0 0 0 0.0 0.0 0.0 0 1
316.367816092 2163 0 264.816091954 1492 0 0.77499707719 1.0 0.0 86 0
1888.5 1891 1886 0.0 0 0 0.0 0.0 0.0 1 1
1933.0 1949 1917 0.0 0 0 0.0 0.0 0.0 1 1
2023.0 2030 2016 0.0 0 0 0.0 0.0 0.0 1 1
2168.0 2168 2168 0.0 0 0 0.0 0.0 0.0 0 1
2123.66666667 2192 2051 0.333333333333 1 0 0.000162443144899 0.000487329434698 0.0 2 1
330.845454545 1994 0 184.672727273 1412 0 0.691925199744 1.0 0.0 109 1
504.445945946 2143 0 266.081081081 1374 0 0.658830288725 1.0 0.0 73 0
2061.0 2061 2061 0.0 0 0 0.0 0.0 0.0 0 1
2085.0 2106 2064 0.0 0 0 0.0 0.0 0.0 1 1
264.875 2009 0 172.528846154 1293 0 0.726464618326 1.0 0.0 103 0
474.175675676 2191 0 299.540540541 1497 0 0.676995042934 1.0 0.0 73 0
266.307692308 2052 0 212.201923077 1435 0 0.720630146278 1.0 0.0 103 0
314.539325843 2079 0 236.752808989 1456 0 0.689561728054 1.0 0.0 88 1
376.708333333 2135 0 276.805555556 1361 0 0.70753449461 1.0 0.0 71 0
494.918918919 2157 0 263.689189189 1360 0 0.652303469378 1.0 0.0 73 1
434.842857143 2173 0 282.8 1318 0 0.678937554496 1.0 0.0 69 0
2110.0 2142 2076 0.25 1 0 0.000116658889407 0.000466635557629 0.0 3 1
2149.6 2193 2079 1.0 2 0 0.000461170255356 0.000922083909636 0.0 4 1
358.275862069 2065 0 224.931034483 1382 0 0.739362116589 1.0 0.0 86 0
2063.0 2063 2063 0.0 0 0 0.0 0.0 0.0 0 1
383.795180723 2300 0 263.228915663 1459 0 0.712234418116 1.0 0.0 82 1
1993.25 2017 1960 0.5 1 0 0.000248201295255 0.000497265042268 0.0 3 1
1979.0 1983 1975 0.0 0 0 0.0 0.0 0.0 1 1
391.821917808 2012 0 288.643835616 1447 0 0.690194987319 1.0 0.0 72 0
2066.5 2127 2007 0.0 0 0 0.0 0.0 0.0 3 1
2179.33333333 2251 2115 0.833333333333 3 0 0.000378053712358 0.00137804317869 0.0 5 1
504.972222222 2199 0 282.902777778 1527 0 0.656420157686 1.0 0.0 71 0
522.52238806 2138 0 315.104477612 1418 0 0.665854156032 1.0 0.0 66 0
481.28 2075 0 231.506666667 1272 0 0.62502516166 1.0 0.0 74 1
419.448275862 2123 0 230.724137931 1355 0 0.672859734908 1.0 0.0 86 0
359.771428571 2040 0 196.733333333 1482 0 0.629169850301 1.0 0.0 104 0
311.125 1876 0 222.9375 1183 0 0.714823509594 1.0 0.0 79 0
1983.8 2087 1899 0.8 2 0 0.000396865017124 0.000979911807937 0.0 4 1
2150.75 2171 2104 0.0 0 0 0.0 0.0 0.0 3 1
2064.2 2097 2012 0.4 1 0 0.000191068472972 0.000478697941599 0.0 4 1
474.309859155 2115 0 292.676056338 1417 0 0.683785474387 1.0 0.0 70 0
444.072164948 2215 0 214.762886598 1448 0 0.686660071943 1.0 0.0 96 0
490.014492754 2046 0 282.391304348 1410 0 0.661538689878 1.0 0.0 68 0
2104.5 2181 2061 0.25 1 0 0.000121241513094 0.000484966052376 0.0 3 1
2253.0 2253 2253 0.0 0 0 0.0 0.0 0.0 0 1
2049.66666667 2066 2032 0.333333333333 1 0 0.000163961305132 0.000491883915396 0.0 2 1
1958.125 2046 1888 1.0 2 0 0.000503579832635 0.00103466114847 0.0 7 1
337.349514563 2160 0 215.368932039 1499 0 0.685685679681 1.0 0.0 102 0
370.170731707 2086 0 243.548780488 1379 0 0.698371343932 1.0 0.0 81 1
328.729411765 2241 0 244.905882353 1419 0 0.686733195108 1.0 0.0 84 0
355.761904762 2178 0 234.464285714 1383 0 0.705893977437 1.0 0.0 83 0
242.734513274 1997 0 183.230088496 1380 0 0.710224004375 1.0 0.0 112 1
2030.0 2030 2030 0.0 0 0 0.0 0.0 0.0 0 1
364.227272727 2066 0 247.784090909 1405 0 0.654057218517 1.0 0.0 87 0
388.949367089 2184 0 245.582278481 1363 0 0.679718009155 1.0 0.0 78 0
398.280487805 2181 0 247.890243902 1408 0 0.643015205643 1.0 0.0 81 0
462.152777778 2061 0 268.402777778 1469 0 0.637457420438 1.0 0.0 71 0
502.691176471 2198 0 308.794117647 1435 0 0.619481307276 1.0 0.0 67 1
324.306818182 2072 0 227.613636364 1352 0 0.728121484061 1.0 0.0 87 0
379.282051282 2187 0 265.102564103 1441 0 0.678465901642 1.0 0.0 77 0
2063.0 2075 2046 0.0 0 0 0.0 0.0 0.0 2 1
1950.0 1950 1950 0.0 0 0 0.0 0.0 0.0 0 1
372.876712329 2044 0 277.808219178 1446 0 0.700607238816 1.0 0.0 72 1
2096.33333333 2230 2038 0.166666666667 1 0 7.47049155834e-05 0.000448229493501 0.0 5 1
462.093333333 2174 0 290.4 1540 0 0.676129121311 1.0 0.0 74 1
453.126984127 2117 0 281.777777778 1314 0 0.668367208701 1.0 0.0 62 0
340.375 2145 0 248.534090909 1503 0 0.69887201602 1.0 0.0 87 1
449.084507042 2046 0 262.295774648 1402 0 0.676749161507 1.0 0.0 70 0
2280.5 2306 2255 0.0 0 0 0.0 0.0 0.0 1 1
2237.5 2261 2214 0.0 0 0 0.0 0.0 0.0 1 1
2023.0 2025 2021 0.0 0 0 0.0 0.0 0.0 1 1
437.528571429 2082 0 257.085714286 1422 0 0.670282673033 1.0 0.0 69 0
2083.75 2143 2045 0.0 0 0 0.0 0.0 0.0 3 1
1956.0 1956 1956 0.0 0 0 0.0 0.0 0.0 0 1
1977.0 1977 1977 0.0 0 0 0.0 0.0 0.0 0 1
347.985294118 2022 0 273.852941176 1292 0 0.724736195542 1.0 0.0 67 0
409.853658537 2082 0 250.975609756 1422 0 0.635436742336 1.0 0.0 81 1
2289.5 2295 2284 0.0 0 0 0.0 0.0 0.0 1 1
423.887323944 2220 0 268.591549296 1361 0 0.67743451929 1.0 0.0 70 1
433.182795699 2104 0 215.064516129 1419 0 0.649218100623 1.0 0.0 92 0
300.75 2080 0 200.462962963 1517 0 0.737363922677 1.0 0.0 107 0
2171.0 2177 2165 0.5 1 0 0.000230840258541 0.000461680517082 0.0 1 1
1846.5 1879 1814 0.0 0 0 0.0 0.0 0.0 1 1
314.913793103 1952 0 177.853448276 1425 0 0.717927228215 1.0 0.0 115 0
447.303797468 2216 0 266.873417722 1477 0 0.63880730121 1.0 0.0 78 1
387.845070423 2013 0 275.408450704 1302 0 0.683341402468 1.0 0.0 70 0
475.953846154 1967 0 292.984615385 1328 0 0.665078154442 1.0 0.0 64 0
494.753424658 2216 0 273.657534247 1365 0 0.647726970843 1.0 0.0 72 1
2180.8 2270 2108 0.2 1 0 9.4831673779e-05 0.000474158368895 0.0 4 1
425.138461538 2154 0 311.692307692 1460 0 0.700924537523 1.0 0.0 64 0
336.436781609 2273 0 239.183908046 1485 0 0.69006853747 1.0 0.0 86 0
379.697368421 2174 0 258.328947368 1389 0 0.705056361786 1.0 0.0 75 0
455.615384615 1944 0 214.923076923 1303 0 0.655125731648 1.0 0.0 90 1
293.065217391 2109 0 251.641304348 1599 0 0.737839540642 1.0 0.0 91 0
459.59375 2032 0 210.4375 1451 0 0.660854119934 1.0 0.0 95 0
485.260869565 2192 0 293.782608696 1492 0 0.686842198226 1.0 0.0 68 0
410.021276596 2267 0 220.319148936 1526 0 0.687479473407 1.0 0.0 93 0
2180.0 2184 2176 0.0 0 0 0.0 0.0 0.0 1 1
418.575342466 2007 0 287.315068493 1373 0 0.705410723127 1.0 0.0 72 0
519.722222222 2296 0 278.763888889 1469 0 0.620918283004 1.0 0.0 71 1
440.071428571 2082 0 240.297619048 1325 0 0.67761698571 1.0 0.0 83 0
276.18556701 2045 0 188.06185567 1374 0 0.644326606527 1.0 0.0 96 1
416.46969697 2054 0 302.136363636 1346 0 0.707434424256 1.0 0.0 65 1
328.701923077 2137 0 198.288461538 1450 0 0.689843088376 1.0 0.0 103 0
450.052631579 2205 0 261.539473684 1414 0 0.682311421825 1.0 0.0 75 1
426.488372093 2232 0 245.139534884 1520 0 0.69134518262 1.0 0.0 85 0
2090.0 2090 2090 0.0 0 0 0.0 0.0 0.0 0 1
2007.0 2015 1997 0.0 0 0 0.0 0.0 0.0 2 1
413.826666667 2190 0 294.44 1413 0 0.692820545269 1.0 0.0 74 0
2007.0 2007 2007 0.0 0 0 0.0 0.0 0.0 0 1
2153.33333333 2199 2112 0.333333333333 1 0 0.000151515151515 0.000454545454545 0.0 2 1
1957.0 1957 1957 0.0 0 0 0.0 0.0 0.0 0 1
572.402985075 2155 0 301.119402985 1439 0 0.637774617237 1.0 0.0 66 1
225.877192982 1911 0 169.649122807 1265 0 0.696229337029 1.0 0.0 113 0
356.888888889 2112 0 257.819444444 1380 0 0.691062490741 1.0 0.0 71 1
471.540540541 2242 0 286.027027027 1477 0 0.682839254047 1.0 0.0 73 0
330.788888889 2099 0 230.066666667 1472 0 0.681993623055 1.0 0.0 89 1
2208.0 2208 2208 0.0 0 0 0.0 0.0 0.0 0 1
2013.6 2046 1990 0.2 1 0 0.0001001001001 0.000500500500501 0.0 4 1
383.056818182 2106 0 242.579545455 1528 0 0.710725018483 1.0 0.0 87 0
444.808219178 2045 0 313.219178082 1547 0 0.666716559605 1.0 0.0 72 0
357.292134831 2044 0 231.95505618 1366 0 0.706570131528 1.0 0.0 88 0
386.779069767 2204 0 205.546511628 1212 0 0.688066323379 1.0 0.0 85 0
430.069444444 2086 0 276.472222222 1408 0 0.668558528633 1.0 0.0 71 1
2084.0 2108 2060 0.0 0 0 0.0 0.0 0.0 1 1
401.746268657 2058 0 302.582089552 1419 0 0.70176909289 1.0 0.0 66 1
2108.33333333 2146 2051 0.333333333333 1 0 0.000155255395125 0.000465766185375 0.0 2 1
444.458333333 2105 0 289.013888889 1467 0 0.6630936495 1.0 0.0 71 0
349.083333333 2171 0 279.722222222 1348 0 0.694534077224 1.0 0.0 71 1
310.85 1962 0 231.375 1322 0 0.674304531084 1.0 0.0 79 1
2188.33333333 2230 2167 0.333333333333 1 0 0.000149409831167 0.000448229493501 0.0 2 1
484.868421053 2340 0 275.105263158 1516 0 0.681044185975 1.0 0.0 75 1
482.391891892 1929 0 258.162162162 1311 0 0.606184149943 1.0 0.0 73 1
1959.4 1991 1931 0.0 0 0 0.0 0.0 0.0 4 1
2030.0 2067 1990 0.333333333333 1 0 0.000167420056923 0.000502260170768 0.0 2 1
387.91025641 2092 0 263.884615385 1426 0 0.697377407281 1.0 0.0 77 0
2216.0 2267 2138 0.0 0 0 0.0 0.0 0.0 2 1
1933.5 1944 1923 0.0 0 0 0.0 0.0 0.0 1 1
492.247058824 2139 0 220.764705882 1270 0 0.667305640769 1.0 0.0 84 0
2067.0 2082 2044 0.333333333333 1 0 0.000160565189467 0.000481695568401 0.0 2 1
2028.14285714 2086 1968 0.285714285714 1 0 0.000137165309319 0.000481000481 0.0 6 1
403.202247191 2222 0 246.539325843 1583 0 0.681872538274 1.0 0.0 88 0
371.852272727 2212 0 242.284090909 1399 0 0.694229753803 1.0 0.0 87 0
437.882352941 2003 0 235.894117647 1398 0 0.637509628926 1.0 0.0 84 0
405.678571429 1992 0 209.94047619 1193 0 0.64959945844 1.0 0.0 83 0
376.945945946 2069 0 259.837837838 1345 0 0.701773902658 1.0 0.0 73 0
417.107526882 1934 0 202.376344086 1350 0 0.639158425963 1.0 0.0 92 1
364.647727273 2033 0 214.284090909 1384 0 0.690776462815 1.0 0.0 87 0
392.185185185 2275 0 252.666666667 1429 0 0.674637008027 1.0 0.0 80 0
335.101123596 2157 0 231.08988764 1431 0 0.726451333828 1.0 0.0 88 0
2117.0 2117 2117 0.0 0 0 0.0 0.0 0.0 0 1
2104.33333333 2139 2067 0.0 0 0 0.0 0.0 0.0 2 1
339.277777778 2145 0 220.544444444 1434 0 0.67732237196 1.0 0.0 89 1
2123.5 2160 2087 0.0 0 0 0.0 0.0 0.0 1 1
362.095238095 2045 0 249.107142857 1453 0 0.724638747062 1.0 0.0 83 0
387.769230769 1923 0 205.10989011 1283 0 0.671451910409 1.0 0.0 90 1
376.111111111 2040 0 295.319444444 1497 0 0.725248668981 1.0 0.0 71 0
352.531914894 2201 0 239.819148936 1499 0 0.674014379719 1.0 0.0 93 0
319.010638298 2142 0 217.617021277 1404 0 0.692865747414 1.0 0.0 93 1
415.911764706 2108 0 303.5 1382 0 0.680286689073 1.0 0.0 67 1
388.2125 2164 0 250.4125 1318 0 0.711396762681 1.0 0.0 79 0
521.826666667 2093 0 274.24 1409 0 0.621683451478 1.0 0.0 74 0
513.086956522 2131 0 308.173913043 1429 0 0.631271370811 1.0 0.0 68 0
446.505882353 2069 0 233.329411765 1369 0 0.667978928582 1.0 0.0 84 0
1967.2 2041 1888 1.0 2 0 0.000494570814643 0.000984736582964 0.0 4 1
529.628571429 2288 0 286.3 1397 0 0.660965803842 1.0 0.0 69 0
365.389473684 2044 0 221.747368421 1409 0 0.71989523831 1.0 0.0 94 0
379.584269663 1996 0 233.146067416 1335 0 0.675359848346 1.0 0.0 88 1
2021.0 2021 2021 0.0 0 0 0.0 0.0 0.0 0 1
2000.66666667 2019 1968 0.333333333333 1 0 0.00016501650165 0.00049504950495 0.0 2 1
1967.25 1988 1955 1.0 2 0 0.000507435470733 0.00101781170483 0.0 3 1
356.571428571 2007 0 257.272727273 1283 0 0.713740687657 1.0 0.0 76 0
363.098901099 1954 0 197.054945055 1256 0 0.675181310857 1.0 0.0 90 0
404.441558442 2140 0 273.12987013 1475 0 0.706812578663 1.0 0.0 76 0
1931.0 1947 1915 0.0 0 0 0.0 0.0 0.0 1 1
354.88 2267 0 197.02 1387 0 0.702240828438 1.0 0.0 99 1
2118.0 2123 2113 0.0 0 0 0.0 0.0 0.0 1 1
424.02739726 2052 0 265.616438356 1296 0 0.660094656259 1.0 0.0 72 0
351.039473684 2048 0 254.276315789 1335 0 0.728759351045 1.0 0.0 75 0
285.957446809 2138 0 215.617021277 1382 0 0.726240099826 1.0 0.0 93 0
347.693181818 2115 0 235.272727273 1438 0 0.691615476236 1.0 0.0 87 1
305.053191489 2113 0 220.79787234 1438 0 0.76204393311 1.0 0.0 93 0
409.544444444 2227 0 226.588888889 1372 0 0.633549432487 1.0 0.0 89 1
390.782051282 2042 0 258.58974359 1316 0 0.657475016735 1.0 0.0 77 0
374.5 1900 0 194.815217391 1198 0 0.713684232869 1.0 0.0 91 0
2103.5 2135 2072 0.0 0 0 0.0 0.0 0.0 1 1
384.291666667 2080 0 287.319444444 1454 0 0.708339380777 1.0 0.0 71 0
478.830985915 2191 0 286.76056338 1436 0 0.62249046171 1.0 0.0 70 1
354.168539326 2278 0 230.033707865 1360 0 0.753900049167 1.0 0.0 88 0
374.160493827 2073 0 226.938271605 1363 0 0.674007639815 1.0 0.0 80 0
351.771084337 2087 0 242.072289157 1422 0 0.666760939679 1.0 0.0 82 1
357.97752809 2128 0 226.101123596 1299 0 0.700907109236 1.0 0.0 88 0
361.135135135 1978 0 246.243243243 1185 0 0.66290470325 1.0 0.0 73 0
441.333333333 2202 0 265.626666667 1333 0 0.660869867449 1.0 0.0 74 0
460.826666667 2108 0 281.613333333 1394 0 0.657404607499 1.0 0.0 74 0
353.663157895 2179 0 233.557894737 1540 0 0.703735231308 1.0 0.0 94 0
1992.66666667 2044 1962 0.0 0 0 0.0 0.0 0.0 2 1
2084.0 2084 2084 0.0 0 0 0.0 0.0 0.0 0 1
443.662337662 2259 0 249.844155844 1313 0 0.681857421509 1.0 0.0 76 0
501.303030303 2010 0 282.924242424 1366 0 0.611733397141 1.0 0.0 65 1
381.359550562 2063 0 220.202247191 1395 0 0.685630023803 1.0 0.0 88 1
513.329545455 2115 0 235.840909091 1366 0 0.629633747566 1.0 0.0 87 0
360.355263158 2143 0 276.236842105 1518 0 0.730548164778 1.0 0.0 75 0
412.355263158 2109 0 263.710526316 1462 0 0.665038039079 1.0 0.0 75 1
2082.0 2082 2082 0.0 0 0 0.0 0.0 0.0 0 1
421.414285714 2162 0 298.357142857 1528 0 0.673398798504 1.0 0.0 69 0
2143.33333333 2193 2117 0.0 0 0 0.0 0.0 0.0 2 1
329.564102564 2082 0 279.243589744 1482 0 0.739354821178 1.0 0.0 77 1
289.08 2141 0 199.89 1420 0 0.737195639806 1.0 0.0 99 0
286.876404494 1972 0 232.674157303 1360 0 0.745126390197 1.0 0.0 88 0
1983.0 1998 1968 0.0 0 0 0.0 0.0 0.0 1 1
374.289156627 1995 0 259.843373494 1476 0 0.64624142485 1.0 0.0 82 0
390.55952381 1921 0 227.214285714 1281 0 0.653836480948 1.0 0.0 83 0
2114.0 2164 2063 0.0 0 0 0.0 0.0 0.0 3 1
415.527777778 2164 0 285.222222222 1455 0 0.681491668744 1.0 0.0 71 1
1951.0 1979 1915 0.333333333333 1 0 0.000170068027211 0.000510204081633 0.0 2 1
477.642857143 2110 0 254.916666667 1467 0 0.662140746837 1.0 0.0 83 0
306.927710843 2064 0 231.78313253 1266 0 0.76140743346 1.0 0.0 82 0
518.984848485 2123 0 284.924242424 1389 0 0.659317816953 1.0 0.0 65 1
381.765432099 2062 0 259.444444444 1444 0 0.690741061425 1.0 0.0 80 0
357.3 2172 0 242.6 1447 0 0.68842606243 1.0 0.0 79 0
349.137254902 2143 0 223.058823529 1515 0 0.678286085383 1.0 0.0 101 0
307.765957447 2184 0 212.914893617 1451 0 0.710721918642 1.0 0.0 93 0
358.95505618 2094 0 215.292134831 1367 0 0.652637119721 1.0 0.0 88 1
302.970873786 2170 0 197.097087379 1427 0 0.687742742424 1.0 0.0 102 1
387.445783133 2052 0 241.746987952 1441 0 0.672841971356 1.0 0.0 82 1
480.352112676 2085 0 292.126760563 1439 0 0.681679717899 1.0 0.0 70 0
338.617283951 2075 0 244.641975309 1332 0 0.718771022695 1.0 0.0 80 0
476.494117647 2171 0 246.952941176 1456 0 0.628180225534 1.0 0.0 84 1
388.865853659 1992 0 260.097560976 1379 0 0.673422292111 1.0 0.0 81 1
2107.5 2115 2100 0.0 0 0 0.0 0.0 0.0 1 1
2125.0 2125 2125 0.0 0 0 0.0 0.0 0.0 0 1
500.202531646 2132 0 239.291139241 1267 0 0.641097507501 1.0 0.0 78 0
473.0 2172 0 324.85483871 1440 0 0.672460476538 1.0 0.0 61 1
367.989583333 2108 0 211.3125 1352 0 0.696610620903 1.0 0.0 95 0
398.930232558 2194 0 240.255813953 1457 0 0.65787308979 1.0 0.0 85 1
437.368421053 2156 0 251.552631579 1356 0 0.649298361289 1.0 0.0 75 0
1973.0 2035 1925 0.25 1 0 0.000128468653649 0.000513874614594 0.0 3 1
276.404040404 2023 0 179.01010101 1365 0 0.659577534176 1.0 0.0 98 1
247.152173913 1990 0 214.913043478 1304 0 0.716881215996 1.0 0.0 91 0
464.96 2185 0 289.36 1457 0 0.652954890658 1.0 0.0 74 0
1984.8 2056 1893 0.2 1 0 9.9850224663e-05 0.000499251123315 0.0 4 1
451.897058824 2129 1 284.235294118 1349 0 0.634501026074 0.952380952381 0.0 67 1
463.560606061 2349 0 283.742424242 1349 0 0.672184281369 1.0 0.0 65 0
342.0625 2106 0 259.825 1412 0 0.704547599329 1.0 0.0 79 0
420.618421053 2218 0 271.118421053 1525 0 0.697250035766 1.0 0.0 75 0
2062.66666667 2083 2051 0.333333333333 1 0 0.000159948816379 0.000479846449136 0.0 2 1
483.706666667 2020 0 261.4 1407 0 0.643940853529 1.0 0.0 74 0
346.885057471 2012 0 235.896551724 1370 0 0.71630092729 1.0 0.0 86 0
432.615384615 2149 0 231.10989011 1455 0 0.689658890543 1.0 0.0 90 0
307.952941176 2131 0 255.317647059 1508 0 0.694038050136 1.0 0.0 84 0
422.8125 2113 0 270.425 1481 0 0.690778407473 1.0 0.0 79 0
485.792207792 2256 0 273.454545455 1320 0 0.6167670211 1.0 0.0 76 0
473.541666667 2044 0 250.305555556 1245 0 0.621340690744 1.0 0.0 71 1
409.085714286 2199 0 199.276190476 1410 0 0.684850283661 1.0 0.0 104 0
483.681318681 2050 0 223.318681319 1441 0 0.631327264186 1.0 0.0 90 0
482.068493151 1971 0 268.465753425 1405 0 0.649413544487 1.0 0.0 72 0
472.013333333 2054 0 264.186666667 1355 0 0.673544661047 1.0 0.0 74 0
428.766233766 2226 0 264.402597403 1453 0 0.663355339638 1.0 0.0 76 1
2012.0 2012 2012 0.0 0 0 0.0 0.0 0.0 0 1
367.915492958 2068 0 280.112676056 1345 0 0.703309489213 1.0 0.0 70 0
464.014285714 1970 0 267.328571429 1285 0 0.649719746876 1.0 0.0 69 0
393.032967033 2048 0 224.384615385 1324 0 0.711874637762 1.0 0.0 90 0
407.488372093 2053 0 218.581395349 1322 0 0.677105193093 1.0 0.0 85 0
428.863013699 2192 0 287.835616438 1481 0 0.699561283384 1.0 0.0 72 1
315.408602151 2189 0 213.161290323 1407 0 0.719259342772 1.0 0.0 92 0
479.260869565 2197 0 302.985507246 1517 0 0.697658323554 1.0 0.0 68 1
2332.0 2332 2332 0.0 0 0 0.0 0.0 0.0 0 1
329.012820513 2084 0 257.756410256 1348 0 0.734226110233 1.0 0.0 77 0
347.370786517 1999 0 235.033707865 1367 0 0.710127212939 1.0 0.0 88 0
2026.5 2083 1970 0.0 0 0 0.0 0.0 0.0 1 1
2026.0 2060 1987 0.0 0 0 0.0 0.0 0.0 4 1
391.081081081 2081 0 276.189189189 1465 0 0.64391332117 1.0 0.0 73 1
438.675324675 2020 0 250.324675325 1358 0 0.680244708721 1.0 0.0 76 0
1873.0 1905 1841 0.0 0 0 0.0 0.0 0.0 1 1
429.363636364 2161 0 316.515151515 1515 0 0.718499436971 1.0 0.0 65 0
437.53164557 2233 0 255.189873418 1495 0 0.705700908648 1.0 0.0 78 0
468.898550725 2116 0 299.84057971 1506 0 0.669292788751 1.0 0.0 68 0
453.933333333 2168 0 299.426666667 1464 0 0.690515398943 1.0 0.0 74 0
438.323076923 2148 0 318.569230769 1409 0 0.648443588378 1.0 0.0 64 1
336.168539326 2064 0 222.471910112 1342 0 0.72732341731 1.0 0.0 88 0
447.050632911 2343 0 265.0 1486 0 0.70448303602 1.0 0.0 78 1
288.457446809 2163 0 230.64893617 1435 0 0.710272290985 1.0 0.0 93 0
2079.0 2082 2076 0.0 0 0 0.0 0.0 0.0 1 1
353.740740741 2141 0 246.320987654 1372 0 0.709848874443 1.0 0.0 80 1
394.987341772 2274 0 260.392405063 1491 0 0.704922920294 1.0 0.0 78 0
305.789473684 1966 0 255.618421053 1402 0 0.713426413758 1.0 0.0 75 0
366.461538462 2250 0 238.714285714 1509 0 0.650934501734 1.0 0.0 90 1
2054.0 2054 2054 0.0 0 0 0.0 0.0 0.0 0 1
331.842857143 2032 0 271.085714286 1279 0 0.693423912358 1.0 0.0 69 0
362.890243902 2154 0 241.987804878 1336 0 0.713626466903 1.0 0.0 81 1
381.166666667 2128 0 232.755555556 1368 0 0.675752763215 1.0 0.0 89 1
1912.1 2017 1791 1.6 5 0 0.000804362750069 0.0024727992087 0.0 9 1
2295.0 2295 2295 0.0 0 0 0.0 0.0 0.0 0 1
1886.66666667 1913 1856 0.0 0 0 0.0 0.0 0.0 2 1
2084.0 2117 2033 0.333333333333 1 0 0.000163880694854 0.000491642084562 0.0 2 1
2011.33333333 2043 1957 0.0 0 0 0.0 0.0 0.0 2 1
2006.0 2006 2006 0.0 0 0 0.0 0.0 0.0 0 1
318.969072165 2277 0 212.649484536 1370 0 0.754344922883 1.0 0.0 96 0
2080.0 2080 2080 0.0 0 0 0.0 0.0 0.0 0 1
1956.91666667 2094 1814 1.08333333333 3 0 0.00054170715248 0.00147856086742 0.0 11 1
325.891566265 1955 0 241.78313253 1360 0 0.721972929989 1.0 0.0 82 0
419.267605634 2155 0 284.112676056 1356 0 0.65990775327 1.0 0.0 70 1
1979.0 2000 1942 0.333333333333 1 0 0.000167000668003 0.000501002004008 0.0 2 1
389.054347826 2063 0 223.391304348 1438 0 0.655186989228 1.0 0.0 91 1
550.656716418 2124 0 271.985074627 1307 0 0.643892574412 1.0 0.0 66 0
424.894736842 2107 0 272.736842105 1399 0 0.696787576246 1.0 0.0 75 0
436.91025641 1927 0 262.692307692 1321 0 0.678195975982 1.0 0.0 77 0
1909.6 1972 1860 1.4 3 0 0.000733657875062 0.00159404888417 0.0 4 1
380.253164557 2201 0 256.683544304 1463 0 0.705615933334 1.0 0.0 78 0
469.679012346 2278 0 288.641975309 1541 0 0.670995662598 1.0 0.0 80 0
458.263888889 1951 0 253.013888889 1280 0 0.645456856829 1.0 0.0 71 1
2049.0 2063 2034 0.333333333333 1 0 0.00016149870801 0.000484496124031 0.0 2 1
1837.0 1837 1837 0.0 0 0 0.0 0.0 0.0 0 1
503.173333333 2161 0 273.893333333 1490 0 0.677506578127 1.0 0.0 74 0
2011.0 2046 1972 0.333333333333 1 0 0.000165343915344 0.000496031746032 0.0 2 1
201.79020979 2011 0 146.076923077 1433 0 0.726105728359 1.0 0.0 142 0
283.9453125 2109 0 163.6015625 1428 0 0.744770081018 1.0 0.0 127 0
362.098901099 2202 0 210.692307692 1348 0 0.706591995984 1.0 0.0 90 0
471.388235294 2226 0 240.576470588 1533 0 0.662764334656 1.0 0.0 84 1
2006.0 2017 1993 0.0 0 0 0.0 0.0 0.0 3 1
2125.0 2125 2125 0.0 0 0 0.0 0.0 0.0 0 1
251.787234043 1953 0 230.20212766 1512 0 0.703984935901 1.0 0.0 93 1
471.914285714 2195 0 276.5 1391 0 0.65912156317 1.0 0.0 69 0
362.67032967 2144 0 222.989010989 1319 0 0.670404495579 1.0 0.0 90 0
308.952380952 2073 0 212.285714286 1473 0 0.724512710887 1.0 0.0 104 1
350.305263158 2153 0 208.568421053 1449 0 0.664325905987 1.0 0.0 94 0
400.910447761 2249 0 314.223880597 1374 0 0.701192566078 1.0 0.0 66 1
385.227848101 2203 0 250.696202532 1416 0 0.726452586837 1.0 0.0 78 1
423.925373134 2080 0 294.701492537 1424 0 0.676632261209 1.0 0.0 66 0
492.97260274 2154 0 278.712328767 1412 0 0.680754848123 1.0 0.0 72 0
1992.5 2040 1945 0.0 0 0 0.0 0.0 0.0 1 1
451.240963855 2052 0 225.759036145 1273 0 0.678987878453 1.0 0.0 82 0
2164.25 2204 2130 0.0 0 0 0.0 0.0 0.0 3 1
2128.0 2128 2128 0.0 0 0 0.0 0.0 0.0 0 1
371.380952381 2134 0 243.166666667 1311 0 0.688167815488 1.0 0.0 83 0
387.918918919 2010 0 291.040540541 1478 0 0.705056363933 1.0 0.0 73 0
387.75862069 2110 0 253.563218391 1502 0 0.694096521988 1.0 0.0 86 0
460.724637681 2218 0 317.927536232 1568 0 0.694633534911 1.0 0.0 68 0
330.066666667 2093 0 231.188888889 1458 0 0.725866172681 1.0 0.0 89 1
364.054054054 2066 0 277.432432432 1335 0 0.72719708485 1.0 0.0 73 1
300.736263736 2101 0 224.274725275 1455 0 0.747101171053 1.0 0.0 90 0
1954.5 1959 1950 0.0 0 0 0.0 0.0 0.0 1 1
2083.66666667 2137 2015 0.0 0 0 0.0 0.0 0.0 2 1
2166.55555556 2237 2115 1.0 2 0 0.000457562204413 0.000928505106778 0.0 8 1
330.336956522 2362 0 238.0 1473 0 0.655662856643 1.0 0.0 91 0
348.626373626 2172 0 212.131868132 1293 0 0.687865705093 1.0 0.0 90 0
299.148148148 2133 0 177.990740741 1235 0 0.666625474289 1.0 0.0 107 0
432.903225806 2035 0 197.086021505 1263 0 0.661160904029 1.0 0.0 92 1
1995.0 2009 1981 0.0 0 0 0.0 0.0 0.0 1 1
2177.0 2177 2177 0.0 0 0 0.0 0.0 0.0 0 1
1939.16666667 2007 1832 0.166666666667 1 0 8.58221764504e-05 0.000514933058702 0.0 5 1
1939.0 1971 1915 0.0 0 0 0.0 0.0 0.0 3 1
383.744186047 2131 0 245.662790698 1409 0 0.711602965854 1.0 0.0 85 0
398.869047619 2150 0 245.571428571 1420 0 0.684107969565 1.0 0.0 83 0
380.341176471 2149 0 229.035294118 1346 0 0.682470690502 1.0 0.0 84 1
2039.0 2039 2039 0.0 0 0 0.0 0.0 0.0 0 1
408.338028169 2020 0 260.338028169 1326 0 0.668884726254 1.0 0.0 70 0
2042.0 2107 1985 0.4 1 0 0.000201409869084 0.000503524672709 0.0 4 1
2118.66666667 2149 2069 0.333333333333 1 0 0.000155836060464 0.000467508181393 0.0 2 1
364.25 2042 0 250.025 1346 0 0.711878157557 1.0 0.0 79 0
277.28 2140 0 201.2 1443 0 0.72527355361 1.0 0.0 99 0
2110.66666667 2191 2059 0.0 0 0 0.0 0.0 0.0 2 1
408.627906977 2110 0 223.38372093 1333 0 0.68045692012 1.0 0.0 85 1
437.5 2153 0 307.151515152 1388 0 0.67364674926 1.0 0.0 65 1
2057.0 2057 2057 0.0 0 0 0.0 0.0 0.0 0 1
2018.0 2018 2018 0.0 0 0 0.0 0.0 0.0 0 1
400.305263158 2043 0 207.052631579 1292 0 0.659765344995 1.0 0.0 94 0
440.378378378 1998 0 282.837837838 1444 0 0.693390680164 1.0 0.0 73 0
299.314285714 2118 0 188.314285714 1423 0 0.633767702536 1.0 0.0 104 0
392.317073171 2050 0 265.841463415 1469 0 0.680412741815 1.0 0.0 81 0
413.014084507 2120 0 293.394366197 1485 0 0.671152603109 1.0 0.0 70 1
532.194444444 2295 0 281.458333333 1335 0 0.665671519459 1.0 0.0 71 0
381.506024096 2261 0 254.048192771 1460 0 0.751353524489 1.0 0.0 82 0
2069.66666667 2122 2002 0.0 0 0 0.0 0.0 0.0 2 1
475.076923077 2168 0 252.5 1292 0 0.647095530731 1.0 0.0 77 1
454.811764706 2175 0 227.070588235 1416 0 0.661096553026 1.0 0.0 84 0
419.364864865 2109 0 259.918918919 1350 0 0.703306839418 1.0 0.0 73 0
2034.0 2034 2034 0.0 0 0 0.0 0.0 0.0 0 1
396.188405797 2028 0 289.072463768 1373 0 0.708155282408 1.0 0.0 68 0
328.24137931 2093 0 240.91954023 1403 0 0.73627659335 1.0 0.0 86 0
338.814814815 2128 0 255.061728395 1379 0 0.675327697797 1.0 0.0 80 1
331.709302326 2050 0 238.127906977 1409 0 0.63896826608 1.0 0.0 85 1
426.786666667 1949 0 280.466666667 1499 0 0.68397720691 1.0 0.0 74 0
366.074074074 2132 0 250.382716049 1480 0 0.721307093281 1.0 0.0 80 0
329.223404255 2114 0 220.074468085 1553 0 0.694011319882 1.0 0.0 93 0
544.193548387 2185 0 296.483870968 1471 0 0.655535831537 1.0 0.0 61 0
547.462686567 2106 0 278.955223881 1300 0 0.63587238808 1.0 0.0 66 1
1954.0 1954 1954 0.0 0 0 0.0 0.0 0.0 0 1
261.019607843 2054 0 198.166666667 1403 0 0.754544162192 1.0 0.0 101 0
330.978494624 2135 0 220.677419355 1443 0 0.660724482503 1.0 0.0 92 1
399.270588235 2129 0 235.635294118 1384 0 0.652572246511 1.0 0.0 84 0
2152.0 2157 2147 0.0 0 0 0.0 0.0 0.0 1 1
399.542857143 2028 0 268.542857143 1337 0 0.716863178187 1.0 0.0 69 0
1876.5 1896 1857 0.5 1 0 0.000263574064312 0.000527148128624 0.0 1 1
2084.25 2125 2064 0.25 1 0 0.000117591721543 0.000470366886171 0.0 3 1
474.385542169 2137 0 242.34939759 1391 0 0.661508999394 1.0 0.0 82 0
416.166666667 2161 0 256.222222222 1573 0 0.702290788097 1.0 0.0 89 0
352.773333333 1936 0 251.0 1277 0 0.669726489017 1.0 0.0 74 0
442.786516854 2225 0 227.91011236 1456 0 0.652985044385 1.0 0.0 88 1
391.898876404 2081 0 236.516853933 1454 0 0.689072923201 1.0 0.0 88 0
318.072727273 2101 0 211.054545455 1502 0 0.6852017699 1.0 0.0 109 0
288.5 2109 0 228.568181818 1358 0 0.741472940932 1.0 0.0 87 0
352.238636364 2198 0 239.590909091 1467 0 0.697913397391 1.0 0.0 87 1
2018.0 2018 2018 0.0 0 0 0.0 0.0 0.0 0 1
423.397260274 2037 0 287.150684932 1378 0 0.702568028562 1.0 0.0 72 1
374.896551724 2146 0 231.379310345 1478 0 0.692161876591 1.0 0.0 86 0
515.428571429 2010 0 292.342857143 1371 0 0.607631773765 1.0 0.0 69 0
436.842105263 2211 0 277.618421053 1472 0 0.632557239109 1.0 0.0 75 1
448.64516129 2124 0 336.629032258 1427 0 0.685649074244 1.0 0.0 61 0
217.772727273 2099 0 143.984848485 1436 0 0.66609672201 1.0 0.0 131 1
1983.11111111 2049 1896 1.77777777778 4 0 0.000893623757428 0.0019801980198 0.0 8 1
2120.33333333 2133 2109 0.0 0 0 0.0 0.0 0.0 2 1
497.540540541 2058 0 254.337837838 1331 0 0.627957485917 1.0 0.0 73 0
2077.0 2118 2036 0.0 0 0 0.0 0.0 0.0 1 1
498.976470588 2197 0 236.8 1422 0 0.652366480352 1.0 0.0 84 0
416.222222222 2016 0 280.986111111 1419 0 0.702590178038 1.0 0.0 71 0
459.297297297 2151 0 276.567567568 1462 0 0.682769999276 1.0 0.0 73 1
371.776470588 2142 0 228.741176471 1354 0 0.688261807055 1.0 0.0 84 0
441.068493151 2092 0 251.767123288 1328 0 0.663895269151 1.0 0.0 72 1
537.0 2181 0 304.397058824 1507 0 0.653883841973 1.0 0.0 67 0
361.460674157 1959 0 224.337078652 1279 0 0.698870420315 1.0 0.0 88 0
278.342592593 2141 0 183.0 1403 0 0.69976820095 1.0 0.0 107 0
307.245283019 2031 0 175.58490566 1405 0 0.629651282159 1.0 0.0 105 1
386.611650485 2122 0 193.601941748 1416 0 0.663460610422 1.0 0.0 102 0
426.597560976 2155 0 233.0 1416 0 0.653732292985 1.0 0.0 81 0
1989.6 2116 1896 0.0 0 0 0.0 0.0 0.0 4 1
572.363636364 2026 0 305.818181818 1346 0 0.607819841618 1.0 0.0 65 0
2175.44444444 2264 2091 0.111111111111 1 0 4.90556781948e-05 0.000441501103753 0.0 8 1
446.263888889 2028 0 269.583333333 1350 0 0.647533186363 1.0 0.0 71 0
2082.16666667 2118 2017 0.666666666667 2 0 0.000315395983228 0.000947418285173 0.0 5 1
2137.0 2144 2130 0.5 1 0 0.000234631628344 0.000469263256687 0.0 1 1
377.293333333 2012 0 280.253333333 1425 0 0.683521392709 1.0 0.0 74 0
347.0625 2057 0 254.3375 1347 0 0.687384625739 1.0 0.0 79 0
469.534246575 2118 0 268.534246575 1410 0 0.664849807671 1.0 0.0 72 1
463.1875 2239 0 324.703125 1499 0 0.679895809457 1.0 0.0 63 0
386.82278481 2173 0 250.759493671 1317 0 0.671050118824 1.0 0.0 78 1
2011.5 2040 1983 0.0 0 0 0.0 0.0 0.0 1 1
374.726027397 1996 0 262.383561644 1304 0 0.691891921236 1.0 0.0 72 1
335.956521739 2218 0 238.326086957 1437 0 0.622066910692 1.0 0.0 91 1
438.888888889 2097 0 284.444444444 1399 0 0.678213306448 1.0 0.0 71 0
2086.75 2118 2052 1.0 2 0 0.000477394950324 0.000966183574879 0.0 3 1
385.669724771 2139 0 176.587155963 1319 0 0.618034053597 1.0 0.0 108 0
539.056338028 2187 0 285.267605634 1353 0 0.607355374524 1.0 0.0 70 1
373.692307692 2020 0 222.681318681 1319 0 0.63938335213 1.0 0.0 90 1
439.544444444 2025 0 207.044444444 1342 0 0.700412808497 1.0 0.0 89 1
332.216494845 1981 0 197.505154639 1311 0 0.646962775913 1.0 0.0 96 0
204.059210526 1997 0 147.953947368 1510 0 0.721945208467 1.0 0.0 151 0
1923.25 1969 1860 0.5 2 0 0.000268528464017 0.00107411385607 0.0 3 1
266.8 2201 0 180.448 1397 0 0.693150452276 1.0 0.0 124 0
448.486842105 2158 0 262.539473684 1428 0 0.645906251767 1.0 0.0 75 1
2105.5 2115 2096 0.0 0 0 0.0 0.0 0.0 1 1
294.457446809 2005 0 210.925531915 1341 0 0.703758284898 1.0 0.0 93 0
359.454545455 2075 0 210.878787879 1323 0 0.658393455675 1.0 0.0 98 0
418.590909091 2179 0 305.666666667 1454 0 0.684996372052 1.0 0.0 65 1
524.041666667 2231 0 216.364583333 1489 0 0.610613874058 1.0 0.0 95 0
420.413333333 2062 0 253.04 1290 0 0.679599722528 1.0 0.0 74 1
415.423076923 2111 0 268.179487179 1385 0 0.646112625206 1.0 0.0 77 0
320.397727273 1965 0 221.375 1353 0 0.684913885815 1.0 0.0 87 0
359.666666667 2116 0 255.308641975 1477 0 0.71479849334 1.0 0.0 80 0
405.746478873 2248 0 279.661971831 1461 0 0.674097288154 1.0 0.0 70 1
326.265957447 2043 0 225.14893617 1424 0 0.699997064325 1.0 0.0 93 1
215.078125 1986 0 156.8984375 1373 0 0.710587479032 1.0 0.0 127 1
340.824324324 1846 0 263.783783784 1303 0 0.692162770521 1.0 0.0 73 1
413.483870968 2151 0 200.838709677 1285 0 0.680004213956 1.0 0.0 92 0
408.170731707 2076 0 242.158536585 1379 0 0.699493910604 1.0 0.0 81 0
1973.8 2013 1945 1.0 2 0 0.000501134323915 0.0010095911156 0.0 4 1
437.972222222 2239 0 296.569444444 1471 0 0.660785402028 1.0 0.0 71 0
314.037974684 2083 0 266.949367089 1446 0 0.714410275007 1.0 0.0 78 1
366.56626506 2099 0 242.421686747 1361 0 0.689574187127 1.0 0.0 82 0
400.836956522 2073 0 211.369565217 1313 0 0.697702812197 1.0 0.0 91 0
408.222222222 2154 0 237.209876543 1372 0 0.719896227265 1.0 0.0 80 0
2106.0 2106 2106 0.0 0 0 0.0 0.0 0.0 0 1
367.512820513 1989 0 275.179487179 1472 0 0.711375882513 1.0 0.0 77 1
332.625 2101 0 243.3125 1373 0 0.670914039611 1.0 0.0 79 1
1939.0 1939 1939 0.0 0 0 0.0 0.0 0.0 0 1
2050.0 2151 1956 0.4 1 0 0.000189930013449 0.000484966052376 0.0 4 1
2114.0 2114 2114 0.0 0 0 0.0 0.0 0.0 0 1
472.306666667 2080 0 271.946666667 1362 0 0.667076694582 1.0 0.0 74 0
501.028985507 2230 0 306.231884058 1472 0 0.626025245042 1.0 0.0 68 1
1972.0 1995 1948 0.666666666667 2 0 0.000337552742616 0.00101265822785 0.0 2 1
399.901098901 2117 0 203.802197802 1262 0 0.695477730304 1.0 0.0 90 0
345.1625 1915 0 229.65 1294 0 0.690615905291 1.0 0.0 79 0
411.564705882 2100 0 242.211764706 1496 0 0.681405160807 1.0 0.0 84 1
2013.0 2013 2013 0.0 0 0 0.0 0.0 0.0 0 1
2089.2 2173 2039 1.2 3 0 0.000576164903774 0.0014627011214 0.0 4 1
485.276315789 2211 0 243.434210526 1274 0 0.653254214787 1.0 0.0 75 0
2144.5 2150 2139 0.5 1 0 0.000232450023245 0.00046490004649 0.0 1 1
273.009433962 2088 0 178.745283019 1360 0 0.723041595925 1.0 0.0 105 1
1900.42857143 1970 1838 1.0 3 0 0.000533449162244 0.00162954915807 0.0 6 1
345.835294118 2057 0 236.776470588 1344 0 0.711340170902 1.0 0.0 84 0
1992.0 1992 1992 0.0 0 0 0.0 0.0 0.0 0 1
314.34375 2151 0 208.760416667 1360 0 0.731950907235 1.0 0.0 95 0
316.930232558 2209 0 246.139534884 1448 0 0.676778109244 1.0 0.0 85 1
455.12 2087 0 250.88 1343 0 0.673939493028 1.0 0.0 74 0
324.842105263 1991 0 262.065789474 1429 0 0.699247962812 1.0 0.0 75 1
346.181818182 2120 0 255.584415584 1321 0 0.652067404627 1.0 0.0 76 1
2123.0 2123 2123 0.0 0 0 0.0 0.0 0.0 0 1
363.346153846 2063 0 255.564102564 1391 0 0.701447665447 1.0 0.0 77 0
465.666666667 2234 0 272.52 1435 0 0.670877123542 1.0 0.0 74 0
276.798076923 1967 0 203.153846154 1273 0 0.738446588794 1.0 0.0 103 1
414.038461538 2050 0 291.897435897 1428 0 0.690883806346 1.0 0.0 77 0
589.666666667 2114 0 269.805555556 1394 0 0.596805545601 1.0 0.0 71 1
373.126582278 2028 0 239.227848101 1354 0 0.697016320848 1.0 0.0 78 1
2175.33333333 2187 2161 0.0 0 0 0.0 0.0 0.0 2 1
370.02247191 2005 0 212.202247191 1381 0 0.728025463316 1.0 0.0 88 0
421.909090909 2008 0 329.984848485 1451 0 0.676372230762 1.0 0.0 65 0
358.905882353 2075 0 228.482352941 1380 0 0.704771526035 1.0 0.0 84 0
351.819148936 2096 0 230.936170213 1382 0 0.706120750047 1.0 0.0 93 0
421.323943662 1937 0 271.802816901 1378 0 0.640488621873 1.0 0.0 70 1
339.026666667 2103 0 283.48 1486 0 0.718703059007 1.0 0.0 74 0
317.041666667 2201 0 232.0625 1441 0 0.723015123165 1.0 0.0 95 0
419.655172414 2020 0 218.103448276 1425 0 0.679840371733 1.0 0.0 86 0
422.378947368 2183 0 221.4 1454 0 0.658501351411 1.0 0.0 94 0
395.219512195 2013 0 239.451219512 1373 0 0.671215319016 1.0 0.0 81 0
389.430379747 2105 0 267.303797468 1434 0 0.693953424563 1.0 0.0 78 1
360.04 2199 0 206.26 1479 0 0.711202570575 1.0 0.0 99 0
344.451612903 2057 0 227.365591398 1471 0 0.684074542457 1.0 0.0 92 1
517.016393443 2067 0 328.295081967 1491 0 0.641499357256 1.0 0.0 60 0
365.307692308 2044 0 274.564102564 1474 0 0.725810868425 1.0 0.0 77 0
1947.33333333 1982 1914 0.0 0 0 0.0 0.0 0.0 2 1
435.897435897 2126 0 236.423076923 1303 0 0.635004764998 1.0 0.0 77 0
410.447368421 2197 0 286.302631579 1519 0 0.702933168485 1.0 0.0 75 0
306.461538462 2062 0 259.659340659 1654 0 0.746260837107 1.0 0.0 90 0
409.97260274 1984 0 282.054794521 1480 0 0.679202414629 1.0 0.0 72 0
394.481481481 2106 0 262.518518519 1443 0 0.700646941373 1.0 0.0 80 0
332.873684211 1963 0 210.873684211 1351 0 0.707975129765 1.0 0.0 94 0
377.835616438 2160 0 268.98630137 1379 0 0.721784115896 1.0 0.0 72 0
249.564814815 2086 0 196.388888889 1399 0 0.721249654292 1.0 0.0 107 0
392.352272727 2070 0 244.125 1491 0 0.701506516191 1.0 0.0 87 1
434.517647059 2122 0 241.294117647 1396 0 0.676887467682 1.0 0.0 84 0
2146.5 2203 2090 0.0 0 0 0.0 0.0 0.0 1 1
456.465753425 2137 0 309.534246575 1466 0 0.712991012581 1.0 0.0 72 0
2033.57142857 2153 1938 0.714285714286 2 0 0.000345038013584 0.000995024875622 0.0 6 1
2234.0 2234 2234 0.0 0 0 0.0 0.0 0.0 0 1
2214.0 2310 2142 0.333333333333 1 0 0.000144237703736 0.000432713111207 0.0 2 1
399.407894737 2269 0 301.631578947 1490 0 0.714876425959 1.0 0.0 75 1
324.470588235 2056 0 195.470588235 1386 0 0.659036286579 1.0 0.0 101 1
388.0 2071 0 274.826086957 1488 0 0.692221469891 1.0 0.0 68 0
356.846153846 2149 0 264.102564103 1545 0 0.711798886217 1.0 0.0 77 0
460.4 2043 0 232.035294118 1334 0 0.654685396163 1.0 0.0 84 0
351.741176471 2095 0 243.094117647 1490 0 0.724933726849 1.0 0.0 84 1
422.269230769 2137 0 245.051282051 1211 0 0.697839481285 1.0 0.0 77 1
401.086956522 2123 0 234.836956522 1446 0 0.666945635924 1.0 0.0 91 0
406.04 2180 0 245.293333333 1191 0 0.71074709428 1.0 0.0 74 0
328.305882353 2196 0 237.541176471 1364 0 0.688933725777 1.0 0.0 84 0
519.534883721 2126 0 229.465116279 1372 0 0.66354723063 1.0 0.0 85 0
2177.0 2177 2177 0.0 0 0 0.0 0.0 0.0 0 1
372.518072289 2276 0 240.939759036 1358 0 0.724679735845 1.0 0.0 82 0
394.707964602 2047 0 188.07079646 1536 0 0.70022571105 1.0 0.0 112 1
2170.0 2217 2123 0.0 0 0 0.0 0.0 0.0 1 1
386.186666667 2162 0 268.413333333 1358 0 0.672019788097 1.0 0.0 74 1
2220.0 2220 2220 0.0 0 0 0.0 0.0 0.0 0 1
394.890243902 2135 0 267.146341463 1547 0 0.725673805522 1.0 0.0 81 0
357.987654321 2032 0 262.975308642 1487 0 0.690086453959 1.0 0.0 80 1
387.643835616 2057 0 283.369863014 1456 0 0.666464588796 1.0 0.0 72 1
328.458823529 2118 0 250.929411765 1565 0 0.692010911961 1.0 0.0 84 0
385.195121951 2160 0 247.841463415 1389 0 0.710110295674 1.0 0.0 81 1
285.064220183 2051 0 210.917431193 1522 0 0.676856913573 1.0 0.0 108 0
422.111111111 1964 0 295.444444444 1408 0 0.667830369653 1.0 0.0 71 0
364.823529412 2012 0 229.105882353 1226 0 0.619584290463 1.0 0.0 84 1
2017.5 2110 1927 0.0 0 0 0.0 0.0 0.0 3 1
2042.0 2042 2042 0.0 0 0 0.0 0.0 0.0 0 1
456.915492958 2208 0 291.61971831 1388 0 0.68034053104 1.0 0.0 70 0
327.44 2013 0 276.533333333 1479 0 0.740443595335 1.0 0.0 74 0
1962.0 1962 1962 0.0 0 0 0.0 0.0 0.0 0 1
