2701 73 3361 45 1152 0.0263157894737
2682 66 3356 56 1199 0.0240174672489
2591 78 3309 58 1133 0.029224428625
2534 84 3174 65 1102 0.0320855614973
2373 89 3253 68 1075 0.036149471974
2506 96 3116 69 1039 0.0368946963874
2429 128 3082 89 1150 0.0500586624951
2370 136 3163 87 1063 0.0542697525938
2375 141 3158 104 1067 0.0560413354531
2394 140 3007 122 1054 0.0552486187845
2342 171 3019 154 993 0.0680461599682
2377 166 3030 174 1036 0.0652772316162
2315 188 3008 177 1093 0.0751098681582
2316 210 2995 178 1035 0.083135391924
2332 214 3009 195 1011 0.0840534171249
2211 248 2960 228 1013 0.100854005693
2196 240 2869 229 926 0.0985221674877
2125 288 2786 219 982 0.119353501865
2134 297 2766 248 937 0.122171945701
2102 314 2747 261 1006 0.129966887417
1955 321 2747 261 917 0.141036906854
1982 359 2700 260 938 0.153353267834
1984 393 2715 288 946 0.165334455196
1960 420 2746 344 901 0.176470588235
1969 463 2543 352 848 0.190378289474
1784 428 2435 414 856 0.19349005425
1714 445 2382 400 823 0.20611394164
1745 425 2217 400 776 0.195852534562
1639 471 2143 410 823 0.223222748815
1569 497 2042 417 822 0.240561471442
1498 480 2191 447 814 0.242669362993
1441 484 2216 416 741 0.251428571429
1436 511 1967 419 707 0.262455059065
1379 521 1922 455 766 0.274210526316
1327 546 1978 448 700 0.291510945008
1336 534 1835 465 678 0.285561497326
1293 588 1780 466 685 0.312599681021
1240 588 1754 516 618 0.321663019694
1214 610 1600 513 656 0.334429824561
1118 623 1631 533 644 0.357840321654
1081 643 1600 497 592 0.372969837587
1058 665 1561 500 578 0.385954730122
1060 645 1431 486 517 0.378299120235
982 627 1388 537 615 0.38968303294
990 570 1393 551 559 0.365384615385
925 598 1327 515 564 0.392646093237
923 606 1323 496 510 0.396337475474
887 616 1252 481 563 0.409846972721
843 609 1331 466 539 0.419421487603
831 621 1255 457 457 0.427685950413
835 609 1190 494 474 0.421745152355
827 572 1172 494 467 0.40886347391
789 581 1174 461 506 0.424087591241
751 576 1208 485 492 0.434061793519
793 545 1200 488 432 0.407324364723
742 534 1092 431 516 0.418495297806
697 512 1166 445 446 0.423490488007
719 461 1096 433 428 0.390677966102
751 480 1041 392 419 0.389926888708
735 453 1019 373 505 0.381313131313
740 458 1094 399 423 0.382303839733
737 449 1053 362 428 0.378583473862
752 466 1069 346 439 0.382594417077
706 425 1113 362 437 0.375773651636
724 405 1085 324 404 0.358724534987
725 393 1027 314 456 0.351520572451
768 408 1085 324 468 0.34693877551
772 388 1098 338 446 0.334482758621
771 415 1116 328 454 0.349915682968
734 395 1103 304 481 0.349867139061
786 383 1120 346 424 0.327630453379
754 398 1123 317 471 0.345486111111
724 376 1138 331 474 0.341818181818
749 371 1116 301 466 0.33125
767 392 1073 346 436 0.338222605695
741 381 1048 324 457 0.339572192513
758 370 1033 303 488 0.328014184397
739 364 1087 290 456 0.330009066183
769 367 1046 271 454 0.323063380282
707 358 1072 263 476 0.336150234742
678 353 1097 270 430 0.342386032978
669 340 1108 316 424 0.336967294351
737 360 1013 290 437 0.328167730173
715 318 1018 307 450 0.307841239109
767 328 1072 302 446 0.299543378995
704 348 1077 318 431 0.330798479087
696 351 1091 281 471 0.335243553009
748 336 1088 312 422 0.309963099631
715 334 1075 285 468 0.318398474738
714 340 1109 305 424 0.322580645161
744 332 1082 286 440 0.308550185874
701 333 1066 279 486 0.322050290135
726 346 1066 267 426 0.32276119403
708 315 1039 266 450 0.307917888563
740 327 1060 276 453 0.306466729147
725 327 1103 288 486 0.310836501901
751 325 1127 263 437 0.302044609665
777 341 1114 242 489 0.305008944544
747 345 1148 268 456 0.315934065934
700 353 1094 250 460 0.335232668566
727 367 1114 263 385 0.335466179159
715 386 1118 305 491 0.350590372389
738 389 1083 320 428 0.345164152618
782 390 1054 313 463 0.332764505119
774 404 1137 318 494 0.342954159593
764 387 1198 347 466 0.336229365769
790 426 1146 329 455 0.350328947368
781 446 1019 357 474 0.363488182559
748 441 1102 376 470 0.370899915896
764 438 1043 342 415 0.364392678869
733 447 979 336 461 0.378813559322
682 423 1038 355 439 0.382805429864
682 392 1057 374 414 0.364990689013
693 439 1033 339 397 0.387809187279
658 412 1022 361 459 0.385046728972
670 425 1053 357 403 0.388127853881
718 430 1048 373 416 0.37456445993
708 465 1026 356 462 0.39641943734
705 419 1132 332 386 0.372775800712
678 411 1083 338 421 0.37741046832
699 433 1003 335 434 0.382508833922
705 431 1021 369 411 0.379401408451
702 411 1060 326 408 0.369272237197
748 402 1061 349 401 0.349565217391
729 402 1030 334 442 0.355437665782
673 429 1067 334 432 0.389292196007
683 435 1034 313 414 0.38908765653
691 389 997 351 408 0.360185185185
695 411 965 343 435 0.371609403255
658 394 1013 348 467 0.374524714829
663 418 1057 347 384 0.386679000925
638 422 1009 337 410 0.398113207547
632 421 975 303 408 0.399810066477
619 393 1007 295 367 0.388339920949
694 354 941 286 395 0.337786259542
653 364 927 257 404 0.357915437561
603 345 916 273 398 0.363924050633
577 353 940 255 394 0.379569892473
555 377 909 264 346 0.404506437768
602 359 842 313 367 0.373569198751
570 344 888 324 397 0.37636761488
571 375 926 316 329 0.396405919662
584 371 854 291 353 0.388481675393
619 378 805 279 348 0.379137412237
581 374 809 289 353 0.391623036649
523 352 879 266 351 0.402285714286
582 299 856 297 300 0.339387060159
544 282 818 273 338 0.341404358354
530 331 828 240 332 0.38443670151
534 320 855 241 328 0.374707259953
566 318 824 266 348 0.359728506787
561 320 820 240 337 0.363223609535
517 308 809 241 364 0.373333333333
526 326 793 281 347 0.382629107981
544 327 780 249 345 0.37543053961
541 341 797 259 383 0.386621315193
537 363 854 261 338 0.403333333333
521 367 792 272 351 0.413288288288
521 369 835 279 310 0.414606741573
527 309 798 304 302 0.36961722488
534 302 729 264 333 0.361244019139
550 306 753 247 342 0.357476635514
521 292 767 257 354 0.359163591636
504 281 774 251 363 0.357961783439
494 270 812 244 302 0.353403141361
503 278 776 238 350 0.35595390525
499 279 749 224 312 0.358611825193
489 287 716 242 351 0.369845360825
461 270 791 204 349 0.369357045144
498 243 853 213 319 0.327935222672
541 253 828 223 298 0.318639798489
568 242 747 216 357 0.298765432099
533 254 758 208 341 0.322744599746
579 261 781 217 345 0.310714285714
571 287 826 242 378 0.334498834499
588 300 847 237 374 0.337837837838
598 280 870 237 359 0.318906605923
602 296 845 216 380 0.329621380846
569 289 860 255 371 0.33682983683
559 312 851 235 360 0.358208955224
572 314 855 277 371 0.354401805869
571 322 854 285 371 0.360582306831
561 325 837 256 350 0.366817155756
586 302 823 255 343 0.34009009009
603 315 807 246 351 0.343137254902
576 316 791 242 386 0.354260089686
573 313 870 232 391 0.353273137698
583 338 869 250 371 0.366992399566
606 323 872 242 331 0.347685683531
580 280 847 270 353 0.325581395349
612 260 855 265 377 0.298165137615
590 295 880 248 389 0.333333333333
636 341 859 241 366 0.349027635619
592 311 897 283 439 0.344407530454
628 320 951 254 410 0.337552742616
662 306 1004 277 422 0.316115702479
705 285 996 270 414 0.287878787879
688 308 994 241 466 0.309236947791
654 313 1031 266 428 0.323681489142
695 316 1007 242 434 0.31256181998
748 332 1032 251 444 0.307407407407
761 298 1104 258 480 0.281397544854
717 308 1078 263 461 0.300487804878
738 319 1107 262 420 0.301797540208
756 321 1016 279 409 0.298050139276
748 319 1044 282 470 0.298969072165
713 368 1064 255 464 0.340425531915
698 339 1138 290 415 0.326904532305
697 351 1080 287 390 0.334923664122
701 357 1014 314 371 0.337429111531
664 371 996 270 397 0.35845410628
663 359 1026 272 392 0.351272015656
622 337 974 264 362 0.351407716371
626 345 951 271 372 0.355303810505
634 344 911 286 411 0.351738241309
610 362 909 279 376 0.372427983539
578 340 995 335 381 0.37037037037
619 378 1014 289 371 0.379137412237
619 382 974 294 371 0.381618381618
568 362 950 287 377 0.389247311828
607 343 883 279 337 0.361052631579
619 369 865 270 363 0.373481781377
623 358 858 270 407 0.364933741081
523 370 910 271 398 0.414333706607
592 368 943 277 299 0.383333333333
552 346 858 240 391 0.385300668151
588 347 884 247 331 0.371122994652
565 309 844 240 383 0.353546910755
613 309 908 241 380 0.335140997831
622 335 914 239 394 0.350052246604
610 367 900 266 397 0.375639713408
617 341 911 292 389 0.355949895616
602 350 861 244 343 0.367647058824
586 315 825 260 380 0.34961154273
601 299 870 278 383 0.332222222222
590 299 946 282 369 0.33633295838
592 281 956 282 362 0.321878579611
582 280 931 223 368 0.324825986079
600 301 883 225 348 0.334073251942
642 311 869 229 398 0.326337880378
608 326 950 234 420 0.34903640257
699 332 906 261 375 0.322017458778
678 308 908 256 450 0.312373225152
699 304 907 268 387 0.303090727817
679 319 920 219 447 0.319639278557
684 334 987 255 432 0.328094302554
709 340 990 264 453 0.324118207817
664 354 1051 274 417 0.347740667976
728 333 1030 294 443 0.313854853911
722 336 1024 283 405 0.317580340265
706 352 960 290 448 0.332703213611
703 345 982 263 392 0.329198473282
727 357 970 265 382 0.329335793358
690 338 977 295 468 0.328793774319
644 331 1078 271 420 0.339487179487
651 314 974 287 367 0.325388601036
665 342 936 263 376 0.339622641509
618 339 949 266 413 0.354231974922
681 342 1007 270 404 0.33431085044
695 314 1039 283 387 0.311199207136
660 342 986 274 462 0.341317365269
656 359 1019 274 410 0.353694581281
677 340 998 317 411 0.334316617502
706 364 937 304 392 0.340186915888
669 386 977 302 430 0.365876777251
675 344 986 306 377 0.337585868499
626 366 903 288 432 0.368951612903
633 345 920 287 411 0.352760736196
631 344 926 268 334 0.352820512821
652 303 849 278 396 0.317277486911
598 318 900 274 365 0.347161572052
578 301 881 279 377 0.342434584755
602 337 942 304 362 0.358892438765
603 377 912 273 417 0.384693877551
606 363 953 292 390 0.374613003096
580 358 897 301 374 0.381663113006
577 350 881 327 372 0.377562028047
539 356 874 309 324 0.397765363128
571 334 776 303 333 0.369060773481
501 336 764 270 406 0.401433691756
543 330 846 283 317 0.378006872852
559 346 757 286 322 0.382320441989
520 342 764 287 384 0.396751740139
534 337 754 267 324 0.386911595867
527 344 738 266 361 0.394948335247
515 349 757 275 307 0.403935185185
493 348 779 293 324 0.413793103448
540 324 752 285 281 0.375
461 317 765 240 349 0.407455012853
484 304 762 241 286 0.38578680203
448 278 741 224 370 0.382920110193
492 280 715 214 297 0.362694300518
499 292 737 219 310 0.369152970923
495 255 735 210 313 0.34
528 264 714 230 312 0.333333333333
504 245 740 200 360 0.327102803738
495 225 808 196 333 0.3125
536 215 760 190 326 0.286284953395
529 255 701 157 322 0.325255102041
537 206 734 175 369 0.277254374159
533 206 827 197 368 0.278755074425
567 205 878 201 368 0.265544041451
561 220 917 196 346 0.281690140845
582 264 917 179 359 0.312056737589
621 261 879 190 376 0.295918367347
606 278 881 203 398 0.314479638009
627 281 915 219 406 0.309471365639
643 272 957 252 404 0.297267759563
713 333 951 235 412 0.318355640535
750 305 987 247 425 0.289099526066
740 299 1029 261 448 0.287776708373
755 295 1034 247 408 0.280952380952
740 322 981 257 451 0.303201506591
762 338 988 288 424 0.307272727273
727 342 1039 283 477 0.319925163704
748 352 1118 284 386 0.32
751 343 1082 284 446 0.31352833638
722 385 1105 308 421 0.347786811201
726 387 1062 317 408 0.347708894879
744 415 1070 315 400 0.358067299396
770 390 1031 337 409 0.336206896552
736 387 1029 314 430 0.344612644702
704 384 1045 330 400 0.352941176471
704 413 982 330 408 0.369740376007
694 408 1004 349 379 0.370235934664
636 420 909 315 416 0.397727272727
666 406 962 320 391 0.378731343284
675 381 966 286 431 0.360795454545
661 385 1007 303 388 0.368068833652
664 370 961 299 438 0.357833655706
650 361 1054 292 445 0.357072205737
720 336 1047 262 376 0.318181818182
703 359 994 252 440 0.338041431262
668 357 1013 256 438 0.348292682927
698 330 1025 268 417 0.321011673152
692 351 995 274 483 0.33652924257
694 341 1059 294 435 0.329468599034
666 327 1029 289 457 0.329305135952
682 332 1030 302 420 0.32741617357
673 321 1010 265 427 0.322937625755
639 336 1011 260 390 0.344615384615
665 298 951 285 394 0.309449636552
691 306 880 253 396 0.306920762287
755 319 883 251 411 0.297020484171
709 329 998 240 482 0.316955684008
766 316 1075 219 429 0.292051756007
669 332 1085 257 471 0.331668331668
669 345 1112 286 400 0.340236686391
686 323 1046 277 402 0.320118929633
673 323 1040 287 398 0.324297188755
697 306 985 290 421 0.305084745763
679 352 966 261 441 0.341416100873
607 340 940 276 358 0.359028511088
624 329 885 283 389 0.345225603358
599 327 927 284 397 0.35313174946
625 321 940 289 363 0.33932346723
621 353 906 276 396 0.362422997947
610 355 965 301 385 0.367875647668
597 349 959 275 384 0.368921775899
600 322 925 255 366 0.349240780911
615 332 873 241 397 0.350580781415
594 330 979 275 373 0.357142857143
650 315 954 297 394 0.326424870466
629 302 920 289 408 0.324382384533
602 300 997 281 395 0.332594235033
621 319 966 255 385 0.339361702128
626 304 963 247 409 0.32688172043
645 289 964 237 398 0.309421841542
644 289 947 207 406 0.309753483387
620 307 929 238 417 0.33117583603
598 310 959 247 400 0.34140969163
648 325 913 252 385 0.334018499486
633 330 919 264 399 0.342679127726
650 344 952 252 411 0.346076458753
612 334 988 263 411 0.353065539112
685 324 962 268 369 0.321110009911
652 315 947 304 412 0.325749741468
633 318 1015 255 396 0.334384858044
681 326 974 260 372 0.323733862959
680 339 973 259 389 0.332679097154
659 343 951 269 367 0.342315369261
636 357 919 274 400 0.359516616314
644 340 990 274 382 0.345528455285
626 348 951 283 357 0.357289527721
627 350 906 292 384 0.3582395087
606 330 875 303 380 0.352564102564
588 321 898 290 346 0.353135313531
546 293 843 285 363 0.349225268176
595 305 872 280 364 0.338888888889
589 322 877 263 374 0.353457738749
605 342 859 271 347 0.361140443506
597 393 848 254 362 0.39696969697
575 368 813 266 371 0.390243902439
561 354 808 280 373 0.386885245902
527 368 871 286 354 0.411173184358
547 391 800 272 333 0.41684434968
521 348 768 277 348 0.400460299194
540 305 843 266 313 0.360946745562
572 309 797 281 363 0.350737797957
578 295 880 280 373 0.337915234822
601 294 863 254 379 0.328491620112
616 313 898 216 356 0.336921420883
594 299 848 226 373 0.334826427772
589 257 868 233 385 0.30378250591
616 251 865 225 431 0.289504036909
628 274 892 207 390 0.30376940133
600 272 901 227 358 0.311926605505
614 244 880 212 382 0.284382284382
644 238 885 228 399 0.269841269841
596 275 917 217 414 0.315729047072
636 264 935 214 392 0.293333333333
625 251 954 196 374 0.286529680365
658 251 867 206 394 0.276127612761
632 270 908 198 414 0.29933481153
642 270 936 186 385 0.296052631579
695 247 962 206 362 0.262208067941
681 247 950 213 473 0.266163793103
652 240 997 207 466 0.269058295964
662 256 1029 201 406 0.278867102397
678 250 997 202 408 0.269396551724
675 268 1000 215 406 0.284199363733
691 259 1020 203 391 0.272631578947
688 240 1005 213 434 0.258620689655
701 241 1028 219 407 0.255838641189
718 240 1068 209 407 0.250521920668
720 248 1030 211 416 0.256198347107
716 284 1052 210 427 0.284
720 306 1023 212 462 0.298245614035
706 302 1076 261 470 0.299603174603
734 332 1080 226 439 0.311444652908
701 324 1100 259 449 0.316097560976
707 344 1085 258 412 0.327307326356
730 336 1071 249 430 0.315196998124
756 335 1112 248 468 0.307057745188
710 321 1075 266 498 0.311348205626
744 320 1146 254 415 0.300751879699
756 319 1087 245 452 0.296744186047
720 319 1126 259 426 0.307025986526
736 342 1100 272 410 0.317254174397
741 361 1080 274 434 0.327586206897
736 336 1067 285 475 0.313432835821
706 338 1117 297 488 0.323754789272
740 344 1142 281 417 0.317343173432
736 356 1119 304 424 0.326007326007
701 397 1052 315 395 0.361566484517
670 396 987 312 467 0.37148217636
713 374 992 330 377 0.344066237351
681 370 1000 299 435 0.35204567079
731 355 1028 300 434 0.326887661142
739 365 1043 324 458 0.330615942029
757 376 1060 304 426 0.331862312445
712 393 1072 331 450 0.355656108597
699 402 1083 332 417 0.365122615804
721 393 1056 344 463 0.352782764811
768 389 1066 324 448 0.33621434745
767 393 1116 363 423 0.338793103448
787 417 1119 321 475 0.34634551495
768 408 1059 327 456 0.34693877551
731 365 1111 296 442 0.33302919708
722 400 1047 314 414 0.356506238859
739 411 1074 341 428 0.357391304348
750 429 1074 330 427 0.363867684478
735 442 1091 326 430 0.375531011045
690 444 1017 348 391 0.391534391534
668 440 995 350 411 0.397111913357
653 407 994 349 426 0.383962264151
696 407 1005 341 412 0.368993653672
677 403 1004 308 445 0.373148148148
677 418 1018 351 371 0.381735159817
705 419 949 346 401 0.372775800712
639 403 904 347 405 0.386756238004
602 392 957 355 396 0.394366197183
615 374 907 307 377 0.378159757331
560 380 954 302 373 0.404255319149
577 406 875 282 345 0.413021363174
576 392 870 285 347 0.404958677686
568 377 864 285 362 0.398941798942
566 333 846 270 361 0.370411568409
578 312 838 280 352 0.350561797753
567 332 802 266 376 0.369299221357
575 336 878 278 381 0.36882546652
570 320 862 280 388 0.359550561798
613 345 889 291 365 0.36012526096
588 340 912 281 365 0.366379310345
589 327 911 264 367 0.356986899563
559 323 907 262 380 0.366213151927
590 317 890 230 362 0.349503858875
604 287 888 236 382 0.322109988777
619 287 853 265 387 0.316777041943
599 311 884 237 420 0.341758241758
574 308 943 259 381 0.349206349206
630 309 939 236 347 0.329073482428
662 299 871 252 421 0.311134235172
605 354 947 252 383 0.36913451512
651 334 959 251 411 0.339086294416
635 341 938 258 411 0.349385245902
648 334 950 275 366 0.340122199593
603 345 966 283 388 0.363924050633
610 346 922 276 351 0.361924686192
623 346 911 301 358 0.357069143447
620 340 880 301 375 0.354166666667
600 371 860 266 396 0.382080329557
637 368 874 276 382 0.366169154229
589 350 859 263 409 0.372736954207
561 371 902 253 381 0.398068669528
551 352 906 270 335 0.389811738649
530 342 844 297 318 0.392201834862
521 322 808 297 344 0.38196915777
562 316 809 277 300 0.359908883827
559 294 733 270 367 0.344665885111
567 293 749 233 351 0.340697674419
539 268 735 219 368 0.33209417596
503 254 791 228 373 0.335535006605
533 258 793 232 309 0.326169405815
530 256 755 235 322 0.325699745547
494 263 758 225 320 0.347424042272
519 268 724 212 348 0.340533672173
471 287 766 190 350 0.378627968338
510 299 834 191 305 0.369592088999
485 269 773 248 369 0.356763925729
534 276 815 237 286 0.340740740741
547 274 767 244 383 0.333739342266
546 263 819 258 380 0.325092707046
542 272 796 236 367 0.334152334152
546 303 854 236 385 0.356890459364
542 295 799 250 351 0.352449223417
555 284 821 252 319 0.338498212157
532 261 778 240 369 0.329129886507
542 265 823 243 336 0.328376703841
548 294 842 239 349 0.349168646081
575 293 867 237 322 0.337557603687
597 249 823 253 401 0.294326241135
564 266 934 192 402 0.320481927711
625 279 906 206 350 0.308628318584
609 272 884 210 383 0.308740068104
641 226 932 222 344 0.260668973472
664 248 924 192 426 0.271929824561
698 265 938 190 390 0.27518172378
664 251 970 226 431 0.274316939891
647 254 1001 225 425 0.281908990011
693 258 1070 188 365 0.271293375394
721 251 1019 197 417 0.258230452675
665 260 1044 202 468 0.281081081081
718 277 1111 236 416 0.278391959799
752 291 1021 233 420 0.279002876318
737 313 1043 249 460 0.298095238095
750 328 1124 260 407 0.30426716141
727 325 1123 254 430 0.308935361217
745 309 1058 276 441 0.293168880455
762 296 1067 254 460 0.2797731569
771 318 1107 278 460 0.292011019284
782 305 1119 267 421 0.280588776449
744 321 1083 273 462 0.301408450704
763 340 1112 296 439 0.308250226655
764 333 1107 281 453 0.30355515041
785 330 1113 263 436 0.295964125561
775 315 1087 282 454 0.288990825688
759 332 1095 252 449 0.304307974335
788 352 1081 273 471 0.308771929825
773 333 1173 268 474 0.301084990958
775 346 1173 289 432 0.308652988403
755 346 1129 287 440 0.314259763851
701 335 1160 299 463 0.323359073359
763 362 1170 310 403 0.321777777778
822 404 1107 319 453 0.329526916803
768 392 1103 317 464 0.337931034483
806 396 1171 310 440 0.329450915141
775 399 1163 332 423 0.339863713799
781 432 1084 341 427 0.356141797197
758 450 1044 365 473 0.372516556291
742 437 1049 391 432 0.370653095844
704 417 1055 393 400 0.371989295272
703 442 980 349 402 0.386026200873
694 428 1031 363 438 0.381461675579
732 418 994 355 392 0.36347826087
730 396 959 348 388 0.351687388988
687 404 940 333 459 0.370302474794
708 386 1008 304 375 0.352833638026
725 419 952 319 437 0.366258741259
686 419 1032 312 401 0.379185520362
646 423 1023 303 423 0.395696913003
631 405 991 347 349 0.390926640927
624 410 928 369 356 0.396518375242
624 411 936 368 372 0.397101449275
618 369 919 366 390 0.373860182371
569 375 963 365 358 0.397245762712
558 382 947 324 357 0.406382978723
576 351 871 287 332 0.378640776699
569 343 825 323 345 0.376096491228
555 310 788 305 338 0.35838150289
553 323 844 278 354 0.368721461187
566 369 890 256 351 0.394652406417
544 379 845 284 394 0.410617551463
561 368 913 269 329 0.396124865447
549 314 895 281 350 0.363847045191
572 319 828 244 333 0.358024691358
568 292 779 237 370 0.339534883721
543 285 824 258 373 0.344202898551
568 264 890 242 347 0.317307692308
574 253 825 260 331 0.30592503023
559 308 804 220 363 0.355247981546
588 318 822 247 360 0.350993377483
582 352 845 258 410 0.37687366167
576 359 925 288 415 0.383957219251
612 350 899 316 346 0.363825363825
627 364 885 292 398 0.367305751766
670 361 905 277 372 0.350145489816
640 334 939 292 354 0.342915811088
560 376 944 292 369 0.401709401709
627 365 894 300 378 0.367943548387
640 352 884 314 365 0.354838709677
612 368 855 300 368 0.375510204082
604 374 873 274 344 0.382413087935
582 377 853 292 383 0.393117831074
568 352 858 316 353 0.382608695652
580 376 888 298 403 0.393305439331
638 358 951 274 344 0.359437751004
620 357 891 280 365 0.365404298874
633 359 898 279 332 0.36189516129
619 329 897 291 372 0.347046413502
617 338 965 293 349 0.353926701571
621 315 867 292 353 0.336538461538
671 346 830 273 386 0.340216322517
606 344 947 255 361 0.362105263158
604 347 879 263 357 0.364879074658
624 341 880 281 366 0.353367875648
600 347 905 273 354 0.366420274551
655 298 894 275 352 0.312696747114
623 288 879 253 408 0.31613611416
593 329 949 289 379 0.3568329718
649 364 892 294 351 0.359328726555
642 367 863 299 370 0.363726461843
580 354 861 338 376 0.379014989293
583 367 927 300 394 0.386315789474
584 341 934 287 349 0.368648648649
560 358 892 276 342 0.389978213508
585 352 826 301 327 0.375667022412
609 337 793 311 340 0.356236786469
565 364 808 298 372 0.391819160388
585 388 790 287 365 0.398766700925
540 365 823 302 354 0.403314917127
563 401 880 296 360 0.415975103734
584 372 860 327 353 0.389121338912
583 337 876 289 323 0.366304347826
615 316 858 302 382 0.339419978518
580 316 883 299 392 0.352678571429
613 333 903 285 347 0.35200845666
642 325 859 291 338 0.336091003102
541 331 929 273 360 0.379587155963
541 311 939 264 337 0.365023474178
574 289 852 258 338 0.334878331402
564 297 815 252 351 0.344947735192
569 302 815 238 348 0.346727898967
533 277 836 238 350 0.341975308642
559 283 853 244 313 0.336104513064
571 285 780 254 372 0.332943925234
577 275 846 261 372 0.322769953052
598 307 872 231 369 0.339226519337
601 328 863 250 390 0.353067814855
590 305 941 278 410 0.340782122905
644 309 916 231 363 0.324239244491
663 293 874 259 396 0.306485355649
602 324 927 263 397 0.349892008639
591 319 910 293 362 0.350549450549
600 342 893 267 359 0.363057324841
623 344 865 279 371 0.355739400207
577 356 840 267 364 0.381564844587
548 333 809 256 372 0.377979568672
546 329 810 250 374 0.376
524 326 870 245 355 0.383529411765
574 347 860 250 334 0.376764386536
575 324 853 300 340 0.360400444939
572 337 791 275 364 0.370737073707
591 348 827 282 383 0.370607028754
578 346 894 263 374 0.374458874459
568 347 877 259 354 0.379234972678
534 330 833 297 343 0.381944444444
570 292 817 262 357 0.338747099768
589 305 809 249 383 0.341163310962
554 309 821 267 383 0.358053302433
540 339 898 274 337 0.38566552901
554 343 804 309 351 0.382385730212
586 353 812 296 349 0.375931842386
574 354 852 281 347 0.381465517241
591 328 852 281 357 0.35690968444
602 336 822 258 392 0.358208955224
622 295 860 270 385 0.321701199564
644 328 917 249 418 0.337448559671
638 312 954 262 396 0.328421052632
615 321 922 252 400 0.342948717949
644 313 906 274 398 0.327063740857
587 348 880 284 388 0.372192513369
633 354 944 295 359 0.358662613982
663 369 897 283 380 0.357558139535
629 375 896 288 387 0.373505976096
607 366 947 313 328 0.376156217883
590 395 941 287 346 0.401015228426
619 389 880 278 349 0.385912698413
597 356 926 322 410 0.373557187828
642 337 908 283 345 0.344228804903
659 328 882 258 385 0.332320162107
620 341 900 255 430 0.354838709677
616 340 937 280 382 0.355648535565
635 352 944 260 380 0.35663627153
611 336 991 260 416 0.354804646251
640 330 995 271 381 0.340206185567
660 340 991 288 442 0.34
670 318 1023 289 410 0.321862348178
671 313 1016 264 368 0.318089430894
667 283 958 264 421 0.297894736842
665 270 925 242 415 0.288770053476
700 283 912 245 440 0.287894201424
700 284 1036 252 448 0.288617886179
719 275 1026 254 415 0.276659959759
698 280 1009 241 453 0.286298568507
714 284 1080 218 434 0.284569138277
762 287 1032 267 433 0.273593898951
750 297 1074 258 486 0.283667621777
767 271 1121 255 416 0.261078998073
776 295 1089 250 471 0.275443510738
762 313 1158 243 429 0.291162790698
771 293 1106 260 440 0.27537593985
755 286 1126 253 455 0.274735830932
820 294 1125 248 456 0.263913824057
790 275 1227 267 458 0.258215962441
797 292 1160 250 431 0.2681359045
793 304 1151 244 502 0.277119416591
824 315 1210 236 492 0.276558384548
794 329 1226 289 497 0.292965271594
797 384 1199 280 442 0.325148179509
773 390 1125 290 441 0.335339638865
778 380 1144 337 476 0.328151986183
789 384 1154 316 439 0.3273657289
782 392 1154 312 398 0.333901192504
747 370 1099 346 477 0.331244404655
741 429 1080 316 433 0.366666666667
725 423 1077 326 386 0.368466898955
732 410 973 331 447 0.359019264448
731 376 1014 293 460 0.339656729901
716 362 1024 278 430 0.335807050093
740 355 1014 262 442 0.324200913242
709 332 1064 277 450 0.318924111431
725 319 1058 260 455 0.305555555556
717 303 1094 279 447 0.297058823529
718 322 1003 259 455 0.309615384615
673 346 1035 250 430 0.339548577036
670 353 993 271 411 0.345063538612
667 333 992 290 409 0.333
653 360 981 331 415 0.35538005923
676 372 1012 301 425 0.354961832061
686 389 1029 304 392 0.361860465116
712 386 984 299 406 0.351548269581
737 380 986 300 459 0.340196956132
721 384 1113 312 443 0.347511312217
732 402 1046 298 441 0.354497354497
687 424 1101 339 431 0.381638163816
656 439 1066 329 401 0.400913242009
691 446 988 321 432 0.392260334213
679 406 1011 334 423 0.374193548387
678 394 1018 357 411 0.367537313433
679 400 957 336 404 0.370713623726
660 391 1024 333 391 0.372026641294
681 368 982 313 411 0.35081029552
645 334 990 279 419 0.341164453524
699 329 1008 293 385 0.320038910506
691 336 965 268 436 0.327166504382
719 300 992 263 455 0.294406280667
657 293 1074 264 444 0.308421052632
666 310 1012 249 369 0.31762295082
691 303 1012 225 438 0.304828973843
653 276 1052 257 408 0.297093649085
684 275 1049 233 381 0.286757038582
699 287 994 211 435 0.29107505071
704 320 1041 222 414 0.3125
720 336 1017 231 401 0.318181818182
726 344 1032 267 439 0.321495327103
782 350 1084 259 455 0.309187279152
800 324 1161 319 430 0.288256227758
780 331 1155 302 466 0.297929792979
797 334 1223 286 443 0.295313881521
827 346 1152 278 461 0.294970161978
785 342 1125 301 471 0.303460514641
765 333 1105 302 419 0.303278688525
755 345 1065 292 503 0.313636363636
755 361 1148 318 441 0.323476702509
731 368 1103 301 413 0.334849863512
698 348 1063 314 458 0.332695984704
718 381 1145 334 442 0.346678798908
764 377 1055 328 429 0.330411919369
779 392 1110 291 451 0.334756618275
775 388 1091 313 447 0.333619948409
738 401 1118 308 435 0.352063213345
721 403 1109 376 424 0.358540925267
697 407 1136 386 405 0.36865942029
708 410 1083 329 408 0.366726296959
737 410 1064 306 446 0.357454228422
716 398 1097 320 455 0.357271095153
740 467 1079 303 452 0.386909693455
696 459 1060 387 414 0.397402597403
728 420 1036 380 448 0.365853658537
707 404 1043 355 384 0.363636363636
682 378 1004 326 452 0.356603773585
634 385 1012 339 418 0.377821393523
637 380 1000 324 417 0.373647984267
684 374 963 300 403 0.353497164461
691 363 1011 323 447 0.34440227704
746 381 1045 328 398 0.338065661047
663 366 1015 323 433 0.355685131195
696 381 1023 307 406 0.353760445682
686 359 1023 320 418 0.343540669856
676 367 1004 284 460 0.351869606903
683 344 1107 316 449 0.334956183057
716 362 1076 286 411 0.335807050093
708 313 1072 314 424 0.306562193928
679 316 1030 290 421 0.317587939698
689 322 1028 292 391 0.318496538081
645 331 946 287 436 0.339139344262
660 353 946 272 376 0.348469891412
647 358 917 285 400 0.356218905473
591 348 926 265 361 0.370607028754
593 380 831 280 368 0.390544707091
584 393 847 306 355 0.402251791198
543 373 872 336 361 0.407205240175
582 364 832 270 327 0.384778012685
577 349 836 285 334 0.376889848812
553 343 803 263 315 0.3828125
576 360 836 259 360 0.384615384615
530 349 840 283 360 0.397042093288
577 346 883 282 295 0.374864572048
572 356 888 265 396 0.383620689655
572 331 899 238 364 0.366555924695
589 297 925 258 371 0.335214446953
611 266 893 202 365 0.30330672748
632 261 865 206 434 0.292273236282
616 288 1005 208 413 0.318584070796
606 274 968 242 383 0.311363636364
596 270 961 223 353 0.311778290993
598 254 899 231 407 0.298122065728
605 252 915 209 413 0.294049008168
612 232 961 182 397 0.274881516588
618 238 975 200 375 0.278037383178
649 222 937 192 386 0.254879448909
621 238 953 169 474 0.277066356228
627 255 1018 193 393 0.289115646259
701 259 927 205 399 0.269791666667
693 245 919 221 396 0.261194029851
644 247 956 258 432 0.27721661055
647 275 973 236 380 0.298264642082
634 277 965 258 404 0.304061470911
688 309 936 234 365 0.309929789368
661 306 935 259 446 0.316442605998
663 345 953 223 391 0.342261904762
676 336 961 234 393 0.332015810277
656 315 976 270 400 0.324407826982
624 314 977 261 386 0.334754797441
644 314 944 252 405 0.327766179541
669 266 878 252 412 0.28449197861
654 270 910 230 414 0.292207792208
619 287 964 221 380 0.316777041943
615 309 1002 253 344 0.334415584416
628 311 957 261 366 0.331203407881
658 294 909 248 335 0.308823529412
615 298 876 243 372 0.326396495071
602 307 902 234 369 0.337733773377
597 298 887 251 364 0.332960893855
611 299 894 257 368 0.328571428571
633 288 927 264 401 0.312703583062
670 320 957 235 389 0.323232323232
661 327 955 236 406 0.330971659919
652 340 964 273 413 0.342741935484
664 329 973 273 412 0.331319234642
723 326 1022 277 461 0.310772163966
699 361 1037 299 384 0.340566037736
705 387 1007 301 395 0.354395604396
671 411 1062 297 384 0.379852125693
681 380 1005 332 356 0.358152686145
671 369 960 301 407 0.354807692308
670 358 1016 307 450 0.348249027237
649 353 1038 322 377 0.352295409182
654 363 923 307 420 0.356932153392
611 353 961 295 406 0.366182572614
615 337 944 312 363 0.353991596639
664 385 883 274 354 0.36701620591
651 366 895 295 409 0.3598820059
622 369 996 258 404 0.372351160444
660 391 1041 299 356 0.372026641294
653 360 947 323 362 0.35538005923
638 372 914 298 363 0.368316831683
630 381 897 329 360 0.376854599407
615 376 888 326 379 0.379414732593
632 334 935 322 389 0.345755693582
636 339 951 294 374 0.347692307692
642 350 950 297 406 0.352822580645
622 346 933 296 360 0.357438016529
578 344 913 307 433 0.373101952278
613 345 919 256 342 0.36012526096
596 331 859 259 368 0.357065803668
565 332 885 253 370 0.370122630992
596 309 914 257 358 0.341436464088
614 302 944 277 381 0.329694323144
646 280 880 257 340 0.302375809935
575 301 839 215 421 0.343607305936
594 307 862 222 373 0.340732519423
607 301 941 237 378 0.331497797357
634 314 1005 228 357 0.331223628692
686 293 837 256 400 0.299284984678
638 312 873 279 441 0.328421052632
651 349 966 292 411 0.349
631 365 990 275 389 0.366465863454
604 367 936 274 334 0.377960865088
547 327 893 262 408 0.37414187643
543 305 932 254 344 0.359669811321
593 274 889 263 300 0.316032295271
542 309 801 249 351 0.363102232667
544 330 776 260 322 0.377574370709
527 342 768 240 342 0.393555811277
501 324 813 275 333 0.392727272727
504 336 829 247 336 0.4
499 347 888 241 343 0.410165484634
508 316 837 267 265 0.383495145631
486 337 739 233 347 0.409477521264
478 312 747 254 330 0.394936708861
512 332 720 237 308 0.39336492891
516 359 726 258 322 0.410285714286
479 316 741 261 312 0.39748427673
456 340 747 240 293 0.427135678392
466 324 721 266 290 0.410126582278
463 300 679 252 322 0.393184796855
448 302 694 232 303 0.402666666667
444 308 668 266 278 0.409574468085
465 287 650 272 286 0.38164893617
450 298 714 240 316 0.398395721925
470 277 719 229 292 0.370816599732
499 261 749 210 326 0.343421052632
511 264 738 214 348 0.34064516129
514 255 767 226 307 0.331599479844
533 277 726 199 331 0.341975308642
520 260 745 248 347 0.333333333333
521 268 782 249 327 0.339670468948
505 264 836 228 326 0.343302990897
543 286 800 224 318 0.344993968637
572 298 771 237 338 0.342528735632
575 310 798 255 361 0.350282485876
534 307 848 219 342 0.365041617122
516 309 787 242 324 0.374545454545
521 320 811 227 332 0.38049940547
514 332 768 221 314 0.39243498818
518 284 818 270 313 0.354114713217
530 313 781 273 312 0.371293001186
497 332 793 232 347 0.400482509047
547 321 810 248 325 0.369815668203
570 301 767 245 324 0.345579793341
560 304 767 261 390 0.351851851852
508 298 838 245 311 0.369727047146
533 315 803 252 302 0.371462264151
494 339 793 262 309 0.406962785114
509 332 788 249 293 0.394768133175
514 314 757 264 309 0.37922705314
527 307 806 243 329 0.368105515588
542 296 821 244 352 0.353221957041
565 289 824 257 360 0.338407494145
553 294 815 258 343 0.347107438017
549 296 841 245 378 0.350295857988
564 295 874 253 359 0.3434225844
581 323 858 239 313 0.357300884956
556 327 820 238 342 0.370328425821
567 359 862 250 352 0.387688984881
579 364 848 295 385 0.386002120891
564 334 850 307 359 0.371937639198
564 307 873 281 332 0.352468427095
559 305 842 234 323 0.353009259259
582 304 812 256 366 0.343115124153
584 295 853 253 353 0.335608646189
555 320 845 270 378 0.365714285714
583 339 820 255 328 0.367678958785
560 315 799 282 386 0.36
570 332 831 288 345 0.368070953437
536 341 853 302 339 0.388825541619
562 350 829 280 325 0.383771929825
539 330 788 270 379 0.379746835443
