245 341 341 264 98 0.581911262799
253 257 313 209 110 0.503921568627
229 197 345 165 100 0.462441314554
260 152 294 160 109 0.368932038835
254 115 316 136 109 0.311653116531
256 115 335 101 144 0.309973045822
282 100 351 69 114 0.261780104712
299 78 345 68 109 0.206896551724
277 75 332 57 106 0.213068181818
270 67 339 62 114 0.19881305638
268 57 329 55 86 0.175384615385
252 38 305 37 121 0.131034482759
237 27 342 38 104 0.102272727273
253 32 301 30 96 0.112280701754
254 36 321 18 81 0.124137931034
260 29 312 11 93 0.100346020761
250 22 295 14 92 0.0808823529412
246 20 324 11 90 0.0751879699248
266 13 320 15 95 0.0465949820789
282 15 299 7 102 0.0505050505051
285 13 336 8 125 0.0436241610738
255 6 337 10 115 0.0229885057471
236 1 303 10 102 0.0042194092827
248 0 309 0 117 0.0
232 0 321 0 116 0.0
230 0 317 0 117 0.0
239 0 310 0 116 0.0
264 0 330 0 98 0.0
300 0 323 0 114 0.0
258 0 329 0 135 0.0
261 0 350 0 122 0.0
271 0 341 0 117 0.0
238 0 342 0 120 0.0
255 0 324 0 102 0.0
241 0 318 0 119 0.0
242 0 338 0 100 0.0
261 0 280 0 105 0.0
254 0 292 0 121 0.0
218 0 326 0 103 0.0
231 0 298 0 86 0.0
203 0 253 0 111 0.0
190 0 255 0 88 0.0
185 0 270 0 88 0.0
193 0 246 0 96 0.0
198 0 250 0 108 0.0
207 0 249 0 90 0.0
194 0 261 0 108 0.0
176 0 248 0 93 0.0
181 0 281 0 83 0.0
201 0 271 0 105 0.0
238 0 270 0 96 0.0
260 0 287 0 128 0.0
246 0 333 0 137 0.0
239 0 355 0 118 0.0
243 0 331 0 89 0.0
237 0 322 0 137 0.0
254 0 365 0 114 0.0
283 0 318 0 139 0.0
270 0 344 0 128 0.0
264 0 338 0 123 0.0
281 0 352 0 124 0.0
301 0 333 0 135 0.0
257 0 363 0 159 0.0
271 0 391 0 124 0.0
274 0 390 0 114 0.0
280 0 366 0 116 0.0
244 0 382 0 116 0.0
263 0 374 0 100 0.0
269 0 385 0 133 0.0
279 0 383 0 141 0.0
309 0 375 0 128 0.0
336 0 359 0 141 0.0
288 0 408 0 154 0.0
298 0 419 0 143 0.0
317 0 451 0 130 0.0
312 0 400 0 142 0.0
303 0 421 0 123 0.0
291 0 357 0 148 0.0
287 0 391 0 127 0.0
288 0 363 0 158 0.0
295 0 377 0 138 0.0
289 0 391 0 126 0.0
301 0 363 0 130 0.0
301 0 395 0 144 0.0
293 0 380 0 147 0.0
255 0 395 0 136 0.0
266 0 359 0 167 0.0
269 0 394 0 114 0.0
274 0 356 0 112 0.0
275 0 345 0 134 0.0
267 0 353 0 158 0.0
259 0 370 0 138 0.0
264 0 375 0 125 0.0
274 0 339 0 135 0.0
293 0 331 0 120 0.0
302 0 342 0 132 0.0
283 0 355 0 152 0.0
278 0 389 0 140 0.0
289 0 363 0 155 0.0
272 0 391 0 144 0.0
333 0 368 0 120 0.0
309 0 338 0 174 0.0
305 0 407 0 168 0.0
330 0 405 0 133 0.0
327 0 389 0 154 0.0
332 0 420 0 156 0.0
323 0 455 0 157 0.0
329 0 446 0 176 0.0
358 0 467 0 140 0.0
367 0 482 0 192 0.0
395 0 501 0 156 0.0
389 0 476 0 168 0.0
391 0 485 0 191 0.0
396 0 496 0 170 0.0
394 0 530 0 206 0.0
408 0 565 0 151 0.0
430 0 557 0 161 0.0
443 0 527 0 185 0.0
416 0 544 0 184 0.0
438 0 556 0 187 0.0
409 0 542 0 165 0.0
445 0 518 0 204 0.0
416 0 535 0 181 0.0
409 0 526 0 180 0.0
457 0 497 0 153 0.0
440 0 490 0 234 0.0
433 0 560 0 194 0.0
475 0 568 0 210 0.0
481 0 558 0 216 0.0
459 0 595 0 224 0.0
474 0 566 0 187 0.0
447 0 577 0 179 0.0
460 0 524 0 188 0.0
424 0 515 0 181 0.0
405 0 503 0 182 0.0
401 0 489 0 184 0.0
371 0 528 0 172 0.0
399 0 529 0 173 0.0
381 0 542 0 178 0.0
393 0 528 0 167 0.0
424 0 523 0 173 0.0
446 0 520 0 198 0.0
433 0 556 0 190 0.0
425 0 587 0 229 0.0
451 0 588 0 184 0.0
400 0 556 0 177 0.0
427 0 538 0 186 0.0
425 0 527 0 182 0.0
443 0 569 0 202 0.0
427 0 559 0 185 0.0
395 0 569 0 189 0.0
468 0 546 0 206 0.0
435 0 586 0 216 0.0
424 0 608 0 195 0.0
443 0 586 0 179 0.0
445 0 596 0 208 0.0
416 0 591 0 195 0.0
419 0 546 0 184 0.0
417 0 541 0 184 0.0
409 0 551 0 191 0.0
419 0 596 0 232 0.0
416 0 575 0 197 0.0
448 0 525 0 183 0.0
423 0 594 0 218 0.0
470 0 559 0 197 0.0
462 0 539 0 235 0.0
450 0 564 0 235 0.0
424 0 593 0 170 0.0
420 0 547 0 191 0.0
421 0 521 0 194 0.0
416 0 533 0 204 0.0
432 0 516 0 200 0.0
398 0 535 0 196 0.0
419 0 538 0 199 0.0
411 0 560 0 235 0.0
481 0 618 0 203 0.0
497 0 598 0 241 0.0
524 0 674 0 238 0.0
565 0 671 0 255 0.0
597 0 694 0 218 0.0
524 0 726 0 283 0.0
540 0 713 0 221 0.0
522 0 695 0 250 0.0
537 0 667 0 224 0.0
523 0 676 0 233 0.0
524 0 669 0 268 0.0
529 0 714 0 247 0.0
536 0 701 0 243 0.0
509 0 692 0 213 0.0
515 0 677 0 260 0.0
521 0 715 0 238 0.0
515 0 690 0 257 0.0
518 0 695 0 232 0.0
541 0 703 0 245 0.0
587 0 662 0 273 0.0
539 0 690 0 267 0.0
565 0 756 0 262 0.0
577 0 722 0 285 0.0
588 0 782 0 250 0.0
533 0 752 0 253 0.0
552 0 711 0 219 0.0
536 0 682 0 254 0.0
548 0 689 0 233 0.0
581 0 722 0 249 0.0
602 0 728 0 263 0.0
556 0 724 0 263 0.0
568 0 721 0 272 0.0
564 0 746 0 250 0.0
600 0 754 0 277 0.0
595 0 757 0 290 0.0
579 0 795 0 282 0.0
603 0 755 0 256 0.0
617 0 770 0 270 0.0
633 0 777 0 255 0.0
604 0 730 0 283 0.0
621 0 764 0 293 0.0
591 0 837 0 255 0.0
620 0 774 0 272 0.0
586 0 775 0 292 0.0
576 0 791 0 274 0.0
596 0 717 0 265 0.0
551 0 761 0 270 0.0
573 0 751 0 274 0.0
603 0 767 0 267 0.0
602 0 813 0 300 0.0
630 0 839 0 297 0.0
672 0 840 0 265 0.0
643 0 784 0 325 0.0
637 0 823 0 305 0.0
623 0 848 0 284 0.0
639 0 829 0 255 0.0
634 0 836 0 279 0.0
636 0 857 0 273 0.0
682 0 830 0 287 0.0
679 0 804 0 282 0.0
647 0 836 0 298 0.0
673 0 829 0 265 0.0
683 0 827 0 264 0.0
696 0 785 0 281 0.0
631 0 843 0 314 0.0
642 0 807 0 282 0.0
606 0 811 0 295 0.0
624 0 830 0 263 0.0
661 0 804 0 255 0.0
653 0 776 0 290 0.0
655 0 828 0 283 0.0
641 0 853 0 316 0.0
662 0 867 0 258 0.0
691 0 790 0 305 0.0
615 0 856 0 300 0.0
617 0 808 0 246 0.0
630 0 776 0 302 0.0
638 0 789 0 257 0.0
611 0 810 0 283 0.0
630 0 826 0 235 0.0
620 0 789 0 300 0.0
610 0 828 0 303 0.0
652 0 808 0 291 0.0
644 0 819 0 259 0.0
608 0 784 0 291 0.0
621 0 778 0 311 0.0
611 0 823 0 270 0.0
637 0 795 0 239 0.0
638 0 796 0 293 0.0
625 0 856 0 292 0.0
649 0 880 0 321 0.0
645 0 836 0 275 0.0
629 0 823 0 290 0.0
595 0 798 0 291 0.0
625 0 831 0 258 0.0
566 0 785 0 298 0.0
568 0 815 0 272 0.0
623 0 823 0 251 0.0
665 0 786 0 274 0.0
662 0 786 0 266 0.0
675 0 823 0 319 0.0
701 0 887 0 259 0.0
685 0 815 0 278 0.0
688 0 794 0 314 0.0
664 0 906 0 290 0.0
626 0 892 0 278 0.0
696 0 882 0 273 0.0
673 0 858 0 316 0.0
719 0 819 0 307 0.0
722 0 813 0 304 0.0
707 0 826 0 332 0.0
712 0 886 0 297 0.0
694 0 832 0 332 0.0
678 0 856 0 338 0.0
695 0 916 0 304 0.0
695 0 841 0 319 0.0
706 0 854 0 354 0.0
722 0 949 0 277 0.0
676 0 912 0 309 0.0
710 0 886 0 309 0.0
716 0 940 0 330 0.0
721 0 883 0 310 0.0
711 0 918 0 294 0.0
690 0 885 0 297 0.0
666 0 877 0 313 0.0
656 0 808 0 252 0.0
686 0 732 0 331 0.0
682 0 855 0 275 0.0
684 0 916 0 297 0.0
683 0 910 0 275 0.0
663 0 867 0 318 0.0
684 0 878 0 280 0.0
692 0 893 0 312 0.0
679 0 906 0 324 0.0
720 0 921 0 309 0.0
682 0 931 0 294 0.0
674 0 892 0 285 0.0
639 0 911 0 296 0.0
677 0 858 0 270 0.0
641 0 833 0 290 0.0
647 0 807 0 298 0.0
652 0 811 0 320 0.0
670 0 859 0 291 0.0
692 0 847 0 284 0.0
671 0 855 0 307 0.0
688 0 842 0 294 0.0
665 0 822 0 318 0.0
644 0 895 0 307 0.0
622 0 898 0 275 0.0
629 0 834 0 247 0.0
641 0 852 0 301 0.0
617 0 876 0 284 0.0
644 0 832 0 272 0.0
641 0 856 0 285 0.0
666 0 800 0 278 0.0
635 0 729 0 309 0.0
630 0 779 0 279 0.0
580 0 792 0 278 0.0
587 0 799 0 278 0.0
584 0 823 0 256 0.0
613 0 770 0 306 0.0
598 0 774 0 310 0.0
606 0 809 0 309 0.0
599 0 866 0 320 0.0
650 0 881 0 262 0.0
681 0 837 0 296 0.0
690 0 872 0 323 0.0
703 0 890 0 293 0.0
673 0 867 0 310 0.0
706 0 893 0 304 0.0
717 0 857 0 303 0.0
673 0 855 0 318 0.0
608 0 854 0 309 0.0
694 0 791 0 259 0.0
672 0 797 0 326 0.0
653 0 884 0 297 0.0
640 0 897 0 286 0.0
655 0 852 0 272 0.0
630 0 823 0 259 0.0
628 0 781 0 278 0.0
624 0 838 0 274 0.0
617 0 818 0 249 0.0
618 0 735 0 310 0.0
610 0 767 0 287 0.0
635 0 794 0 277 0.0
632 0 794 0 306 0.0
621 0 880 0 249 0.0
618 0 819 0 272 0.0
653 0 768 0 308 0.0
651 0 834 0 308 0.0
689 0 904 0 282 0.0
696 0 876 0 310 0.0
693 0 850 0 285 0.0
689 0 848 0 333 0.0
698 0 977 0 280 0.0
746 0 883 0 291 0.0
754 0 919 0 315 0.0
733 0 876 0 300 0.0
693 0 883 0 362 0.0
717 0 962 0 326 0.0
725 0 937 0 293 0.0
773 0 915 0 297 0.0
703 0 915 0 372 0.0
761 0 966 0 286 0.0
749 0 905 0 357 0.0
762 0 979 0 344 0.0
733 0 951 0 303 0.0
780 0 874 0 334 0.0
797 0 851 0 338 0.0
705 0 909 0 298 0.0
716 0 913 0 310 0.0
743 0 897 0 323 0.0
703 0 946 0 311 0.0
678 0 954 0 297 0.0
699 0 944 0 282 0.0
678 0 876 0 296 0.0
702 0 886 0 299 0.0
675 0 898 0 308 0.0
712 0 840 0 315 0.0
730 0 902 0 318 0.0
689 0 957 0 312 0.0
726 0 921 0 307 0.0
691 0 875 0 307 0.0
689 0 840 0 329 0.0
689 0 842 0 305 0.0
690 0 824 0 313 0.0
704 0 835 0 329 0.0
634 0 889 0 310 0.0
588 0 871 0 267 0.0
623 0 842 0 271 0.0
660 0 822 0 262 0.0
663 0 807 0 301 0.0
676 0 807 0 289 0.0
675 0 816 0 320 0.0
657 0 871 0 288 0.0
697 0 857 0 295 0.0
639 0 834 0 281 0.0
651 0 817 0 312 0.0
666 0 886 0 285 0.0
677 0 829 0 296 0.0
656 0 836 0 257 0.0
644 0 840 0 316 0.0
639 0 861 0 319 0.0
653 0 867 0 335 0.0
656 0 845 0 272 0.0
629 0 896 0 286 0.0
679 0 827 0 276 0.0
665 0 816 0 309 0.0
680 0 909 0 295 0.0
656 0 848 0 284 0.0
669 0 794 0 317 0.0
674 0 790 0 336 0.0
666 0 894 0 317 0.0
672 0 857 0 329 0.0
690 0 863 0 308 0.0
730 0 892 0 302 0.0
724 0 844 0 336 0.0
702 0 968 0 334 0.0
714 0 917 0 263 0.0
699 0 856 0 303 0.0
699 0 879 0 311 0.0
704 0 887 0 319 0.0
740 0 857 0 300 0.0
712 0 891 0 340 0.0
664 0 942 0 289 0.0
733 0 877 0 260 0.0
650 0 842 0 349 0.0
630 0 869 0 283 0.0
651 0 826 0 285 0.0
648 0 822 0 325 0.0
661 0 889 0 290 0.0
709 0 783 0 301 0.0
668 0 857 0 343 0.0
715 0 909 0 322 0.0
710 0 909 0 285 0.0
676 0 868 0 305 0.0
705 0 891 0 298 0.0
718 0 894 0 329 0.0
727 0 848 0 340 0.0
732 0 925 0 319 0.0
730 0 924 0 327 0.0
717 0 901 0 309 0.0
734 0 909 0 300 0.0
724 0 817 0 298 0.0
658 0 939 0 294 0.0
672 0 868 0 289 0.0
646 0 891 0 298 0.0
646 0 795 0 283 0.0
602 0 774 0 304 0.0
631 0 802 0 288 0.0
613 0 817 0 292 0.0
642 0 757 0 283 0.0
620 0 809 0 310 0.0
603 0 826 0 274 0.0
619 0 792 0 263 0.0
593 0 783 0 275 0.0
655 0 763 0 280 0.0
710 0 802 0 312 0.0
651 0 858 0 290 0.0
640 0 846 0 286 0.0
636 0 889 0 292 0.0
639 0 857 0 257 0.0
658 0 814 0 296 0.0
681 0 840 0 280 0.0
690 0 812 0 312 0.0
612 0 886 0 324 0.0
626 0 845 0 261 0.0
647 0 773 0 316 0.0
649 0 869 0 285 0.0
656 0 852 0 294 0.0
678 0 873 0 288 0.0
698 0 895 0 260 0.0
693 0 880 0 326 0.0
704 0 887 0 257 0.0
738 0 848 0 320 0.0
713 0 885 0 321 0.0
695 0 902 0 283 0.0
717 0 868 0 279 0.0
714 0 861 0 282 0.0
689 0 842 0 310 0.0
751 0 875 0 305 0.0
769 0 929 0 313 0.0
741 0 940 0 288 0.0
794 0 941 0 295 0.0
779 0 970 0 318 0.0
696 0 959 0 293 0.0
681 0 981 0 288 0.0
680 0 958 0 279 0.0
693 0 882 0 268 0.0
731 0 804 0 317 0.0
718 0 879 0 338 0.0
678 0 919 0 317 0.0
696 0 878 0 303 0.0
704 0 897 0 311 0.0
708 0 838 0 320 0.0
701 0 869 0 319 0.0
682 0 897 0 304 0.0
725 0 891 0 298 0.0
722 0 895 0 290 0.0
718 0 887 0 317 0.0
706 0 843 0 313 0.0
633 0 868 0 321 0.0
619 0 929 0 273 0.0
670 0 847 0 263 0.0
695 0 846 0 327 0.0
668 0 885 0 291 0.0
705 0 870 0 297 0.0
725 0 873 0 305 0.0
700 0 900 0 308 0.0
709 0 912 0 299 0.0
694 0 871 0 299 0.0
682 0 874 0 332 0.0
703 0 946 0 312 0.0
677 0 922 0 272 0.0
687 0 863 0 299 0.0
690 0 815 0 285 0.0
656 0 835 0 315 0.0
680 0 806 0 289 0.0
654 0 861 0 327 0.0
649 0 911 0 309 0.0
638 0 837 0 299 0.0
622 0 852 0 286 0.0
609 0 840 0 267 0.0
589 0 814 0 267 0.0
635 0 807 0 267 0.0
611 0 807 0 307 0.0
611 0 868 0 266 0.0
638 0 791 0 255 0.0
604 0 756 0 300 0.0
591 0 759 0 266 0.0
610 0 738 0 308 0.0
622 0 742 0 260 0.0
602 0 791 0 269 0.0
617 0 753 0 265 0.0
551 0 776 0 292 0.0
568 0 770 0 243 0.0
574 0 749 0 250 0.0
565 0 708 0 290 0.0
560 0 752 0 261 0.0
570 0 771 0 245 0.0
569 0 769 0 274 0.0
570 0 775 0 259 0.0
637 0 777 0 284 0.0
629 0 855 0 278 0.0
671 0 800 0 279 0.0
617 0 747 0 288 0.0
598 0 807 0 282 0.0
618 0 820 0 296 0.0
617 0 825 0 294 0.0
657 0 821 0 263 0.0
647 0 791 0 281 0.0
641 0 813 0 308 0.0
634 0 829 0 280 0.0
624 0 808 0 271 0.0
640 0 834 0 264 0.0
609 0 809 0 299 0.0
653 0 813 0 283 0.0
619 0 805 0 266 0.0
653 0 784 0 269 0.0
694 0 750 0 285 0.0
635 0 757 0 363 0.0
635 0 874 0 283 0.0
618 0 869 0 269 0.0
657 0 787 0 257 0.0
652 0 744 0 306 0.0
639 0 773 0 303 0.0
687 0 808 0 292 0.0
642 0 818 0 288 0.0
618 0 830 0 299 0.0
623 0 821 0 280 0.0
617 0 835 0 258 0.0
664 0 769 0 309 0.0
677 0 850 0 296 0.0
713 0 859 0 320 0.0
725 0 921 0 316 0.0
755 0 992 0 280 0.0
742 0 967 0 303 0.0
757 0 928 0 285 0.0
752 0 918 0 299 0.0
763 0 915 0 305 0.0
704 0 856 0 294 0.0
701 0 877 0 316 0.0
684 0 936 0 301 0.0
708 0 940 0 252 0.0
757 0 872 0 302 0.0
702 0 872 0 328 0.0
716 0 903 0 279 0.0
672 0 883 0 288 0.0
670 0 900 0 298 0.0
655 0 813 0 306 0.0
647 0 867 0 292 0.0
656 0 903 0 299 0.0
666 0 838 0 303 0.0
671 0 849 0 295 0.0
665 0 838 0 313 0.0
646 0 850 0 285 0.0
620 0 905 0 286 0.0
681 0 795 0 263 0.0
709 0 796 0 307 0.0
691 0 854 0 321 0.0
674 0 863 0 271 0.0
654 0 811 0 283 0.0
626 0 812 0 277 0.0
611 0 835 0 292 0.0
628 0 845 0 290 0.0
641 0 835 0 285 0.0
649 0 858 0 298 0.0
656 0 853 0 302 0.0
688 0 828 0 293 0.0
668 0 842 0 308 0.0
649 0 888 0 282 0.0
684 0 825 0 248 0.0
679 0 825 0 332 0.0
661 0 879 0 347 0.0
690 0 908 0 316 0.0
685 0 932 0 289 0.0
659 0 921 0 271 0.0
666 0 844 0 276 0.0
630 0 835 0 304 0.0
629 0 895 0 268 0.0
658 0 825 0 301 0.0
682 0 877 0 305 0.0
725 0 880 0 297 0.0
763 0 859 0 323 0.0
723 0 905 0 340 0.0
767 0 915 0 304 0.0
744 0 977 0 300 0.0
770 0 911 0 329 0.0
811 0 912 0 309 0.0
766 0 954 0 356 0.0
747 0 980 0 301 0.0
763 0 926 0 294 0.0
746 0 909 0 310 0.0
728 0 929 0 316 0.0
775 0 964 0 310 0.0
749 0 907 0 295 0.0
773 0 924 0 281 0.0
740 0 913 0 299 0.0
698 0 870 0 279 0.0
724 0 855 0 299 0.0
695 0 851 0 294 0.0
665 0 860 0 331 0.0
698 0 872 0 278 0.0
681 0 839 0 319 0.0
644 0 869 0 317 0.0
712 0 879 0 307 0.0
733 0 919 0 345 0.0
733 0 975 0 336 0.0
751 0 909 0 307 0.0
749 0 895 0 297 0.0
750 0 895 0 308 0.0
742 0 934 0 316 0.0
719 0 934 0 302 0.0
752 0 914 0 288 0.0
749 0 892 0 327 0.0
756 0 908 0 331 0.0
755 0 901 0 298 0.0
707 0 858 0 316 0.0
688 0 883 0 318 0.0
670 0 886 0 297 0.0
631 0 828 0 265 0.0
614 0 804 0 274 0.0
589 0 775 0 294 0.0
633 0 772 0 270 0.0
608 0 786 0 272 0.0
606 0 762 0 277 0.0
604 0 805 0 280 0.0
596 0 773 0 289 0.0
589 0 744 0 281 0.0
594 0 741 0 312 0.0
598 0 797 0 292 0.0
584 0 782 0 273 0.0
589 0 761 0 261 0.0
575 0 764 0 246 0.0
585 0 702 0 288 0.0
572 0 772 0 312 0.0
576 0 806 0 267 0.0
630 0 799 0 260 0.0
629 0 816 0 286 0.0
614 0 752 0 290 0.0
612 0 739 0 262 0.0
632 0 745 0 265 0.0
622 0 757 0 296 0.0
582 0 821 0 300 0.0
619 0 821 0 245 0.0
567 0 806 0 288 0.0
579 0 753 0 276 0.0
606 0 780 0 296 0.0
651 0 795 0 303 0.0
621 0 815 0 294 0.0
653 0 812 0 282 0.0
647 0 819 0 300 0.0
656 0 861 0 279 0.0
663 0 861 0 292 0.0
666 0 798 0 319 0.0
661 0 822 0 284 0.0
646 0 869 0 310 0.0
659 0 871 0 280 0.0
710 0 855 0 300 0.0
722 0 885 0 303 0.0
721 0 829 0 286 0.0
723 0 811 0 319 0.0
695 0 862 0 308 0.0
726 0 887 0 281 0.0
748 0 860 0 290 0.0
755 0 848 0 293 0.0
729 0 792 0 310 0.0
722 0 796 0 354 0.0
679 0 895 0 302 0.0
722 0 877 0 316 0.0
681 0 940 0 300 0.0
703 0 913 0 305 0.0
681 0 877 0 302 0.0
635 0 867 0 305 0.0
685 0 809 0 311 0.0
701 0 859 0 282 0.0
668 0 853 0 308 0.0
695 0 893 0 282 0.0
703 0 888 0 315 0.0
714 0 929 0 285 0.0
720 0 913 0 311 0.0
720 0 861 0 321 0.0
705 0 861 0 316 0.0
666 0 908 0 306 0.0
723 0 822 0 271 0.0
682 0 841 0 335 0.0
738 0 935 0 274 0.0
719 0 940 0 303 0.0
767 0 920 0 302 0.0
779 0 898 0 272 0.0
705 0 871 0 367 0.0
715 0 902 0 318 0.0
746 0 944 0 304 0.0
745 0 871 0 317 0.0
746 0 854 0 311 0.0
732 0 922 0 369 0.0
746 0 925 0 303 0.0
707 0 931 0 314 0.0
692 0 909 0 324 0.0
692 0 908 0 282 0.0
695 0 884 0 314 0.0
676 0 967 0 339 0.0
708 0 898 0 285 0.0
679 0 892 0 297 0.0
698 0 755 0 279 0.0
656 0 782 0 313 0.0
589 0 827 0 287 0.0
598 0 808 0 275 0.0
626 0 800 0 274 0.0
603 0 826 0 262 0.0
584 0 815 0 284 0.0
620 0 822 0 261 0.0
642 0 795 0 270 0.0
629 0 803 0 297 0.0
690 0 803 0 256 0.0
639 0 817 0 276 0.0
652 0 786 0 304 0.0
678 0 788 0 264 0.0
653 0 773 0 316 0.0
656 0 821 0 286 0.0
595 0 780 0 289 0.0
590 0 756 0 264 0.0
603 0 777 0 305 0.0
628 0 830 0 272 0.0
634 0 811 0 282 0.0
604 0 776 0 295 0.0
621 0 773 0 304 0.0
598 0 790 0 263 0.0
595 0 747 0 276 0.0
589 0 770 0 285 0.0
605 0 744 0 263 0.0
585 0 723 0 275 0.0
601 0 726 0 279 0.0
616 0 775 0 320 0.0
638 0 820 0 289 0.0
663 0 845 0 293 0.0
678 0 785 0 313 0.0
678 0 801 0 293 0.0
686 0 825 0 317 0.0
744 0 867 0 286 0.0
738 0 839 0 310 0.0
666 0 832 0 340 0.0
663 0 873 0 295 0.0
680 0 897 0 293 0.0
683 0 921 0 304 0.0
678 0 944 0 312 0.0
727 0 929 0 277 0.0
780 0 864 0 321 0.0
758 0 881 0 342 0.0
712 0 972 0 306 0.0
678 0 918 0 284 0.0
704 0 893 0 304 0.0
734 0 879 0 301 0.0
738 0 880 0 305 0.0
736 0 856 0 316 0.0
700 0 853 0 307 0.0
692 0 848 0 322 0.0
687 0 885 0 317 0.0
701 0 947 0 317 0.0
674 0 925 0 290 0.0
698 0 918 0 306 0.0
704 0 881 0 336 0.0
733 0 911 0 341 0.0
760 0 945 0 309 0.0
739 0 971 0 317 0.0
733 0 919 0 302 0.0
712 0 900 0 292 0.0
666 0 899 0 340 0.0
710 0 908 0 307 0.0
704 0 917 0 320 0.0
737 0 912 0 328 0.0
733 0 901 0 357 0.0
749 0 948 0 306 0.0
750 0 911 0 294 0.0
704 0 915 0 300 0.0
678 0 928 0 313 0.0
702 0 931 0 369 0.0
723 0 943 0 306 0.0
699 0 932 0 324 0.0
735 0 967 0 307 0.0
729 0 970 0 351 0.0
694 0 934 0 325 0.0
695 0 916 0 308 0.0
684 0 881 0 317 0.0
709 0 857 0 326 0.0
706 0 912 0 344 0.0
696 0 1003 0 327 0.0
675 0 956 0 300 0.0
697 0 951 0 313 0.0
694 0 915 0 317 0.0
737 0 985 0 347 0.0
762 0 1016 0 380 0.0
815 0 1034 0 343 0.0
794 0 1071 0 367 0.0
756 0 1052 0 320 0.0
773 0 998 0 371 0.0
733 0 1023 0 360 0.0
699 0 1004 0 324 0.0
727 0 954 0 304 0.0
706 0 936 0 373 0.0
697 0 996 0 320 0.0
763 0 920 0 336 0.0
742 0 934 0 360 0.0
684 0 997 0 382 0.0
732 0 988 0 314 0.0
775 0 955 0 370 0.0
759 0 993 0 333 0.0
753 0 955 0 413 0.0
761 0 1021 0 378 0.0
762 0 1032 0 384 0.0
771 0 1003 0 341 0.0
789 0 950 0 374 0.0
800 0 992 0 396 0.0
793 0 1022 0 395 0.0
778 0 1074 0 393 0.0
778 0 1105 0 379 0.0
742 0 1040 0 398 0.0
839 0 1024 0 385 0.0
760 0 1038 0 423 0.0
831 0 1038 0 378 0.0
837 0 1053 0 422 0.0
822 0 1080 0 401 0.0
831 0 1079 0 410 0.0
843 0 1118 0 406 0.0
926 0 1106 0 416 0.0
929 0 1169 0 446 0.0
919 0 1215 0 470 0.0
964 0 1247 0 437 0.0
947 0 1268 0 485 0.0
963 0 1313 0 464 0.0
1008 0 1287 0 452 0.0
1050 0 1299 0 504 0.0
1087 0 1341 0 498 0.0
1164 0 1498 0 470 0.0
1177 0 1462 0 529 0.0
1144 0 1497 0 569 0.0
1139 0 1518 0 487 0.0
1205 0 1435 0 474 0.0
1148 0 1511 0 540 0.0
1099 0 1559 0 520 0.0
1176 0 1503 0 505 0.0
1194 0 1414 0 501 0.0
1173 0 1449 0 556 0.0
1164 0 1506 0 538 0.0
1136 0 1476 0 532 0.0
1180 0 1443 0 495 0.0
1231 0 1421 0 598 0.0
1205 0 1625 0 567 0.0
1297 0 1582 0 530 0.0
1296 0 1549 0 601 0.0
1308 0 1609 0 582 0.0
1304 0 1626 0 581 0.0
1245 0 1620 0 575 0.0
1229 0 1603 0 561 0.0
1213 0 1603 0 527 0.0
1185 0 1560 0 580 0.0
1219 0 1536 0 522 0.0
1207 0 1590 0 578 0.0
1278 0 1610 0 566 0.0
1270 0 1607 0 606 0.0
1260 0 1610 0 578 0.0
1288 0 1661 0 565 0.0
1368 0 1664 0 564 0.0
1306 0 1661 0 575 0.0
1343 0 1691 0 580 0.0
1389 0 1679 0 593 0.0
1353 0 1709 0 577 0.0
1386 0 1693 0 604 0.0
1369 0 1632 0 695 0.0
1315 0 1774 0 642 0.0
1377 0 1738 0 587 0.0
1331 0 1719 0 617 0.0
1286 0 1695 0 618 0.0
1295 0 1631 0 602 0.0
1263 0 1664 0 585 0.0
1261 0 1662 0 608 0.0
1280 0 1666 0 632 0.0
1308 0 1680 0 590 0.0
1376 0 1693 0 627 0.0
1326 0 1813 0 679 0.0
1392 0 1842 0 571 0.0
1444 0 1818 0 680 0.0
1443 0 1827 0 638 0.0
1436 0 1807 0 650 0.0
1400 0 1754 0 641 0.0
1426 0 1916 0 688 0.0
1439 0 1937 0 618 0.0
1511 0 1941 0 664 0.0
1531 0 1889 0 693 0.0
1577 0 1937 0 718 0.0
1518 0 1943 0 716 0.0
1590 0 2012 0 682 0.0
1564 0 1968 0 708 0.0
1501 0 2039 0 697 0.0
1589 0 1981 0 677 0.0
1571 0 1969 0 753 0.0
1600 0 2018 0 734 0.0
1549 0 2114 0 739 0.0
1536 0 2085 0 660 0.0
1607 0 1973 0 722 0.0
1584 0 1962 0 746 0.0
1573 0 2061 0 770 0.0
1591 0 2166 0 719 0.0
1626 0 2096 0 705 0.0
1658 0 2135 0 735 0.0
1653 0 2125 0 741 0.0
1593 0 2157 0 730 0.0
1639 0 2105 0 720 0.0
1628 0 2002 0 801 0.0
1604 0 2137 0 732 0.0
1586 0 2071 0 682 0.0
1585 0 1925 0 763 0.0
1601 0 2006 0 741 0.0
1609 0 2034 0 711 0.0
1563 0 2060 0 786 0.0
1539 0 2011 0 703 0.0
1508 0 1991 0 703 0.0
1606 0 1975 0 704 0.0
1608 0 2059 0 747 0.0
1612 0 2036 0 701 0.0
1578 0 2010 0 739 0.0
1612 0 2037 0 757 0.0
1666 0 2143 0 712 0.0
1654 0 2064 0 752 0.0
1671 0 2140 0 752 0.0
