768 22 1025 37 344 0.0278481012658
780 45 1043 60 354 0.0545454545455
803 54 942 55 337 0.0630105017503
785 57 1002 64 357 0.0676959619952
765 62 990 75 341 0.0749697702539
767 52 1008 50 346 0.0634920634921
807 47 994 49 366 0.0550351288056
767 32 1058 43 371 0.0400500625782
769 28 1058 31 353 0.0351317440402
800 23 1072 32 337 0.0279465370595
827 25 992 14 348 0.0293427230047
813 22 1023 16 400 0.0263473053892
818 19 1109 11 334 0.0227001194743
847 19 1063 11 350 0.0219399538106
818 17 1045 9 387 0.0203592814371
778 19 1056 5 341 0.0238393977415
823 15 986 10 374 0.0178997613365
803 16 1029 8 374 0.019536019536
804 9 1001 6 353 0.0110701107011
791 5 1002 8 404 0.00628140703518
771 5 1095 6 362 0.00644329896907
786 8 1056 5 369 0.0100755667506
836 3 1077 6 346 0.00357568533969
829 3 1039 2 405 0.00360576923077
827 1 1033 1 378 0.0012077294686
827 0 1060 0 357 0.0
785 0 1054 0 356 0.0
849 0 1039 0 348 0.0
839 0 1002 0 394 0.0
845 0 1020 0 355 0.0
807 0 1031 0 387 0.0
826 0 1037 0 411 0.0
843 0 1157 0 399 0.0
845 0 1181 0 365 0.0
861 0 1148 0 371 0.0
892 0 1130 0 413 0.0
860 0 1216 0 402 0.0
860 0 1195 0 380 0.0
890 0 1150 0 385 0.0
908 0 1132 0 391 0.0
911 0 1102 0 381 0.0
876 0 1122 0 396 0.0
862 0 1197 0 389 0.0
868 0 1177 0 369 0.0
880 0 1100 0 372 0.0
864 0 1018 0 391 0.0
821 0 1070 0 373 0.0
790 0 1034 0 366 0.0
797 0 1064 0 367 0.0
841 0 1083 0 359 0.0
856 0 1100 0 335 0.0
884 0 1072 0 399 0.0
905 0 1054 0 388 0.0
869 0 1088 0 400 0.0
910 0 1100 0 374 0.0
849 0 1084 0 401 0.0
872 0 1053 0 349 0.0
837 0 1026 0 438 0.0
818 0 1137 0 404 0.0
882 0 1185 0 406 0.0
895 0 1158 0 366 0.0
881 0 1138 0 416 0.0
871 0 1152 0 381 0.0
886 0 1153 0 347 0.0
908 0 1040 0 409 0.0
880 0 1166 0 350 0.0
921 0 1139 0 389 0.0
867 0 1175 0 405 0.0
876 0 1153 0 407 0.0
910 0 1120 0 451 0.0
858 0 1199 0 373 0.0
891 0 1130 0 394 0.0
875 0 1111 0 362 0.0
827 0 1137 0 388 0.0
842 0 1082 0 402 0.0
846 0 1078 0 431 0.0
843 0 1115 0 388 0.0
905 0 1086 0 367 0.0
848 0 1077 0 393 0.0
842 0 1063 0 332 0.0
860 0 1086 0 374 0.0
883 0 1073 0 366 0.0
831 0 1093 0 397 0.0
820 0 1124 0 383 0.0
810 0 1071 0 367 0.0
854 0 1077 0 381 0.0
866 0 1107 0 419 0.0
916 0 1136 0 324 0.0
881 0 1112 0 378 0.0
870 0 1114 0 362 0.0
876 0 1056 0 394 0.0
861 0 1149 0 389 0.0
881 0 1230 0 370 0.0
938 0 1171 0 385 0.0
960 0 1155 0 400 0.0
929 0 1195 0 407 0.0
906 0 1210 0 392 0.0
847 0 1188 0 390 0.0
890 0 1120 0 342 0.0
896 0 1084 0 407 0.0
845 0 1101 0 372 0.0
843 0 1058 0 417 0.0
849 0 1084 0 422 0.0
867 0 1113 0 392 0.0
866 0 1122 0 396 0.0
905 0 1151 0 375 0.0
916 0 1148 0 381 0.0
894 0 1139 0 374 0.0
880 0 1120 0 399 0.0
867 0 1077 0 381 0.0
866 0 1108 0 371 0.0
806 0 1089 0 392 0.0
821 0 1054 0 392 0.0
822 0 1087 0 395 0.0
861 0 1033 0 358 0.0
882 0 1059 0 389 0.0
858 0 1122 0 402 0.0
883 0 1061 0 401 0.0
930 0 1084 0 358 0.0
923 0 1101 0 399 0.0
883 0 1199 0 435 0.0
913 0 1241 0 425 0.0
902 0 1259 0 380 0.0
991 0 1224 0 404 0.0
988 0 1218 0 448 0.0
1007 0 1230 0 470 0.0
1055 0 1251 0 459 0.0
1008 0 1292 0 446 0.0
1007 0 1271 0 416 0.0
1007 0 1276 0 435 0.0
963 0 1259 0 435 0.0
931 0 1215 0 388 0.0
945 0 1204 0 407 0.0
932 0 1245 0 392 0.0
901 0 1216 0 433 0.0
916 0 1162 0 402 0.0
900 0 1146 0 418 0.0
904 0 1094 0 343 0.0
906 0 1082 0 408 0.0
882 0 1144 0 414 0.0
902 0 1183 0 397 0.0
891 0 1134 0 381 0.0
868 0 1087 0 392 0.0
856 0 1089 0 407 0.0
856 0 1139 0 396 0.0
824 0 1147 0 349 0.0
881 0 1020 0 328 0.0
831 0 1051 0 399 0.0
837 0 1049 0 362 0.0
816 0 1003 0 363 0.0
798 0 1012 0 338 0.0
805 0 989 0 364 0.0
776 0 993 0 358 0.0
826 0 955 0 356 0.0
777 0 1042 0 363 0.0
789 0 1048 0 358 0.0
759 0 1040 0 377 0.0
838 0 1090 0 329 0.0
856 0 1027 0 399 0.0
810 0 1072 0 390 0.0
801 0 1115 0 359 0.0
802 0 1119 0 341 0.0
820 0 1038 0 391 0.0
823 0 1047 0 344 0.0
845 0 1033 0 390 0.0
840 0 1089 0 379 0.0
842 0 1071 0 392 0.0
824 0 1107 0 381 0.0
814 0 1069 0 385 0.0
805 0 1069 0 346 0.0
873 0 1061 0 383 0.0
845 0 1069 0 400 0.0
896 0 1065 0 320 0.0
870 0 1056 0 382 0.0
852 0 1104 0 390 0.0
866 0 1136 0 352 0.0
832 0 1066 0 369 0.0
833 0 1043 0 393 0.0
828 0 1071 0 386 0.0
846 0 1136 0 378 0.0
863 0 1048 0 427 0.0
824 0 1118 0 410 0.0
866 0 1153 0 363 0.0
833 0 1077 0 363 0.0
810 0 1036 0 375 0.0
795 0 1035 0 373 0.0
790 0 1025 0 361 0.0
758 0 1079 0 391 0.0
789 0 1058 0 354 0.0
827 0 997 0 332 0.0
795 0 995 0 396 0.0
807 0 1025 0 375 0.0
834 0 1054 0 363 0.0
854 0 1065 0 383 0.0
834 0 1057 0 374 0.0
832 0 1047 0 391 0.0
788 0 1022 0 378 0.0
796 0 1077 0 371 0.0
772 0 1063 0 395 0.0
821 0 1081 0 359 0.0
845 0 1043 0 344 0.0
798 0 1035 0 400 0.0
815 0 1061 0 388 0.0
775 0 1064 0 373 0.0
756 0 992 0 370 0.0
743 0 1000 0 338 0.0
764 0 983 0 364 0.0
750 0 969 0 338 0.0
729 0 972 0 445 0.0
762 0 1064 0 337 0.0
744 0 1014 0 376 0.0
745 0 1026 0 350 0.0
785 0 1001 0 326 0.0
760 0 939 0 404 0.0
761 0 1032 0 354 0.0
765 0 970 0 351 0.0
787 0 991 0 340 0.0
802 0 1021 0 344 0.0
789 0 1020 0 355 0.0
797 0 1013 0 338 0.0
771 0 1033 0 327 0.0
737 0 999 0 350 0.0
727 0 992 0 371 0.0
723 0 1028 0 364 0.0
754 0 973 0 367 0.0
761 0 1006 0 353 0.0
771 0 1020 0 336 0.0
734 0 1043 0 355 0.0
796 0 954 0 346 0.0
819 0 962 0 388 0.0
766 0 1032 0 387 0.0
763 0 1061 0 355 0.0
786 0 1050 0 323 0.0
716 0 1018 0 328 0.0
759 0 984 0 317 0.0
751 0 1005 0 345 0.0
787 0 972 0 358 0.0
790 0 958 0 338 0.0
793 0 1015 0 346 0.0
790 0 977 0 367 0.0
786 0 993 0 375 0.0
816 0 1040 0 349 0.0
866 0 1060 0 363 0.0
850 0 1021 0 368 0.0
811 0 1046 0 380 0.0
816 0 1039 0 340 0.0
804 0 1074 0 371 0.0
803 0 992 0 339 0.0
801 0 992 0 325 0.0
748 0 1038 0 394 0.0
762 0 1104 0 326 0.0
783 0 1025 0 324 0.0
778 0 1004 0 366 0.0
782 0 1064 0 364 0.0
811 0 1006 0 337 0.0
784 0 1010 0 341 0.0
773 0 1030 0 395 0.0
790 0 1007 0 326 0.0
809 0 945 0 368 0.0
760 0 1011 0 349 0.0
748 0 985 0 313 0.0
728 0 947 0 347 0.0
746 0 946 0 331 0.0
730 0 936 0 315 0.0
722 0 916 0 309 0.0
719 0 931 0 277 0.0
696 0 896 0 305 0.0
717 0 948 0 336 0.0
706 0 930 0 335 0.0
707 0 904 0 298 0.0
682 0 947 0 333 0.0
751 0 950 0 316 0.0
781 0 896 0 324 0.0
753 0 949 0 336 0.0
762 0 922 0 334 0.0
701 0 968 0 315 0.0
729 0 901 0 320 0.0
715 0 881 0 351 0.0
692 0 910 0 327 0.0
695 0 871 0 309 0.0
661 0 881 0 326 0.0
670 0 856 0 307 0.0
685 0 829 0 299 0.0
658 0 862 0 292 0.0
655 0 877 0 277 0.0
689 0 839 0 301 0.0
702 0 834 0 333 0.0
687 0 883 0 345 0.0
696 0 956 0 355 0.0
727 0 945 0 305 0.0
694 0 931 0 343 0.0
735 0 959 0 295 0.0
751 0 954 0 303 0.0
740 0 934 0 346 0.0
739 0 951 0 347 0.0
699 0 1011 0 341 0.0
739 0 961 0 312 0.0
745 0 954 0 330 0.0
788 0 951 0 329 0.0
823 0 934 0 350 0.0
716 0 980 0 394 0.0
712 0 1005 0 297 0.0
680 0 909 0 326 0.0
729 0 994 0 327 0.0
736 0 971 0 359 0.0
755 0 973 0 329 0.0
757 0 1004 0 345 0.0
773 0 961 0 322 0.0
769 0 991 0 351 0.0
779 0 1003 0 354 0.0
787 0 957 0 362 0.0
771 0 942 0 363 0.0
750 0 916 0 361 0.0
718 0 981 0 354 0.0
723 0 1030 0 320 0.0
751 0 1009 0 306 0.0
744 0 964 0 330 0.0
727 0 917 0 338 0.0
741 0 957 0 346 0.0
742 0 996 0 329 0.0
704 0 973 0 373 0.0
753 0 959 0 361 0.0
795 0 973 0 300 0.0
753 0 960 0 386 0.0
786 0 959 0 356 0.0
829 0 955 0 335 0.0
816 0 1014 0 381 0.0
822 0 1055 0 385 0.0
827 0 1093 0 367 0.0
891 0 1052 0 375 0.0
836 0 1038 0 383 0.0
859 0 1039 0 347 0.0
841 0 1074 0 393 0.0
890 0 1100 0 324 0.0
844 0 1065 0 379 0.0
839 0 1056 0 363 0.0
841 0 1101 0 350 0.0
803 0 1095 0 362 0.0
828 0 1047 0 345 0.0
805 0 992 0 363 0.0
842 0 1054 0 306 0.0
805 0 970 0 386 0.0
775 0 1063 0 357 0.0
807 0 1049 0 389 0.0
839 0 1040 0 312 0.0
811 0 999 0 383 0.0
769 0 1030 0 402 0.0
809 0 1068 0 372 0.0
822 0 1022 0 323 0.0
808 0 1024 0 335 0.0
741 0 1043 0 367 0.0
756 0 1023 0 329 0.0
785 0 993 0 291 0.0
748 0 951 0 336 0.0
741 0 958 0 347 0.0
751 0 1005 0 318 0.0
727 0 1004 0 325 0.0
752 0 965 0 347 0.0
780 0 972 0 354 0.0
776 0 1006 0 311 0.0
791 0 958 0 321 0.0
771 0 924 0 324 0.0
707 0 967 0 365 0.0
760 0 924 0 333 0.0
754 0 957 0 343 0.0
755 0 940 0 343 0.0
736 0 923 0 320 0.0
724 0 899 0 339 0.0
691 0 973 0 341 0.0
704 0 956 0 330 0.0
734 0 917 0 294 0.0
719 0 858 0 295 0.0
702 0 840 0 340 0.0
664 0 884 0 335 0.0
662 0 889 0 299 0.0
661 0 873 0 338 0.0
671 0 918 0 323 0.0
682 0 856 0 297 0.0
665 0 900 0 336 0.0
668 0 901 0 320 0.0
719 0 945 0 345 0.0
697 0 1039 0 323 0.0
748 0 937 0 345 0.0
784 0 943 0 358 0.0
743 0 984 0 389 0.0
777 0 970 0 335 0.0
764 0 942 0 342 0.0
733 0 937 0 315 0.0
772 0 920 0 303 0.0
745 0 933 0 346 0.0
714 0 931 0 323 0.0
750 0 899 0 351 0.0
731 0 941 0 338 0.0
724 0 972 0 317 0.0
676 0 973 0 325 0.0
697 0 972 0 297 0.0
696 0 953 0 312 0.0
671 0 922 0 332 0.0
678 0 880 0 331 0.0
662 0 910 0 321 0.0
697 0 912 0 332 0.0
653 0 908 0 349 0.0
683 0 977 0 307 0.0
701 0 903 0 331 0.0
725 0 966 0 332 0.0
720 0 936 0 347 0.0
740 0 953 0 322 0.0
714 0 925 0 340 0.0
698 0 945 0 381 0.0
725 0 1028 0 306 0.0
758 0 998 0 330 0.0
788 0 956 0 321 0.0
714 0 996 0 382 0.0
719 0 1022 0 328 0.0
772 0 948 0 313 0.0
753 0 912 0 369 0.0
752 0 945 0 342 0.0
786 0 942 0 363 0.0
802 0 949 0 335 0.0
786 0 987 0 345 0.0
796 0 994 0 356 0.0
784 0 983 0 339 0.0
790 0 988 0 402 0.0
800 0 1032 0 411 0.0
820 0 1097 0 368 0.0
786 0 1072 0 391 0.0
839 0 1113 0 374 0.0
899 0 1052 0 368 0.0
869 0 1085 0 401 0.0
857 0 1074 0 359 0.0
830 0 1076 0 369 0.0
843 0 1045 0 378 0.0
785 0 1087 0 369 0.0
787 0 1027 0 345 0.0
799 0 1010 0 363 0.0
785 0 993 0 362 0.0
744 0 1044 0 362 0.0
771 0 1011 0 332 0.0
769 0 998 0 360 0.0
783 0 1004 0 330 0.0
756 0 963 0 377 0.0
768 0 941 0 337 0.0
727 0 1002 0 346 0.0
759 0 984 0 309 0.0
757 0 951 0 343 0.0
697 0 1012 0 359 0.0
742 0 998 0 352 0.0
786 0 1011 0 320 0.0
815 0 1014 0 349 0.0
803 0 1037 0 370 0.0
734 0 1054 0 359 0.0
766 0 1042 0 351 0.0
793 0 1021 0 358 0.0
789 0 1099 0 380 0.0
825 0 1070 0 318 0.0
814 0 1002 0 351 0.0
772 0 1006 0 341 0.0
790 0 963 0 358 0.0
804 0 979 0 356 0.0
780 0 949 0 386 0.0
768 0 969 0 352 0.0
788 0 1036 0 320 0.0
796 0 994 0 315 0.0
800 0 955 0 392 0.0
833 0 1066 0 378 0.0
788 0 1074 0 386 0.0
799 0 1028 0 349 0.0
783 0 970 0 338 0.0
752 0 951 0 345 0.0
773 0 961 0 353 0.0
829 0 990 0 347 0.0
799 0 1026 0 393 0.0
753 0 1057 0 359 0.0
745 0 1071 0 321 0.0
832 0 1012 0 335 0.0
819 0 1024 0 383 0.0
822 0 1079 0 351 0.0
804 0 1040 0 357 0.0
801 0 1030 0 314 0.0
818 0 1038 0 388 0.0
801 0 1119 0 337 0.0
871 0 1054 0 293 0.0
781 0 987 0 412 0.0
794 0 1041 0 340 0.0
847 0 1023 0 333 0.0
849 0 1047 0 363 0.0
814 0 1103 0 370 0.0
811 0 1055 0 371 0.0
837 0 1004 0 359 0.0
808 0 1057 0 348 0.0
801 0 1067 0 332 0.0
765 0 1060 0 322 0.0
785 0 976 0 379 0.0
766 0 1048 0 375 0.0
766 0 1063 0 356 0.0
831 0 1028 0 327 0.0
825 0 1009 0 379 0.0
807 0 1050 0 368 0.0
788 0 1008 0 386 0.0
806 0 1007 0 356 0.0
803 0 970 0 384 0.0
812 0 1093 0 359 0.0
836 0 1080 0 336 0.0
862 0 1078 0 369 0.0
874 0 1104 0 390 0.0
875 0 1159 0 375 0.0
872 0 1118 0 377 0.0
885 0 1060 0 400 0.0
919 0 1095 0 404 0.0
896 0 1087 0 372 0.0
881 0 1042 0 390 0.0
856 0 1051 0 374 0.0
840 0 1064 0 405 0.0
807 0 1082 0 375 0.0
830 0 1061 0 332 0.0
776 0 1002 0 373 0.0
741 0 1069 0 349 0.0
784 0 1078 0 339 0.0
833 0 1061 0 371 0.0
870 0 1020 0 382 0.0
881 0 1088 0 337 0.0
865 0 1082 0 368 0.0
845 0 1140 0 356 0.0
854 0 1064 0 356 0.0
812 0 1053 0 402 0.0
827 0 1120 0 385 0.0
827 0 1035 0 315 0.0
785 0 989 0 343 0.0
813 0 979 0 345 0.0
786 0 969 0 353 0.0
780 0 1047 0 348 0.0
749 0 1003 0 349 0.0
825 0 1016 0 299 0.0
803 0 953 0 404 0.0
811 0 960 0 331 0.0
745 0 940 0 391 0.0
779 0 963 0 340 0.0
757 0 1027 0 342 0.0
725 0 1060 0 336 0.0
730 0 990 0 321 0.0
741 0 944 0 310 0.0
773 0 932 0 316 0.0
716 0 939 0 315 0.0
704 0 841 0 317 0.0
718 0 868 0 313 0.0
717 0 896 0 308 0.0
688 0 913 0 353 0.0
671 0 912 0 338 0.0
701 0 923 0 353 0.0
722 0 946 0 321 0.0
731 0 924 0 316 0.0
685 0 888 0 334 0.0
707 0 891 0 294 0.0
662 0 884 0 332 0.0
647 0 848 0 316 0.0
625 0 876 0 320 0.0
690 0 877 0 282 0.0
653 0 883 0 323 0.0
711 0 882 0 306 0.0
705 0 846 0 327 0.0
675 0 864 0 318 0.0
685 0 829 0 300 0.0
645 0 891 0 304 0.0
640 0 900 0 316 0.0
673 0 844 0 285 0.0
669 0 783 0 308 0.0
664 0 803 0 323 0.0
692 0 851 0 317 0.0
705 0 826 0 328 0.0
677 0 864 0 315 0.0
706 0 837 0 308 0.0
693 0 833 0 339 0.0
642 0 957 0 325 0.0
674 0 942 0 330 0.0
682 0 888 0 322 0.0
673 0 903 0 295 0.0
644 0 916 0 327 0.0
651 0 908 0 273 0.0
693 0 890 0 291 0.0
715 0 906 0 314 0.0
702 0 953 0 330 0.0
704 0 894 0 332 0.0
702 0 884 0 328 0.0
724 0 916 0 324 0.0
715 0 936 0 321 0.0
755 0 933 0 356 0.0
738 0 976 0 325 0.0
762 0 1003 0 318 0.0
767 0 949 0 351 0.0
724 0 1008 0 374 0.0
799 0 1048 0 316 0.0
746 0 991 0 337 0.0
777 0 1006 0 342 0.0
774 0 969 0 303 0.0
770 0 968 0 315 0.0
746 0 910 0 356 0.0
723 0 942 0 295 0.0
694 0 882 0 327 0.0
755 0 892 0 293 0.0
729 0 875 0 366 0.0
730 0 941 0 372 0.0
664 0 968 0 291 0.0
723 0 922 0 321 0.0
698 0 902 0 343 0.0
723 0 907 0 330 0.0
767 0 898 0 322 0.0
711 0 933 0 319 0.0
706 0 859 0 335 0.0
708 0 928 0 356 0.0
741 0 942 0 290 0.0
778 0 876 0 343 0.0
744 0 994 0 350 0.0
747 0 981 0 327 0.0
717 0 922 0 358 0.0
750 0 928 0 340 0.0
755 0 1037 0 390 0.0
773 0 1018 0 327 0.0
827 0 1029 0 328 0.0
847 0 1100 0 415 0.0
803 0 1157 0 358 0.0
891 0 1078 0 325 0.0
875 0 1052 0 417 0.0
895 0 1215 0 388 0.0
934 0 1188 0 365 0.0
884 0 1168 0 397 0.0
843 0 1176 0 363 0.0
866 0 1178 0 337 0.0
874 0 1090 0 346 0.0
879 0 1037 0 387 0.0
794 0 1051 0 406 0.0
834 0 1132 0 390 0.0
875 0 1125 0 379 0.0
905 0 1075 0 355 0.0
844 0 1145 0 420 0.0
845 0 1158 0 356 0.0
806 0 1165 0 382 0.0
865 0 1143 0 366 0.0
881 0 1077 0 409 0.0
857 0 1070 0 402 0.0
867 0 1073 0 396 0.0
870 0 1041 0 391 0.0
834 0 1119 0 395 0.0
862 0 1108 0 376 0.0
884 0 1097 0 413 0.0
877 0 1104 0 389 0.0
841 0 1093 0 395 0.0
840 0 1127 0 396 0.0
837 0 1074 0 381 0.0
852 0 1068 0 414 0.0
800 0 1072 0 387 0.0
801 0 1039 0 374 0.0
753 0 1050 0 355 0.0
842 0 1010 0 331 0.0
810 0 1029 0 386 0.0
817 0 1049 0 327 0.0
806 0 1002 0 407 0.0
772 0 1081 0 354 0.0
807 0 1019 0 361 0.0
802 0 939 0 376 0.0
759 0 983 0 366 0.0
757 0 1042 0 355 0.0
809 0 999 0 344 0.0
757 0 999 0 378 0.0
782 0 1066 0 407 0.0
836 0 1049 0 363 0.0
827 0 1047 0 361 0.0
778 0 1055 0 342 0.0
765 0 1034 0 363 0.0
792 0 990 0 334 0.0
829 0 982 0 348 0.0
785 0 1023 0 380 0.0
781 0 1049 0 353 0.0
780 0 1038 0 342 0.0
756 0 982 0 321 0.0
771 0 951 0 354 0.0
722 0 997 0 362 0.0
735 0 988 0 332 0.0
751 0 1037 0 360 0.0
722 0 1062 0 325 0.0
723 0 966 0 352 0.0
755 0 941 0 328 0.0
755 0 935 0 353 0.0
757 0 961 0 336 0.0
742 0 996 0 372 0.0
742 0 1002 0 345 0.0
806 0 1010 0 388 0.0
788 0 1058 0 370 0.0
779 0 1072 0 355 0.0
809 0 1054 0 374 0.0
818 0 1103 0 368 0.0
832 0 1082 0 373 0.0
882 0 1031 0 371 0.0
885 0 1081 0 417 0.0
873 0 1107 0 350 0.0
901 0 1120 0 371 0.0
899 0 1094 0 432 0.0
878 0 1148 0 387 0.0
885 0 1083 0 395 0.0
877 0 1084 0 400 0.0
869 0 1118 0 359 0.0
840 0 1079 0 424 0.0
851 0 1135 0 381 0.0
847 0 1102 0 387 0.0
895 0 1063 0 371 0.0
852 0 1105 0 397 0.0
913 0 1122 0 388 0.0
901 0 1094 0 390 0.0
839 0 1154 0 400 0.0
883 0 1139 0 363 0.0
867 0 1103 0 347 0.0
875 0 1017 0 362 0.0
833 0 1038 0 358 0.0
802 0 1049 0 388 0.0
827 0 1070 0 360 0.0
836 0 1043 0 353 0.0
855 0 1042 0 401 0.0
888 0 1038 0 357 0.0
877 0 1010 0 382 0.0
866 0 990 0 357 0.0
854 0 1020 0 366 0.0
851 0 1098 0 388 0.0
863 0 1122 0 337 0.0
856 0 1132 0 368 0.0
858 0 1066 0 352 0.0
853 0 1085 0 376 0.0
841 0 1106 0 387 0.0
847 0 1065 0 360 0.0
833 0 1001 0 367 0.0
804 0 1028 0 331 0.0
812 0 1016 0 361 0.0
804 0 1017 0 367 0.0
843 0 1027 0 369 0.0
781 0 1028 0 370 0.0
800 0 1027 0 368 0.0
778 0 996 0 376 0.0
770 0 993 0 349 0.0
783 0 1024 0 362 0.0
761 0 1030 0 350 0.0
755 0 1009 0 344 0.0
739 0 1021 0 300 0.0
730 0 1002 0 349 0.0
752 0 1015 0 350 0.0
742 0 1007 0 348 0.0
735 0 955 0 319 0.0
708 0 911 0 348 0.0
749 0 946 0 329 0.0
799 0 898 0 324 0.0
772 0 958 0 375 0.0
798 0 1012 0 351 0.0
833 0 1016 0 356 0.0
826 0 987 0 346 0.0
837 0 976 0 341 0.0
799 0 1001 0 377 0.0
815 0 1093 0 359 0.0
907 0 1054 0 385 0.0
890 0 1084 0 403 0.0
860 0 1120 0 362 0.0
842 0 1099 0 361 0.0
853 0 1021 0 366 0.0
824 0 1014 0 374 0.0
771 0 1045 0 340 0.0
807 0 1004 0 364 0.0
780 0 1021 0 399 0.0
773 0 1059 0 358 0.0
758 0 1020 0 334 0.0
769 0 1058 0 390 0.0
814 0 1080 0 335 0.0
864 0 1023 0 391 0.0
874 0 1087 0 381 0.0
828 0 1125 0 358 0.0
849 0 1094 0 373 0.0
862 0 1048 0 390 0.0
853 0 1096 0 407 0.0
906 0 1158 0 376 0.0
894 0 1148 0 419 0.0
905 0 1171 0 373 0.0
914 0 1089 0 409 0.0
908 0 1150 0 372 0.0
877 0 1097 0 388 0.0
842 0 1163 0 391 0.0
921 0 1181 0 377 0.0
940 0 1206 0 356 0.0
909 0 1181 0 381 0.0
906 0 1165 0 381 0.0
859 0 1111 0 397 0.0
774 0 1085 0 397 0.0
825 0 1022 0 356 0.0
786 0 1058 0 381 0.0
828 0 1019 0 325 0.0
790 0 1044 0 366 0.0
815 0 1048 0 334 0.0
763 0 1021 0 393 0.0
748 0 1048 0 370 0.0
824 0 1034 0 352 0.0
864 0 1005 0 385 0.0
841 0 1081 0 390 0.0
851 0 1127 0 356 0.0
876 0 1034 0 363 0.0
880 0 1047 0 370 0.0
836 0 1111 0 344 0.0
830 0 1060 0 370 0.0
818 0 1075 0 370 0.0
788 0 1039 0 363 0.0
797 0 1037 0 338 0.0
773 0 1038 0 357 0.0
767 0 974 0 341 0.0
757 0 951 0 340 0.0
773 0 939 0 330 0.0
763 0 1017 0 371 0.0
849 0 1031 0 330 0.0
800 0 1032 0 391 0.0
799 0 1083 0 345 0.0
856 0 1042 0 332 0.0
862 0 1073 0 397 0.0
799 0 1087 0 400 0.0
833 0 1095 0 312 0.0
875 0 1098 0 410 0.0
843 0 1078 0 431 0.0
881 0 1117 0 405 0.0
852 0 1157 0 381 0.0
860 0 1161 0 366 0.0
892 0 1116 0 346 0.0
857 0 1065 0 370 0.0
922 0 1138 0 404 0.0
908 0 1182 0 398 0.0
887 0 1155 0 394 0.0
871 0 1122 0 422 0.0
892 0 1164 0 385 0.0
916 0 1148 0 380 0.0
920 0 1181 0 377 0.0
918 0 1198 0 398 0.0
926 0 1188 0 401 0.0
947 0 1211 0 428 0.0
935 0 1201 0 393 0.0
915 0 1190 0 420 0.0
939 0 1178 0 414 0.0
965 0 1159 0 425 0.0
955 0 1169 0 441 0.0
930 0 1241 0 400 0.0
918 0 1279 0 429 0.0
948 0 1248 0 395 0.0
972 0 1216 0 422 0.0
970 0 1200 0 453 0.0
960 0 1255 0 432 0.0
979 0 1247 0 401 0.0
990 0 1184 0 400 0.0
997 0 1153 0 438 0.0
924 0 1147 0 453 0.0
878 0 1239 0 416 0.0
939 0 1201 0 390 0.0
910 0 1259 0 417 0.0
955 0 1221 0 398 0.0
956 0 1196 0 433 0.0
942 0 1186 0 400 0.0
966 0 1231 0 450 0.0
945 0 1229 0 432 0.0
933 0 1210 0 438 0.0
938 0 1225 0 428 0.0
964 0 1220 0 380 0.0
947 0 1156 0 429 0.0
930 0 1180 0 397 0.0
948 0 1161 0 435 0.0
959 0 1223 0 441 0.0
970 0 1225 0 451 0.0
952 0 1238 0 437 0.0
951 0 1212 0 403 0.0
923 0 1148 0 381 0.0
945 0 1166 0 466 0.0
950 0 1202 0 404 0.0
885 0 1230 0 412 0.0
929 0 1231 0 400 0.0
940 0 1169 0 431 0.0
893 0 1171 0 448 0.0
917 0 1159 0 380 0.0
892 0 1093 0 388 0.0
906 0 1008 0 430 0.0
886 0 1159 0 420 0.0
930 0 1154 0 438 0.0
911 0 1239 0 422 0.0
877 0 1201 0 375 0.0
877 0 1166 0 388 0.0
896 0 1155 0 395 0.0
889 0 1148 0 419 0.0
885 0 1152 0 418 0.0
946 0 1241 0 416 0.0
976 0 1166 0 452 0.0
942 0 1206 0 435 0.0
959 0 1218 0 448 0.0
944 0 1281 0 436 0.0
923 0 1226 0 423 0.0
885 0 1223 0 403 0.0
911 0 1161 0 366 0.0
881 0 1116 0 417 0.0
866 0 1213 0 396 0.0
860 0 1213 0 355 0.0
937 0 1125 0 367 0.0
933 0 1145 0 436 0.0
910 0 1189 0 420 0.0
964 0 1172 0 359 0.0
961 0 1140 0 451 0.0
942 0 1176 0 363 0.0
949 0 1145 0 401 0.0
947 0 1198 0 415 0.0
932 0 1160 0 415 0.0
963 0 1170 0 383 0.0
939 0 1160 0 390 0.0
910 0 1192 0 418 0.0
914 0 1163 0 402 0.0
966 0 1175 0 431 0.0
958 0 1224 0 428 0.0
1013 0 1162 0 422 0.0
993 0 1168 0 422 0.0
1007 0 1210 0 397 0.0
956 0 1218 0 441 0.0
958 0 1267 0 384 0.0
944 0 1143 0 406 0.0
880 0 1116 0 406 0.0
893 0 1166 0 392 0.0
889 0 1126 0 384 0.0
839 0 1120 0 403 0.0
883 0 1111 0 377 0.0
845 0 986 0 356 0.0
870 0 1044 0 374 0.0
870 0 1068 0 383 0.0
902 0 1032 0 377 0.0
896 0 1028 0 397 0.0
875 0 1116 0 408 0.0
819 0 1060 0 383 0.0
897 0 1122 0 364 0.0
879 0 1113 0 432 0.0
925 0 1085 0 409 0.0
939 0 1154 0 379 0.0
912 0 1146 0 400 0.0
917 0 1098 0 414 0.0
929 0 1140 0 398 0.0
877 0 1136 0 390 0.0
883 0 1151 0 379 0.0
886 0 1160 0 387 0.0
902 0 1149 0 396 0.0
888 0 1180 0 381 0.0
844 0 1143 0 377 0.0
826 0 1117 0 362 0.0
880 0 1102 0 325 0.0
915 0 1068 0 360 0.0
897 0 1030 0 409 0.0
907 0 1127 0 347 0.0
921 0 1136 0 395 0.0
901 0 1165 0 390 0.0
854 0 1077 0 355 0.0
895 0 1025 0 354 0.0
870 0 1042 0 430 0.0
855 0 1152 0 353 0.0
867 0 1142 0 385 0.0
879 0 1132 0 379 0.0
864 0 1118 0 383 0.0
824 0 1134 0 381 0.0
837 0 1117 0 359 0.0
895 0 1111 0 339 0.0
866 0 1068 0 395 0.0
851 0 1148 0 429 0.0
876 0 1153 0 386 0.0
932 0 1147 0 393 0.0
905 0 1153 0 425 0.0
884 0 1197 0 415 0.0
886 0 1224 0 406 0.0
915 0 1224 0 388 0.0
941 0 1148 0 396 0.0
857 0 1132 0 439 0.0
886 0 1142 0 372 0.0
854 0 1110 0 384 0.0
829 0 1089 0 378 0.0
842 0 1055 0 414 0.0
882 0 1110 0 406 0.0
886 0 1126 0 407 0.0
866 0 1046 0 383 0.0
850 0 1060 0 413 0.0
845 0 1078 0 369 0.0
860 0 1084 0 380 0.0
796 0 1098 0 371 0.0
823 0 1072 0 391 0.0
