2249 285 2738 328 1003 0.112470402526
2129 362 2659 392 1048 0.145323163388
2088 395 2618 484 912 0.15908175594
1963 509 2466 513 977 0.205906148867
1796 539 2472 607 919 0.230835117773
1777 590 2208 748 809 0.249260667512
1754 673 2128 790 804 0.277297074578
1599 772 1957 823 806 0.325601012231
1485 814 1770 906 703 0.354066985646
1341 887 1644 940 742 0.398114901257
1187 911 1553 1028 642 0.43422306959
1111 923 1293 1022 632 0.453785644051
980 990 1229 1061 527 0.502538071066
886 1026 1120 1036 514 0.536610878661
865 1013 1020 1016 467 0.539403620873
764 980 941 972 451 0.561926605505
730 947 887 979 371 0.564698867024
668 968 739 886 433 0.591687041565
601 923 725 955 372 0.605643044619
527 921 694 890 344 0.636049723757
509 846 642 889 329 0.624354243542
512 773 632 712 297 0.601556420233
493 693 636 681 326 0.58431703204
482 660 627 637 310 0.577933450088
469 634 607 620 309 0.574796010879
442 565 579 566 281 0.561072492552
408 529 559 524 268 0.564567769477
395 554 508 501 256 0.583772391992
391 506 523 453 271 0.564102564103
389 520 514 429 250 0.572057205721
388 530 475 452 250 0.57734204793
390 459 491 382 274 0.540636042403
394 410 527 365 286 0.509950248756
397 380 520 375 281 0.48906048906
417 399 534 362 246 0.488970588235
390 379 519 346 287 0.492847854356
384 334 520 360 268 0.465181058496
351 327 551 314 257 0.482300884956
403 311 531 312 210 0.435574229692
390 308 531 294 268 0.441260744986
392 264 553 293 273 0.40243902439
348 246 545 252 222 0.414141414141
348 249 541 231 242 0.417085427136
365 267 511 239 269 0.42246835443
369 259 503 259 246 0.412420382166
352 221 499 233 272 0.385689354276
383 242 527 240 247 0.3872
405 232 552 231 256 0.36420722135
378 209 550 194 275 0.35604770017
383 185 538 173 230 0.325704225352
383 178 565 190 274 0.317290552585
393 212 533 186 233 0.35041322314
383 178 505 185 282 0.317290552585
401 172 562 199 248 0.30017452007
398 192 540 199 273 0.325423728814
432 188 563 176 283 0.303225806452
436 200 606 200 299 0.314465408805
437 200 594 208 287 0.313971742543
466 196 650 194 300 0.296072507553
494 195 625 197 326 0.283018867925
469 197 665 197 348 0.295795795796
481 209 666 213 327 0.302898550725
458 206 662 199 338 0.310240963855
526 207 712 241 332 0.282401091405
515 234 733 241 358 0.312416555407
533 217 754 241 393 0.289333333333
538 232 769 247 353 0.301298701299
508 229 703 278 374 0.310719131615
535 244 694 217 358 0.313222079589
502 209 714 244 371 0.293952180028
513 218 700 229 333 0.298221614227
519 206 661 233 322 0.284137931034
507 184 688 214 381 0.266280752533
523 198 744 211 355 0.274618585298
539 189 800 213 382 0.259615384615
565 214 811 231 375 0.274711168164
588 229 794 256 369 0.28029375765
557 234 787 208 351 0.29582806574
590 220 833 237 370 0.271604938272
599 213 840 256 368 0.262315270936
556 216 830 248 399 0.279792746114
571 235 861 248 335 0.291563275434
576 234 815 252 396 0.288888888889
557 228 829 271 377 0.290445859873
576 239 839 259 330 0.293251533742
559 232 782 254 366 0.293299620733
567 238 770 263 323 0.295652173913
552 250 732 251 385 0.311720698254
534 254 749 260 356 0.322335025381
556 278 747 263 286 0.333333333333
503 299 701 291 364 0.372817955112
507 291 705 305 316 0.364661654135
489 329 688 351 299 0.402200488998
474 304 611 303 336 0.390745501285
463 327 625 330 289 0.413924050633
442 339 571 317 297 0.434058898848
451 316 606 337 228 0.411994784876
483 314 541 303 257 0.393977415307
457 323 583 320 318 0.414102564103
458 306 593 302 276 0.400523560209
411 278 591 334 306 0.403483309144
397 287 597 302 291 0.419590643275
387 285 571 302 257 0.424107142857
376 279 531 308 274 0.425954198473
381 296 526 300 278 0.437223042836
381 258 539 308 270 0.403755868545
374 275 502 265 300 0.423728813559
378 293 547 269 256 0.436661698957
361 272 486 258 264 0.429699842022
351 263 502 288 269 0.428338762215
377 234 496 278 271 0.382978723404
379 224 591 240 285 0.371475953566
421 227 636 219 259 0.350308641975
434 205 636 249 275 0.320813771518
487 217 639 217 302 0.308238636364
480 219 643 220 299 0.31330472103
449 213 640 224 329 0.321752265861
459 238 659 218 303 0.341463414634
446 232 666 255 312 0.342182890855
478 249 656 211 283 0.34250343879
476 234 574 271 311 0.329577464789
460 280 649 246 312 0.378378378378
495 274 625 283 332 0.356306892068
485 268 636 292 355 0.355909694555
465 305 624 328 284 0.396103896104
476 315 593 336 333 0.398230088496
467 319 609 317 340 0.405852417303
497 298 596 310 332 0.374842767296
489 326 632 327 336 0.4
483 319 619 388 325 0.397755610973
483 308 650 369 305 0.389380530973
480 332 632 332 287 0.408866995074
448 314 615 328 307 0.412073490814
457 303 635 324 276 0.398684210526
451 297 611 312 291 0.397058823529
439 278 617 284 290 0.387726638773
440 288 627 276 282 0.395604395604
471 307 625 280 285 0.394601542416
465 303 618 250 336 0.39453125
484 308 659 254 302 0.388888888889
437 299 661 288 319 0.40625
478 334 632 276 276 0.411330049261
463 339 599 310 314 0.422693266833
458 340 599 342 326 0.426065162907
460 348 631 376 271 0.430693069307
471 374 622 342 285 0.442603550296
464 378 590 338 279 0.44893111639
451 363 584 355 329 0.445945945946
412 360 549 366 314 0.466321243523
398 351 563 331 273 0.468624833111
406 310 566 340 290 0.432960893855
407 316 550 305 291 0.437067773167
352 293 542 292 297 0.454263565891
353 260 535 297 246 0.424143556281
388 273 518 276 225 0.413010590015
405 282 540 249 262 0.410480349345
386 234 510 260 293 0.377419354839
386 247 543 259 247 0.390205371248
377 235 521 250 224 0.383986928105
349 234 489 254 216 0.401372212693
362 234 466 258 249 0.392617449664
367 248 496 251 228 0.40325203252
358 224 448 260 272 0.384879725086
349 252 483 244 247 0.419301164725
367 243 503 262 204 0.398360655738
346 243 442 262 229 0.412563667233
328 241 422 247 206 0.423550087873
328 240 407 236 220 0.422535211268
300 240 452 245 245 0.444444444444
304 221 465 230 222 0.420952380952
326 202 479 206 220 0.382575757576
332 201 466 183 224 0.377110694184
344 206 475 176 250 0.374545454545
391 186 469 172 239 0.322357019064
412 164 498 188 273 0.284722222222
399 185 543 146 302 0.316780821918
433 176 583 151 239 0.288998357964
453 134 536 171 303 0.228279386712
436 149 638 127 290 0.254700854701
455 137 642 152 280 0.231418918919
478 126 643 162 264 0.208609271523
521 150 668 146 343 0.223546944858
517 167 678 159 317 0.244152046784
547 190 734 200 350 0.257801899593
545 210 762 219 376 0.278145695364
602 234 788 263 327 0.27990430622
582 279 771 252 376 0.324041811847
589 284 752 291 352 0.325315005727
574 316 702 313 328 0.355056179775
572 350 695 329 328 0.379609544469
477 374 662 321 350 0.439482961222
479 360 619 374 321 0.429082240763
451 346 604 411 326 0.434127979925
424 339 604 365 262 0.444298820446
410 337 536 369 248 0.451137884873
395 334 497 333 273 0.458161865569
353 349 455 313 281 0.497150997151
364 351 456 348 217 0.490909090909
309 356 423 356 247 0.535338345865
311 333 478 313 213 0.517080745342
303 315 468 322 255 0.509708737864
321 350 459 294 218 0.521609538003
312 301 462 313 242 0.491027732463
323 277 477 278 241 0.461666666667
357 286 483 281 206 0.444790046656
368 277 458 304 233 0.429457364341
333 273 454 301 218 0.450495049505
335 288 449 277 228 0.46227929374
332 310 481 303 248 0.482866043614
302 297 450 315 239 0.495826377295
315 273 404 327 176 0.464285714286
322 272 372 292 240 0.457912457912
307 270 426 272 247 0.467937608319
313 297 462 260 229 0.486885245902
306 258 460 273 221 0.457446808511
325 250 463 250 205 0.434782608696
336 229 454 253 228 0.405309734513
326 246 472 194 234 0.43006993007
314 248 476 211 223 0.44128113879
332 239 488 199 240 0.418563922942
330 216 481 225 235 0.395604395604
334 202 511 227 229 0.376865671642
365 198 506 244 228 0.351687388988
398 231 505 213 231 0.367249602544
417 246 486 237 285 0.371040723982
399 261 503 233 267 0.395454545455
387 251 515 253 277 0.3934169279
331 247 548 280 258 0.427335640138
362 271 511 262 210 0.428120063191
339 255 465 270 248 0.429292929293
350 275 434 273 219 0.44
340 274 441 289 282 0.446254071661
327 302 461 281 241 0.48012718601
342 266 437 285 182 0.4375
314 258 397 269 247 0.451048951049
299 239 401 291 199 0.444237918216
295 247 411 259 225 0.455719557196
312 247 422 230 186 0.441860465116
310 243 380 232 190 0.439421338156
287 232 368 243 216 0.447013487476
257 230 398 224 205 0.47227926078
252 245 398 213 198 0.492957746479
242 223 400 207 179 0.479569892473
255 218 384 203 187 0.46088794926
250 186 397 186 184 0.426605504587
278 201 371 185 206 0.419624217119
292 208 398 207 223 0.416
278 216 408 214 213 0.437246963563
254 208 401 187 212 0.450216450216
268 206 393 196 191 0.434599156118
280 183 391 178 203 0.39524838013
284 189 422 185 217 0.399577167019
314 184 430 167 198 0.369477911647
334 184 437 149 252 0.355212355212
300 169 465 165 277 0.360341151386
330 178 519 142 214 0.350393700787
349 185 470 173 233 0.346441947566
335 185 540 160 255 0.355769230769
366 182 485 182 262 0.332116788321
364 186 491 194 290 0.338181818182
372 183 525 175 266 0.32972972973
369 188 514 206 264 0.337522441652
379 193 553 211 275 0.337412587413
386 179 531 203 266 0.316814159292
414 186 566 195 277 0.31
410 196 530 200 301 0.323432343234
401 200 587 194 274 0.332778702163
397 189 608 190 267 0.32252559727
423 206 582 196 267 0.327503974563
439 191 572 198 281 0.303174603175
431 179 565 192 308 0.293442622951
428 178 616 208 296 0.293729372937
449 180 647 236 294 0.286168521463
465 213 644 234 333 0.314159292035
495 223 664 273 303 0.310584958217
504 226 670 258 324 0.309589041096
522 212 729 250 323 0.288828337875
546 224 678 252 293 0.290909090909
498 237 690 251 355 0.322448979592
496 249 686 258 346 0.334228187919
476 293 675 257 310 0.381014304291
485 301 606 309 297 0.382951653944
494 327 577 288 299 0.398294762485
451 311 612 290 325 0.40813648294
437 282 612 307 248 0.392211404729
447 279 572 296 276 0.384297520661
459 287 524 284 280 0.38471849866
423 293 559 290 282 0.409217877095
405 275 548 310 290 0.404411764706
385 282 561 315 246 0.422788605697
359 271 532 306 245 0.430158730159
368 281 502 283 212 0.432973805855
381 275 426 269 253 0.419207317073
359 287 473 257 234 0.44427244582
347 284 448 274 230 0.450079239303
356 279 501 267 253 0.43937007874
348 278 541 277 232 0.444089456869
374 272 525 266 219 0.421052631579
389 247 483 257 232 0.388364779874
383 234 485 240 265 0.37925445705
366 240 513 260 255 0.39603960396
355 249 486 275 235 0.412251655629
383 273 469 274 241 0.416158536585
358 292 501 293 236 0.449230769231
339 329 522 276 276 0.49251497006
362 319 520 319 250 0.468428781204
344 347 467 332 241 0.502170767004
364 330 439 340 213 0.475504322767
330 325 418 302 254 0.496183206107
312 303 425 304 216 0.492682926829
292 306 442 312 208 0.511705685619
322 308 399 295 186 0.488888888889
301 334 394 270 192 0.525984251969
284 310 402 306 206 0.521885521886
300 296 372 278 194 0.496644295302
266 319 375 258 216 0.545299145299
286 301 368 277 171 0.512776831346
263 281 341 272 199 0.516544117647
268 241 410 258 174 0.47347740668
272 229 418 244 162 0.457085828343
271 215 390 197 196 0.442386831276
296 225 419 183 202 0.431861804223
272 182 462 203 216 0.400881057269
283 188 458 176 190 0.3991507431
314 178 442 186 197 0.361788617886
317 187 455 157 213 0.371031746032
343 177 451 180 209 0.340384615385
345 176 478 167 211 0.337811900192
360 160 499 168 202 0.307692307692
386 146 499 188 267 0.274436090226
389 172 588 168 245 0.306595365419
382 173 579 162 262 0.311711711712
411 179 597 168 222 0.303389830508
424 170 530 171 262 0.286195286195
396 177 560 187 274 0.30890052356
380 191 519 187 223 0.334500875657
379 171 467 188 245 0.310909090909
347 195 503 182 229 0.359778597786
336 177 486 216 250 0.345029239766
365 213 504 206 218 0.368512110727
354 203 517 198 234 0.364452423698
338 191 516 193 230 0.361058601134
333 208 498 198 218 0.384473197782
334 197 497 196 235 0.370998116761
327 189 504 200 231 0.366279069767
371 198 507 200 218 0.347978910369
351 190 481 195 244 0.351201478743
349 191 499 173 265 0.353703703704
365 178 509 185 211 0.327808471455
398 172 513 173 267 0.301754385965
383 156 500 188 227 0.289424860853
412 160 511 178 236 0.27972027972
384 173 496 198 277 0.310592459605
392 173 528 200 284 0.306194690265
371 172 567 233 257 0.316758747698
380 191 555 196 233 0.334500875657
408 222 547 189 250 0.352380952381
420 245 551 218 266 0.368421052632
438 214 578 235 261 0.328220858896
448 242 508 214 273 0.350724637681
428 249 548 237 262 0.367799113737
395 286 518 253 271 0.419970631424
395 257 484 288 218 0.394171779141
393 246 479 288 263 0.384976525822
369 242 532 260 228 0.396072013093
400 224 478 244 249 0.358974358974
353 213 512 245 291 0.376325088339
379 192 495 248 232 0.336252189142
382 201 508 201 250 0.344768439108
351 230 559 201 247 0.39586919105
374 211 499 230 242 0.360683760684
389 230 476 217 237 0.371567043619
404 215 494 209 265 0.347334410339
426 232 518 217 281 0.352583586626
385 227 533 229 323 0.37091503268
370 234 560 295 262 0.387417218543
405 241 512 293 255 0.37306501548
376 251 512 287 285 0.400318979266
416 275 542 277 236 0.397973950796
414 244 510 276 286 0.370820668693
398 246 520 245 252 0.38198757764
361 266 515 251 241 0.424242424242
385 216 488 253 228 0.359400998336
368 244 531 238 264 0.398692810458
342 244 507 257 266 0.41638225256
362 248 522 234 248 0.406557377049
378 232 510 230 245 0.380327868852
374 247 495 228 239 0.397745571659
358 225 492 230 245 0.385934819897
348 248 510 202 242 0.41610738255
331 249 480 236 233 0.429310344828
302 259 495 238 204 0.461675579323
338 278 490 264 221 0.451298701299
342 250 471 266 217 0.422297297297
347 267 420 222 226 0.434853420195
345 250 459 271 259 0.420168067227
348 267 516 249 196 0.434146341463
358 284 489 275 224 0.442367601246
349 279 497 289 241 0.444267515924
364 254 508 273 214 0.411003236246
380 256 459 271 227 0.40251572327
360 232 482 273 214 0.391891891892
356 231 468 259 236 0.393526405451
383 243 468 250 206 0.388178913738
367 220 432 258 266 0.374787052811
379 232 487 267 250 0.379705400982
408 222 523 236 243 0.352380952381
420 255 528 263 262 0.377777777778
367 227 531 263 284 0.382154882155
333 213 521 281 258 0.39010989011
353 242 501 276 224 0.406722689076
353 268 439 262 205 0.431561996779
314 212 424 268 237 0.403041825095
302 223 478 225 222 0.424761904762
313 222 440 234 211 0.414953271028
353 211 419 212 190 0.374113475177
350 211 422 211 276 0.376114081996
323 217 474 208 223 0.401851851852
294 224 462 240 201 0.432432432432
283 242 448 212 213 0.460952380952
292 239 429 223 188 0.450094161959
288 243 406 219 193 0.457627118644
293 239 367 241 183 0.449248120301
285 218 374 225 189 0.433399602386
272 264 355 233 208 0.492537313433
236 260 376 247 196 0.524193548387
236 247 380 233 168 0.511387163561
247 212 351 221 160 0.461873638344
240 186 331 190 183 0.43661971831
236 194 306 177 181 0.451162790698
237 160 317 173 192 0.403022670025
226 177 301 145 181 0.439205955335
238 155 342 183 185 0.394402035623
237 158 378 168 198 0.4
243 157 402 160 162 0.3925
261 143 374 149 194 0.35396039604
246 122 389 145 205 0.33152173913
255 120 409 129 194 0.32
265 115 408 110 187 0.302631578947
290 118 365 110 197 0.289215686275
310 110 401 130 228 0.261904761905
320 119 459 135 252 0.271070615034
313 130 529 145 246 0.293453724605
359 161 522 163 214 0.309615384615
359 167 484 163 276 0.317490494297
337 174 554 186 254 0.340508806262
369 180 550 195 221 0.327868852459
354 199 502 195 243 0.359855334539
377 212 489 207 264 0.359932088285
341 190 475 199 238 0.357815442561
333 215 454 207 253 0.392335766423
334 223 432 230 256 0.400359066427
302 242 457 213 251 0.444852941176
322 236 462 219 196 0.4229390681
346 232 423 215 219 0.401384083045
319 245 443 215 213 0.434397163121
326 213 414 209 217 0.395176252319
317 214 426 193 234 0.403013182674
326 222 445 215 221 0.405109489051
301 224 423 254 214 0.426666666667
306 247 437 232 203 0.446654611212
282 247 443 220 223 0.466918714556
277 235 448 227 196 0.458984375
295 231 448 227 177 0.439163498099
283 220 401 248 185 0.437375745527
305 199 394 211 214 0.394841269841
309 188 438 212 215 0.378269617706
344 178 440 210 213 0.340996168582
311 187 438 196 261 0.375502008032
314 181 450 208 208 0.365656565657
327 188 426 214 215 0.365048543689
300 200 441 211 238 0.4
282 219 438 202 205 0.437125748503
289 182 398 195 220 0.386411889597
301 184 424 184 186 0.379381443299
280 149 420 221 219 0.347319347319
292 172 455 203 201 0.370689655172
290 187 407 219 188 0.392033542977
291 183 411 197 208 0.386075949367
277 164 420 195 192 0.371882086168
300 207 401 158 224 0.408284023669
281 220 389 176 217 0.439121756487
254 215 414 217 194 0.45842217484
239 222 356 227 185 0.481561822126
245 234 366 263 190 0.488517745303
260 221 356 257 186 0.459459459459
252 218 360 238 190 0.463829787234
252 225 414 199 165 0.471698113208
249 203 376 194 210 0.449115044248
268 200 401 199 171 0.42735042735
294 199 385 185 203 0.403651115619
316 209 400 215 221 0.398095238095
304 183 446 231 227 0.375770020534
332 182 469 196 214 0.354085603113
355 188 464 195 225 0.346224677716
356 197 429 196 270 0.356238698011
327 200 448 203 272 0.379506641366
311 188 451 228 241 0.376753507014
322 179 456 215 226 0.357285429142
287 165 473 206 244 0.365044247788
303 168 505 170 223 0.356687898089
337 201 467 143 231 0.373605947955
362 194 455 174 289 0.348920863309
349 192 527 178 246 0.354898336414
388 181 488 180 254 0.318101933216
389 172 475 157 283 0.306595365419
380 180 521 189 253 0.321428571429
384 153 543 216 245 0.284916201117
359 156 567 193 246 0.302912621359
357 158 565 172 262 0.306796116505
404 173 537 170 228 0.299826689775
428 166 520 212 276 0.279461279461
418 159 585 216 316 0.275563258232
441 186 624 204 243 0.296650717703
464 184 553 203 267 0.283950617284
402 201 629 227 270 0.333333333333
396 218 587 217 221 0.355048859935
428 209 555 220 243 0.328100470958
420 203 557 211 269 0.325842696629
372 194 565 213 265 0.342756183746
368 206 553 224 277 0.358885017422
383 210 542 244 216 0.35413153457
374 227 540 230 283 0.377703826955
397 233 492 253 254 0.369841269841
407 233 495 269 279 0.3640625
374 241 522 236 261 0.391869918699
386 232 544 243 243 0.375404530744
391 255 509 249 247 0.394736842105
382 274 507 267 276 0.417682926829
396 265 494 281 224 0.400907715582
391 281 456 314 261 0.418154761905
353 312 484 305 244 0.469172932331
325 336 465 298 233 0.508320726172
305 313 479 305 195 0.506472491909
295 283 455 311 206 0.489619377163
306 296 464 287 215 0.491694352159
331 311 426 301 206 0.484423676012
308 266 431 331 246 0.463414634146
310 274 464 292 200 0.469178082192
319 258 423 250 228 0.447140381282
317 243 441 249 201 0.433928571429
323 257 421 220 223 0.443103448276
312 235 418 209 212 0.429616087751
292 225 443 195 228 0.435203094778
326 242 478 186 211 0.426056338028
366 217 463 219 220 0.372212692967
351 214 446 223 232 0.378761061947
324 212 455 206 226 0.39552238806
347 224 463 207 213 0.392294220665
348 226 467 228 215 0.393728222997
378 232 479 237 253 0.380327868852
400 270 544 226 231 0.402985074627
393 269 491 248 281 0.406344410876
359 266 491 281 240 0.4256
338 282 485 274 243 0.454838709677
329 280 494 296 218 0.459770114943
342 290 495 299 200 0.458860759494
334 284 458 253 254 0.459546925566
325 281 491 248 235 0.463696369637
319 268 446 226 221 0.456558773424
347 242 416 266 245 0.410865874363
334 234 467 268 226 0.411971830986
342 257 496 255 255 0.429048414023
341 243 566 237 232 0.416095890411
387 232 489 216 238 0.374798061389
381 219 513 220 287 0.365
379 227 532 228 245 0.374587458746
361 240 534 222 240 0.399334442596
364 210 513 224 255 0.365853658537
410 169 524 185 262 0.291882556131
384 159 542 188 307 0.292817679558
418 189 591 165 280 0.31136738056
401 185 600 206 289 0.315699658703
379 202 623 247 253 0.347676419966
441 214 570 236 234 0.326717557252
407 249 581 227 315 0.379573170732
377 210 574 247 271 0.357751277683
406 208 546 222 259 0.338762214984
404 204 539 225 288 0.335526315789
432 209 554 233 256 0.326053042122
445 229 569 218 271 0.339762611276
418 262 578 236 332 0.385294117647
401 245 636 276 307 0.379256965944
434 270 666 255 283 0.383522727273
466 277 626 258 309 0.372812920592
477 285 619 259 304 0.374015748031
509 293 617 293 321 0.365336658354
466 257 690 290 365 0.355463347165
506 252 641 285 297 0.332453825858
506 272 623 283 347 0.349614395887
493 263 662 294 319 0.347883597884
472 252 635 267 313 0.348066298343
513 261 663 268 303 0.337209302326
514 293 623 289 332 0.363073110285
493 314 682 320 300 0.389095415118
457 315 667 316 316 0.408031088083
494 337 622 331 266 0.405535499398
472 337 562 323 292 0.416563658838
412 339 577 340 302 0.451398135819
452 336 631 347 267 0.426395939086
427 286 630 341 265 0.401122019635
469 281 551 271 269 0.374666666667
444 293 547 245 288 0.397557666214
411 278 548 255 271 0.403483309144
394 258 516 269 264 0.395705521472
382 253 594 281 247 0.39842519685
436 265 559 277 280 0.378031383738
372 308 596 304 257 0.452941176471
394 259 566 318 239 0.39663093415
397 267 529 302 266 0.402108433735
375 255 479 247 217 0.404761904762
348 218 451 210 282 0.385159010601
373 213 526 185 227 0.363481228669
367 159 504 222 293 0.302281368821
367 169 564 149 232 0.315298507463
389 163 558 159 243 0.295289855072
362 167 525 172 251 0.315689981096
381 179 527 164 253 0.319642857143
397 180 554 172 253 0.311958405546
385 190 553 160 275 0.330434782609
423 199 546 170 253 0.319935691318
462 170 566 187 270 0.268987341772
430 161 635 194 283 0.27241962775
448 165 642 192 283 0.269168026101
460 196 633 183 299 0.298780487805
463 184 634 218 318 0.284389489954
461 183 643 225 308 0.284161490683
445 179 687 241 329 0.286858974359
480 197 734 192 303 0.290989660266
508 190 694 173 315 0.272206303725
492 182 692 206 330 0.270029673591
532 188 687 195 305 0.261111111111
489 187 693 180 322 0.276627218935
532 200 697 206 323 0.273224043716
529 227 729 198 325 0.300264550265
534 214 727 206 325 0.286096256684
511 210 680 220 319 0.291262135922
529 214 678 228 314 0.28802153432
485 228 690 214 299 0.319775596073
499 241 674 228 323 0.325675675676
504 253 674 254 312 0.334214002642
493 235 682 257 346 0.322802197802
495 230 720 225 310 0.31724137931
473 242 715 230 333 0.338461538462
482 250 720 259 277 0.341530054645
484 260 665 264 306 0.349462365591
516 270 694 266 302 0.343511450382
504 290 677 269 335 0.36523929471
491 250 745 318 276 0.337381916329
452 268 663 276 312 0.372222222222
515 265 678 261 300 0.339743589744
525 244 667 267 323 0.317295188557
529 240 677 284 307 0.312093628088
544 276 686 268 334 0.336585365854
484 274 683 255 329 0.361477572559
473 272 650 283 305 0.365100671141
454 283 609 277 302 0.383989145183
451 283 605 305 298 0.385558583106
470 273 602 281 317 0.367429340511
461 262 606 249 298 0.362378976487
462 268 628 262 318 0.367123287671
476 250 600 293 300 0.34435261708
422 242 636 276 311 0.364457831325
449 278 603 273 272 0.382393397524
446 291 577 293 297 0.394843962008
440 288 609 263 314 0.395604395604
447 287 643 300 273 0.391008174387
423 266 587 325 285 0.386066763425
422 301 575 299 262 0.416320885201
406 311 576 313 274 0.433751743375
362 289 578 307 242 0.443932411674
368 297 506 277 238 0.446616541353
354 270 482 294 225 0.432692307692
377 304 489 284 247 0.446402349486
401 269 479 294 250 0.401492537313
385 275 515 274 263 0.416666666667
387 271 509 274 242 0.411854103343
356 252 518 268 229 0.414473684211
365 241 491 262 220 0.397689768977
373 230 442 268 259 0.381426202322
359 252 472 232 274 0.412438625205
378 273 507 249 264 0.41935483871
345 264 536 238 239 0.433497536946
387 273 502 286 244 0.413636363636
359 265 519 253 265 0.424679487179
340 285 538 275 238 0.456
341 302 486 297 208 0.46967340591
361 249 467 293 228 0.408196721311
334 269 467 247 264 0.446102819237
358 273 499 274 210 0.43264659271
351 280 494 264 267 0.443740095087
342 270 480 284 249 0.441176470588
314 276 462 256 230 0.467796610169
344 268 446 288 195 0.437908496732
312 274 417 245 262 0.467576791809
329 286 479 273 193 0.465040650407
327 281 402 275 217 0.462171052632
312 313 440 277 243 0.5008
337 293 460 296 229 0.465079365079
346 279 504 274 228 0.4464
338 257 486 276 243 0.431932773109
320 269 480 282 225 0.456706281834
317 243 438 281 216 0.433928571429
317 266 442 250 223 0.456260720412
311 233 436 232 195 0.428308823529
326 223 441 216 206 0.406193078324
325 212 454 212 226 0.3947858473
346 205 436 191 224 0.372050816697
324 175 451 195 234 0.350701402806
336 166 464 163 255 0.330677290837
359 157 507 164 231 0.304263565891
371 162 490 168 251 0.303939962477
389 199 476 156 246 0.33843537415
397 213 487 190 270 0.349180327869
389 215 489 193 266 0.355960264901
379 190 534 210 235 0.333919156415
375 197 542 194 261 0.344405594406
377 190 534 211 255 0.335097001764
395 219 493 197 246 0.35667752443
392 228 501 204 245 0.367741935484
415 208 494 220 302 0.333868378812
396 190 519 208 256 0.324232081911
394 186 493 162 253 0.320689655172
374 168 529 183 288 0.309963099631
379 168 542 188 292 0.307129798903
435 181 508 156 277 0.293831168831
396 185 545 169 258 0.318416523236
418 188 571 188 247 0.310231023102
463 193 562 190 277 0.294207317073
443 195 568 207 330 0.305642633229
446 197 623 239 272 0.306376360809
430 229 580 228 314 0.347496206373
425 244 641 235 265 0.364723467862
421 235 559 239 285 0.358231707317
441 228 583 237 306 0.340807174888
456 242 627 278 284 0.34670487106
446 248 608 256 283 0.35734870317
421 264 600 252 304 0.385401459854
446 257 598 250 303 0.365576102418
451 258 589 253 303 0.36389280677
435 268 604 249 330 0.381223328592
430 262 630 256 268 0.378612716763
442 235 603 267 271 0.347119645495
443 229 556 231 285 0.340773809524
439 218 581 230 307 0.331811263318
421 209 642 244 293 0.331746031746
416 201 667 233 305 0.325769854133
477 218 597 197 280 0.313669064748
482 219 629 214 306 0.312410841655
431 228 641 195 326 0.34597875569
428 219 650 239 262 0.338485316847
469 210 629 219 270 0.309278350515
459 237 577 242 285 0.340517241379
439 256 577 250 320 0.368345323741
406 214 574 269 287 0.345161290323
438 237 613 213 280 0.351111111111
449 244 578 232 305 0.352092352092
442 220 549 227 283 0.332326283988
427 226 574 236 280 0.346094946401
423 236 566 229 304 0.358118361153
408 245 564 267 302 0.375191424196
442 239 602 257 284 0.350954478708
462 249 593 263 285 0.350210970464
473 257 573 257 303 0.352054794521
451 259 586 290 303 0.364788732394
440 285 631 266 297 0.393103448276
475 277 575 262 298 0.36835106383
441 283 631 293 294 0.390883977901
437 267 588 300 292 0.379261363636
397 249 582 296 242 0.385448916409
422 261 524 257 278 0.382137628111
393 251 558 284 325 0.389751552795
424 262 558 267 244 0.381924198251
431 294 550 297 299 0.405517241379
391 288 548 271 262 0.424153166421
329 280 550 257 230 0.459770114943
373 307 490 299 230 0.451470588235
361 282 465 306 221 0.438569206843
352 276 461 268 242 0.43949044586
360 245 454 279 247 0.404958677686
335 277 491 254 221 0.452614379085
370 261 463 277 264 0.413629160063
376 268 498 276 238 0.416149068323
376 264 480 243 250 0.4125
375 259 448 279 280 0.408517350158
348 267 509 267 278 0.434146341463
378 280 491 264 236 0.425531914894
361 269 461 288 253 0.426984126984
326 253 488 269 215 0.436960276339
311 237 494 238 231 0.432481751825
326 231 502 210 212 0.414721723519
344 233 473 219 191 0.403812824957
310 225 443 193 234 0.420560747664
311 200 453 218 206 0.391389432485
318 197 441 218 241 0.382524271845
352 219 468 188 239 0.38353765324
364 219 507 186 247 0.3756432247
382 201 509 199 254 0.344768439108
368 192 556 203 243 0.342857142857
388 200 520 176 245 0.340136054422
386 183 485 194 260 0.321616871705
355 192 561 209 270 0.351005484461
396 192 542 218 217 0.326530612245
414 169 468 221 238 0.289879931389
359 170 499 171 275 0.321361058601
384 163 557 217 269 0.297989031079
399 149 560 192 270 0.271897810219
396 178 600 171 286 0.310104529617
462 171 586 213 276 0.270142180095
483 184 584 210 318 0.275862068966
490 189 625 235 326 0.278350515464
494 226 696 215 284 0.313888888889
504 229 691 198 338 0.31241473397
510 221 697 230 332 0.302325581395
462 199 714 261 328 0.301059001513
513 229 675 223 286 0.308625336927
514 247 700 243 320 0.324572930355
488 246 733 243 316 0.33514986376
504 239 719 280 296 0.321668909825
497 271 688 281 321 0.352864583333
493 290 687 313 300 0.37037037037
480 290 633 341 292 0.376623376623
466 354 582 335 278 0.431707317073
463 368 551 335 329 0.442839951865
421 332 527 381 286 0.440903054449
380 371 519 397 256 0.494007989348
335 347 494 347 245 0.508797653959
335 351 473 341 223 0.51166180758
351 327 457 316 217 0.482300884956
350 357 434 314 247 0.50495049505
312 341 451 312 230 0.522205206738
312 306 430 326 196 0.495145631068
310 294 412 290 233 0.486754966887
334 311 416 259 228 0.482170542636
326 316 428 246 242 0.492211838006
319 281 486 249 219 0.468333333333
316 267 461 284 233 0.457975986278
352 285 439 225 217 0.447409733124
301 295 460 227 243 0.494966442953
302 271 470 227 221 0.47294938918
319 267 466 231 206 0.455631399317
315 252 453 280 214 0.444444444444
328 253 427 273 228 0.435456110155
307 243 466 233 228 0.441818181818
306 240 422 244 199 0.43956043956
326 229 401 252 212 0.412612612613
300 218 434 242 254 0.420849420849
312 204 494 191 213 0.395348837209
330 218 454 228 213 0.397810218978
310 205 450 212 212 0.398058252427
284 206 458 225 254 0.420408163265
324 202 481 214 221 0.384030418251
369 189 446 198 233 0.338709677419
360 185 493 180 306 0.339449541284
367 177 596 210 243 0.325367647059
393 199 546 206 240 0.336148648649
435 211 507 233 273 0.326625386997
451 216 575 228 297 0.32383808096
444 231 589 234 310 0.342222222222
425 209 578 258 287 0.329652996845
446 231 571 237 294 0.341211225997
455 229 570 240 286 0.334795321637
407 204 617 264 295 0.33387888707
453 212 604 246 252 0.318796992481
447 233 608 202 280 0.342647058824
423 207 607 213 313 0.328571428571
427 210 598 206 281 0.32967032967
429 207 580 211 310 0.325471698113
424 196 623 195 282 0.316129032258
398 184 580 196 253 0.316151202749
389 191 570 218 252 0.329310344828
373 210 554 217 226 0.360205831904
356 216 518 223 230 0.377622377622
339 221 491 226 233 0.394642857143
323 236 462 231 243 0.422182468694
337 201 492 246 200 0.373605947955
314 230 454 201 223 0.422794117647
309 233 459 238 235 0.429889298893
340 227 446 225 210 0.400352733686
328 222 460 263 226 0.403636363636
331 237 474 274 214 0.417253521127
333 245 415 243 205 0.423875432526
307 259 422 233 229 0.457597173145
307 247 380 257 194 0.445848375451
282 260 402 244 198 0.479704797048
312 232 410 241 216 0.426470588235
330 235 438 213 232 0.41592920354
357 230 429 236 225 0.391822827939
350 226 419 233 250 0.392361111111
322 239 461 226 267 0.426024955437
310 234 482 226 228 0.430147058824
336 243 441 243 230 0.419689119171
338 223 444 240 255 0.397504456328
333 230 445 221 224 0.408525754885
326 226 472 212 259 0.409420289855
334 207 475 236 223 0.382624768946
312 210 484 242 225 0.402298850575
340 221 444 216 231 0.393939393939
338 231 468 213 244 0.405975395431
359 215 495 241 238 0.37456445993
342 255 492 247 225 0.427135678392
329 226 459 251 246 0.407207207207
299 229 428 253 231 0.433712121212
323 225 471 244 190 0.410583941606
330 187 416 235 224 0.36170212766
320 215 451 219 238 0.401869158879
331 233 472 203 254 0.413120567376
330 243 482 237 221 0.424083769634
368 203 481 231 238 0.355516637478
368 213 507 213 238 0.36660929432
386 186 510 256 218 0.325174825175
382 214 504 224 239 0.359060402685
392 194 480 231 253 0.331058020478
375 173 540 188 238 0.315693430657
385 184 549 178 247 0.323374340949
372 185 538 188 233 0.332136445242
375 202 497 186 244 0.350086655113
354 183 493 203 257 0.340782122905
376 164 470 238 248 0.303703703704
377 195 501 226 257 0.340909090909
370 217 505 214 248 0.369676320273
377 227 490 187 251 0.37582781457
382 229 519 212 268 0.374795417349
397 223 507 211 231 0.359677419355
362 214 523 225 281 0.371527777778
392 232 521 221 238 0.371794871795
404 239 510 222 280 0.371695178849
410 225 509 247 306 0.354330708661
406 230 573 240 264 0.361635220126
366 221 563 248 260 0.376490630324
386 238 575 252 267 0.38141025641
370 228 573 276 265 0.38127090301
382 233 535 253 254 0.378861788618
403 249 505 220 260 0.381901840491
391 248 523 240 263 0.388106416275
410 234 524 231 248 0.363354037267
403 216 505 224 276 0.348949919225
401 225 544 252 263 0.359424920128
390 224 573 243 251 0.364820846906
424 230 568 226 236 0.351681957187
377 232 565 196 271 0.380952380952
365 213 578 236 223 0.368512110727
385 193 530 229 239 0.333910034602
397 211 509 216 238 0.347039473684
413 200 490 192 297 0.326264274062
376 196 525 173 246 0.342657342657
377 196 511 180 275 0.342059336824
385 196 519 192 253 0.33734939759
401 149 515 203 291 0.270909090909
392 192 587 204 290 0.328767123288
447 189 631 215 251 0.297169811321
395 202 613 216 283 0.338358458961
431 212 584 212 258 0.329704510109
429 204 577 236 306 0.322274881517
451 224 564 272 290 0.331851851852
439 260 596 270 294 0.371959942775
417 283 593 269 288 0.404285714286
416 270 565 299 288 0.393586005831
384 280 571 310 246 0.421686746988
387 277 517 258 247 0.417168674699
406 287 522 275 282 0.414141414141
401 266 512 286 261 0.3988005997
387 286 530 310 280 0.424962852897
365 278 511 311 250 0.43234836703
399 278 505 283 243 0.410635155096
365 273 479 280 279 0.42789968652
352 261 515 274 254 0.425774877651
367 255 520 271 226 0.409967845659
354 270 460 271 235 0.432692307692
374 262 492 249 237 0.411949685535
381 251 465 248 252 0.397151898734
384 264 489 235 270 0.407407407407
376 265 509 275 278 0.413416536661
375 260 535 298 256 0.409448818898
369 256 515 267 280 0.4096
371 235 557 249 257 0.387788778878
356 222 559 243 237 0.384083044983
368 208 508 261 254 0.361111111111
346 223 470 238 231 0.391915641476
341 230 458 212 232 0.402802101576
