0.0 0.0 0.0 0.0 0
0.0 0.0 0.0 0.0 0
0.0 0.0 0.0 0.0 0
0.0 0.0 0.0 0.0 0
0.0 0.0 0.0 0.0 0
0.0 0.0 0.0 0.0 0
0.0 0.0 0.0 0.0 0
22.0 1.0 31.0 4.0 10
4.0 1.0 8.0 2.0 6
30.0 7.0 34.0 9.0 17
5.0 1.0 11.0 3.0 8
17.0 0.0 23.0 0.0 11
11.0 3.0 2.0 2.0 5
13.0 4.0 23.0 6.0 7
23.0 10.0 18.0 18.0 8
7.0 0.0 19.0 0.0 13
85.0 37.0 92.0 41.0 29
83.0 33.0 95.0 29.0 38
104.0 31.0 97.0 21.0 57
61.0 24.0 71.0 22.0 26
8.0 4.0 18.0 10.0 8
59.0 10.0 66.0 4.0 24
47.0 4.0 67.0 9.0 14
8.0 1.0 8.0 0.0 6
90.0 12.0 136.0 20.0 39
58.0 19.0 75.0 21.0 16
46.0 4.0 48.0 2.0 17
18.0 15.0 17.0 13.0 13
68.0 2.0 74.0 7.0 32
71.0 6.0 96.0 3.0 48
59.0 11.0 75.0 16.0 22
53.0 5.0 59.0 15.0 28
20.0 5.0 20.0 3.0 12
19.0 0.0 19.0 0.0 11
26.0 3.0 36.0 5.0 10
30.0 3.0 75.0 6.0 23
27.0 5.0 37.0 5.0 13
17.0 11.0 15.0 8.0 7
0.0 0.0 0.0 0.0 0
28.0 7.0 29.0 7.0 13
5.0 9.0 8.0 8.0 3
4.0 1.0 4.0 2.0 2
0.0 0.0 0.0 0.0 0
0.0 0.0 0.0 0.0 0
0.0 0.0 0.0 0.0 0
0.0 0.0 0.0 0.0 0
0.0 0.0 0.0 0.0 0
0.0 0.0 0.0 0.0 0
0.0 0.0 0.0 0.0 0
11.0 6.0 17.0 5.0 5
48.0 26.0 56.0 20.0 29
22.0 2.0 21.0 2.0 8
9.0 0.0 9.0 0.0 5
0.0 0.0 4.0 0.0 0
0.0 0.0 0.0 0.0 0
0.0 0.0 0.0 0.0 0
55.0 13.0 64.0 11.0 26
43.0 4.0 75.0 9.0 27
5.0 9.0 31.0 10.0 4
11.0 2.0 11.0 1.0 10
0.0 0.0 0.0 0.0 0
0.0 0.0 0.0 0.0 0
0.0 0.0 0.0 0.0 0
0.0 0.0 0.0 0.0 0
0.0 0.0 0.0 0.0 0
0.0 0.0 0.0 0.0 0
0.0 0.0 0.0 0.0 0
0.0 0.0 0.0 0.0 0
0.0 0.0 0.0 0.0 0
0.0 0.0 0.0 0.0 0
0.0 0.0 0.0 0.0 0
0.0 0.0 0.0 0.0 0
0.0 0.0 0.0 0.0 0
0.0 0.0 0.0 0.0 0
0.0 0.0 0.0 0.0 0
0.0 0.0 0.0 0.0 0
0.0 0.0 0.0 0.0 0
0.0 0.0 0.0 0.0 0
0.0 0.0 0.0 0.0 0
0.0 0.0 0.0 0.0 0
0.0 0.0 0.0 0.0 0
0.0 0.0 0.0 0.0 0
0.0 0.0 0.0 0.0 0
10.0 0.0 15.0 0.0 5
3.0 0.0 14.0 1.0 2
0.0 0.0 0.0 0.0 0
0.0 0.0 0.0 0.0 0
2.0 0.0 0.0 0.0 0
5.0 0.0 9.0 0.0 5
0.0 0.0 0.0 0.0 0
3.0 0.0 3.0 0.0 2
0.0 0.0 0.0 0.0 0
2.0 0.0 7.0 0.0 0
1.0 0.0 5.0 0.0 3
0.0 0.0 0.0 0.0 0
0.0 0.0 0.0 0.0 0
0.0 0.0 0.0 0.0 0
0.0 0.0 0.0 0.0 0
0.0 0.0 0.0 0.0 0
0.0 0.0 0.0 0.0 0
