1 1 0
1 2 0
1 3 0
1 4 0
1 5 0
1 6 0
1 7 1
1 8 0
1 9 0
1 10 0
2 1 0
2 2 0
2 3 0
2 4 0
2 5 0
2 6 0
2 7 0
2 8 0
2 9 0
2 10 0
3 1 0
3 2 0
3 3 0
3 4 0
3 5 0
3 6 0
3 7 0
3 8 0
3 9 3
3 10 4
4 1 0
4 2 0
4 3 0
4 4 0
4 5 0
4 6 0
4 7 0
4 8 0
4 9 1
4 10 0
5 1 0
5 2 0
5 3 0
5 4 0
5 5 0
5 6 0
5 7 0
5 8 2
5 9 0
5 10 1
6 1 0
6 2 0
6 3 0
6 4 0
6 5 0
6 6 0
6 7 0
6 8 0
6 9 0
6 10 0
7 1 0
7 2 0
7 3 0
7 4 0
7 5 0
7 6 0
7 7 0
7 8 2
7 9 0
7 10 0
8 1 0
8 2 0
8 3 0
8 4 0
8 5 0
8 6 0
8 7 0
8 8 0
8 9 0
8 10 0
9 1 0
9 2 0
9 3 0
9 4 0
9 5 0
9 6 0
9 7 0
9 8 0
9 9 0
9 10 0
10 1 0
10 2 0
10 3 0
10 4 0
10 5 0
10 6 0
10 7 0
10 8 0
10 9 0
10 10 0
11 1 0
11 2 0
11 3 0
11 4 2
11 5 0
11 6 3
11 7 1
11 8 0
11 9 4
11 10 6
12 1 0
12 2 0
12 3 0
12 4 0
12 5 1
12 6 2
12 7 5
12 8 1
12 9 0
12 10 2
13 1 0
13 2 2
13 3 0
13 4 0
13 5 0
13 6 0
13 7 6
13 8 1
13 9 3
13 10 4
14 1 3
14 2 3
14 3 1
14 4 0
14 5 0
14 6 0
14 7 5
14 8 1
14 9 2
14 10 0
15 1 0
15 2 1
15 3 4
15 4 0
15 5 0
15 6 1
15 7 6
15 8 6
15 9 1
15 10 0
16 1 0
16 2 0
16 3 0
16 4 1
16 5 0
16 6 1
16 7 0
16 8 5
16 9 2
16 10 0
17 1 0
17 2 0
17 3 0
17 4 0
17 5 3
17 6 6
17 7 0
17 8 4
17 9 1
17 10 2
18 1 0
18 2 0
18 3 0
18 4 0
18 5 0
18 6 2
18 7 4
18 8 5
18 9 7
18 10 0
19 1 0
19 2 0
19 3 0
19 4 0
19 5 0
19 6 1
19 7 2
19 8 4
19 9 4
19 10 1
20 1 0
20 2 0
20 3 0
20 4 0
20 5 0
20 6 0
20 7 3
20 8 0
20 9 1
20 10 0
21 1 0
21 2 0
21 3 0
21 4 0
21 5 2
21 6 0
21 7 0
21 8 0
21 9 3
21 10 1
22 1 3
22 2 0
22 3 1
22 4 3
22 5 1
22 6 0
22 7 0
22 8 4
22 9 5
22 10 0
23 1 3
23 2 4
23 3 2
23 4 2
23 5 0
23 6 2
23 7 3
23 8 4
23 9 1
23 10 0
24 1 0
24 2 2
24 3 4
24 4 12
24 5 5
24 6 9
24 7 1
24 8 3
24 9 3
24 10 1
25 1 0
25 2 4
25 3 3
25 4 3
25 5 2
25 6 5
25 7 2
25 8 3
25 9 8
25 10 10
26 1 3
26 2 2
26 3 2
26 4 0
26 5 4
26 6 6
26 7 1
26 8 6
26 9 2
26 10 4
27 1 1
27 2 0
27 3 1
27 4 0
27 5 1
27 6 11
27 7 2
27 8 0
27 9 4
27 10 3
28 1 0
28 2 0
28 3 0
28 4 0
28 5 2
28 6 0
28 7 3
28 8 0
28 9 4
28 10 0
29 1 0
29 2 1
29 3 1
29 4 0
29 5 0
29 6 0
29 7 2
29 8 2
29 9 0
29 10 1
30 1 2
30 2 1
30 3 0
30 4 0
30 5 0
30 6 0
30 7 4
30 8 1
30 9 1
30 10 2
31 1 0
31 2 8
31 3 2
31 4 1
31 5 6
32 1 0
32 2 0
32 3 5
32 4 2
32 5 0
33 1 0
33 2 4
33 3 5
33 4 5
33 5 1
34 1 0
34 2 0
34 3 3
34 4 2
34 5 1
35 1 4
35 2 2
35 3 1
35 4 1
35 5 1
36 1 0
36 2 0
36 3 1
36 4 0
36 5 2
37 1 0
37 2 0
37 3 4
37 4 3
37 5 2
38 1 1
38 2 0
38 3 0
38 4 0
38 5 0
39 1 0
39 2 0
39 3 0
39 4 0
39 5 0
40 1 7
40 2 0
40 3 0
40 4 1
40 5 0
41 1 0
41 2 0
41 3 1
41 4 0
41 5 2
42 1 0
42 2 0
42 3 0
42 4 0
42 5 4
43 1 0
43 2 0
43 3 0
43 4 0
43 5 10
44 1 1
44 2 0
44 3 0
44 4 0
44 5 0
45 1 0
45 2 0
45 3 0
45 4 0
45 5 4
46 1 0
46 2 0
46 3 0
46 4 0
46 5 3
47 1 0
47 2 0
47 3 5
47 4 1
47 5 0
48 1 0
48 2 0
48 3 0
48 4 0
48 5 0
49 1 0
49 2 0
49 3 0
49 4 0
49 5 0
50 1 0
50 2 0
50 3 1
50 4 0
50 5 0
51 1 0
51 2 0
51 3 1
51 4 3
51 5 6
52 1 0
52 2 0
52 3 0
52 4 0
52 5 0
53 1 0
53 2 0
53 3 0
53 4 0
53 5 0
54 1 0
54 2 0
54 3 0
54 4 0
54 5 0
55 1 0
55 2 0
55 3 0
55 4 0
55 5 0
56 1 0
56 2 1
56 3 0
56 4 0
56 5 0
57 1 0
57 2 0
57 3 0
57 4 1
57 5 1
58 1 0
58 2 0
58 3 0
58 4 0
58 5 0
59 1 0
59 2 0
59 3 0
59 4 0
59 5 0
60 1 0
60 2 0
60 3 0
60 4 0
60 5 3
61 1 0
61 2 0
61 3 0
61 4 0
61 5 0
62 1 0
62 2 0
62 3 0
62 4 0
62 5 0
63 1 0
63 2 0
63 3 0
63 4 0
63 5 0
64 1 0
64 2 0
64 3 0
64 4 0
64 5 0
65 1 0
65 2 0
65 3 0
65 4 0
65 5 0
66 1 0
66 2 0
66 3 0
66 4 0
66 5 0
67 1 0
67 2 0
67 3 0
67 4 0
67 5 1
68 1 0
68 2 0
68 3 0
68 4 0
68 5 0
69 1 0
69 2 0
69 3 0
69 4 0
69 5 1
70 1 0
70 2 0
70 3 0
70 4 3
70 5 3
71 1 0
71 2 0
71 3 0
71 4 0
71 5 0
72 1 0
72 2 0
72 3 0
72 4 0
72 5 0
73 1 0
73 2 0
73 3 0
73 4 1
73 5 0
74 1 0
74 2 0
74 3 0
74 4 0
74 5 0
75 1 0
75 2 0
75 3 0
75 4 0
75 5 0
76 1 0
76 2 0
76 3 0
76 4 0
76 5 0
77 1 0
77 2 0
77 3 0
77 4 0
77 5 0
78 1 0
78 2 0
78 3 0
78 4 0
78 5 0
79 1 0
79 2 0
79 3 0
79 4 0
79 5 0
80 1 0
80 2 0
80 3 0
80 4 0
80 5 0
81 1 0
81 2 0
81 3 0
81 4 0
81 5 0
81 6 0
81 7 0
81 8 0
81 9 0
81 10 0
81 11 0
81 12 0
81 13 0
81 14 0
81 15 0
82 1 0
82 2 1
82 3 0
82 4 0
82 5 0
82 6 0
82 7 0
82 8 0
82 9 0
82 10 0
82 11 0
82 12 0
82 13 0
82 14 0
82 15 0
83 1 0
83 2 0
83 3 0
83 4 0
83 5 0
83 6 0
83 7 0
83 8 0
83 9 0
83 10 0
83 11 0
83 12 0
83 13 0
83 14 0
83 15 0
84 1 0
84 2 0
84 3 0
84 4 0
84 5 0
84 6 0
84 7 0
84 8 0
84 9 0
84 10 0
84 11 0
84 12 0
84 13 0
84 14 0
84 15 0
85 1 0
85 2 0
85 3 0
85 4 0
85 5 0
85 6 0
85 7 0
85 8 1
85 9 0
85 10 0
85 11 0
85 12 0
85 13 0
85 14 1
85 15 0
86 1 0
86 2 0
86 3 0
86 4 0
86 5 0
86 6 0
86 7 0
86 8 2
86 9 1
86 10 0
86 11 0
86 12 0
86 13 0
86 14 0
86 15 0
87 1 0
87 2 0
87 3 0
87 4 0
87 5 1
87 6 2
87 7 0
87 8 0
87 9 0
87 10 0
87 11 0
87 12 0
87 13 0
87 14 0
87 15 0
88 1 0
88 2 0
88 3 0
88 4 0
88 5 0
88 6 0
88 7 0
88 8 0
88 9 0
88 10 0
88 11 0
88 12 0
88 13 0
88 14 0
88 15 0
89 1 0
89 2 0
89 3 0
89 4 0
89 5 0
89 6 0
89 7 0
89 8 0
89 9 0
89 10 0
89 11 0
89 12 0
89 13 0
89 14 0
89 15 0
90 1 0
90 2 0
90 3 0
90 4 0
90 5 0
90 6 0
90 7 0
90 8 0
90 9 0
90 10 0
90 11 0
90 12 0
90 13 1
90 14 0
90 15 0
91 1 0
91 2 0
91 3 0
91 4 0
91 5 0
91 6 0
91 7 0
91 8 0
91 9 0
91 10 0
91 11 0
91 12 0
91 13 0
91 14 0
91 15 0
92 1 0
92 2 0
92 3 0
92 4 0
92 5 0
92 6 0
92 7 0
92 8 0
92 9 0
92 10 0
92 11 0
92 12 0
92 13 0
92 14 0
92 15 0
93 1 0
93 2 0
93 3 0
93 4 0
93 5 0
93 6 0
93 7 0
93 8 0
93 9 0
93 10 0
93 11 0
93 12 0
93 13 0
93 14 0
93 15 0
94 1 0
94 2 0
94 3 0
94 4 0
94 5 0
94 6 0
94 7 0
94 8 0
94 9 0
94 10 0
94 11 0
94 12 0
94 13 3
94 14 2
94 15 0
95 1 0
95 2 0
95 3 0
95 4 0
95 5 0
95 6 0
95 7 0
95 8 0
95 9 0
95 10 0
95 11 0
95 12 0
95 13 0
95 14 0
95 15 0
96 1 0
96 2 0
96 3 0
96 4 0
96 5 0
96 6 0
96 7 0
96 8 0
96 9 0
96 10 0
96 11 0
96 12 0
96 13 0
96 14 0
96 15 0
97 1 0
97 2 0
97 3 0
97 4 0
97 5 0
97 6 0
97 7 0
97 8 0
97 9 0
97 10 0
97 11 0
97 12 0
97 13 0
97 14 1
97 15 0
98 1 0
98 2 0
98 3 0
98 4 0
98 5 0
98 6 0
98 7 0
98 8 0
98 9 0
98 10 0
98 11 1
98 12 0
98 13 0
98 14 0
98 15 0
99 1 0
99 2 0
99 3 0
99 4 0
99 5 0
99 6 0
99 7 1
99 8 0
99 9 0
99 10 0
99 11 0
99 12 0
99 13 0
99 14 0
99 15 0
100 1 0
100 2 0
100 3 0
100 4 0
100 5 0
100 6 0
100 7 0
100 8 0
100 9 0
100 10 0
100 11 0
100 12 0
100 13 0
100 14 0
100 15 0
