1 1 0
1 2 0
1 3 0
1 4 0
1 5 0
1 6 0
1 7 0
1 8 0
1 9 0
1 10 2
2 1 0
2 2 0
2 3 0
2 4 0
2 5 0
2 6 0
2 7 0
2 8 0
2 9 0
2 10 0
3 1 0
3 2 0
3 3 0
3 4 0
3 5 0
3 6 0
3 7 0
3 8 0
3 9 0
3 10 0
4 1 0
4 2 0
4 3 0
4 4 0
4 5 0
4 6 0
4 7 0
4 8 0
4 9 0
4 10 0
5 1 0
5 2 0
5 3 0
5 4 0
5 5 0
5 6 0
5 7 0
5 8 0
5 9 0
5 10 0
6 1 0
6 2 0
6 3 0
6 4 0
6 5 0
6 6 2
6 7 0
6 8 0
6 9 0
6 10 0
7 1 0
7 2 0
7 3 0
7 4 0
7 5 0
7 6 0
7 7 0
7 8 0
7 9 0
7 10 0
8 1 0
8 2 0
8 3 0
8 4 5
8 5 1
8 6 0
8 7 2
8 8 0
8 9 0
8 10 9
9 1 0
9 2 0
9 3 1
9 4 0
9 5 1
9 6 5
9 7 1
9 8 0
9 9 3
9 10 1
10 1 0
10 2 0
10 3 0
10 4 1
10 5 0
10 6 2
10 7 0
10 8 2
10 9 2
10 10 0
11 1 3
11 2 0
11 3 0
11 4 0
11 5 0
11 6 13
11 7 5
11 8 8
11 9 1
11 10 0
12 1 0
12 2 0
12 3 0
12 4 0
12 5 0
12 6 1
12 7 4
12 8 12
12 9 4
12 10 0
13 1 0
13 2 0
13 3 0
13 4 0
13 5 0
13 6 11
13 7 5
13 8 1
13 9 4
13 10 0
14 1 0
14 2 0
14 3 4
14 4 1
14 5 7
14 6 7
14 7 0
14 8 0
14 9 5
14 10 9
15 1 0
15 2 0
15 3 3
15 4 12
15 5 18
15 6 13
15 7 0
15 8 1
15 9 8
15 10 17
16 1 3
16 2 3
16 3 14
16 4 3
16 5 1
16 6 8
16 7 6
16 8 7
16 9 12
16 10 21
17 1 12
17 2 15
17 3 17
17 4 7
17 5 9
17 6 13
17 7 6
17 8 23
17 9 19
17 10 17
18 1 8
18 2 23
18 3 24
18 4 21
18 5 22
18 6 8
18 7 4
18 8 25
18 9 12
18 10 27
19 1 16
19 2 22
19 3 22
19 4 20
19 5 19
19 6 15
19 7 5
19 8 12
19 9 17
19 10 17
20 1 6
20 2 19
20 3 21
20 4 13
20 5 12
20 6 6
20 7 17
20 8 9
20 9 4
20 10 12
21 1 0
21 2 5
21 3 18
21 4 29
21 5 8
21 6 20
21 7 3
21 8 15
21 9 29
21 10 18
22 1 0
22 2 7
22 3 20
22 4 43
22 5 26
22 6 17
22 7 9
22 8 8
22 9 4
22 10 0
23 1 5
23 2 6
23 3 16
23 4 12
23 5 14
23 6 1
23 7 6
23 8 19
23 9 11
23 10 0
24 1 8
24 2 6
24 3 5
24 4 4
24 5 5
24 6 11
24 7 17
24 8 16
24 9 22
24 10 0
25 1 0
25 2 0
25 3 0
25 4 3
25 5 4
25 6 14
25 7 14
25 8 11
25 9 23
25 10 18
26 1 0
26 2 0
26 3 2
26 4 19
26 5 16
26 6 20
26 7 15
26 8 23
26 9 24
26 10 10
27 1 3
27 2 3
27 3 9
27 4 9
27 5 17
27 6 13
27 7 30
27 8 10
27 9 7
27 10 16
28 1 3
28 2 2
28 3 1
28 4 9
28 5 11
28 6 15
28 7 14
28 8 20
28 9 13
28 10 17
29 1 5
29 2 27
29 3 2
29 4 0
29 5 11
29 6 18
29 7 11
29 8 12
29 9 25
29 10 29
30 1 4
30 2 7
30 3 6
30 4 9
30 5 2
30 6 13
30 7 15
30 8 16
30 9 30
30 10 23
31 1 1
31 2 5
31 3 7
31 4 6
31 5 NA
32 1 4
32 2 14
32 3 8
32 4 26
32 5 NA
33 1 0
33 2 17
33 3 28
33 4 42
33 5 NA
34 1 1
34 2 5
34 3 2
34 4 25
34 5 NA
35 1 7
35 2 15
35 3 4
35 4 12
35 5 NA
36 1 47
36 2 22
36 3 17
36 4 19
36 5 NA
37 1 18
37 2 18
37 3 10
37 4 28
37 5 NA
38 1 14
38 2 15
38 3 7
38 4 5
38 5 NA
39 1 21
39 2 10
39 3 0
39 4 5
39 5 NA
40 1 5
40 2 15
40 3 21
40 4 10
40 5 NA
41 1 7
41 2 8
41 3 8
41 4 15
41 5 NA
42 1 4
42 2 0
42 3 4
42 4 4
42 5 NA
43 1 2
43 2 5
43 3 0
43 4 0
43 5 NA
44 1 2
44 2 0
44 3 1
44 4 0
44 5 NA
45 1 0
45 2 0
45 3 0
45 4 0
45 5 NA
46 1 0
46 2 0
46 3 2
46 4 0
46 5 NA
47 1 0
47 2 0
47 3 3
47 4 12
47 5 NA
48 1 0
48 2 0
48 3 0
48 4 1
48 5 NA
49 1 0
49 2 0
49 3 0
49 4 2
49 5 NA
50 1 0
50 2 4
50 3 4
50 4 2
50 5 NA
51 1 0
51 2 7
51 3 4
51 4 6
51 5 NA
52 1 0
52 2 1
52 3 9
52 4 19
52 5 NA
53 1 0
53 2 0
53 3 1
53 4 8
53 5 NA
54 1 0
54 2 0
54 3 0
54 4 1
54 5 NA
55 1 0
55 2 0
55 3 0
55 4 0
55 5 NA
56 1 2
56 2 0
56 3 3
56 4 0
56 5 NA
57 1 3
57 2 3
57 3 4
57 4 6
57 5 NA
58 1 3
58 2 3
58 3 3
58 4 0
58 5 NA
59 1 1
59 2 0
59 3 0
59 4 0
59 5 NA
60 1 2
60 2 3
60 3 0
60 4 0
60 5 NA
61 1 2
61 2 1
61 3 0
61 4 0
61 5 NA
62 1 0
62 2 1
62 3 0
62 4 0
62 5 NA
63 1 0
63 2 0
63 3 0
63 4 0
63 5 NA
64 1 0
64 2 0
64 3 0
64 4 0
64 5 NA
65 1 0
65 2 0
65 3 0
65 4 0
65 5 NA
66 1 0
66 2 0
66 3 0
66 4 0
66 5 NA
67 1 0
67 2 0
67 3 0
67 4 0
67 5 NA
68 1 0
68 2 0
68 3 0
68 4 0
68 5 NA
69 1 0
69 2 0
69 3 0
69 4 0
69 5 NA
70 1 0
70 2 0
70 3 0
70 4 0
70 5 NA
71 1 0
71 2 0
71 3 0
71 4 0
71 5 NA
72 1 0
72 2 0
72 3 0
72 4 0
72 5 NA
73 1 0
73 2 0
73 3 0
73 4 0
73 5 NA
74 1 0
74 2 0
74 3 0
74 4 0
74 5 NA
75 1 0
75 2 2
75 3 0
75 4 0
75 5 NA
76 1 0
76 2 1
76 3 0
76 4 0
76 5 NA
77 1 0
77 2 0
77 3 0
77 4 0
77 5 NA
78 1 0
78 2 0
78 3 0
78 4 0
78 5 NA
79 1 0
79 2 0
79 3 0
79 4 0
79 5 NA
80 1 0
80 2 0
80 3 0
80 4 0
80 5 NA
81 1 0
81 2 0
81 3 0
81 4 0
81 5 0
81 6 0
81 7 0
81 8 0
81 9 0
81 10 0
81 11 0
81 12 0
81 13 0
81 14 0
81 15 1
82 1 0
82 2 0
82 3 0
82 4 0
82 5 0
82 6 0
82 7 0
82 8 0
82 9 0
82 10 0
82 11 0
82 12 0
82 13 0
82 14 0
82 15 0
83 1 0
83 2 0
83 3 0
83 4 0
83 5 0
83 6 0
83 7 4
83 8 0
83 9 1
83 10 0
83 11 0
83 12 0
83 13 0
83 14 0
83 15 0
84 1 0
84 2 0
84 3 0
84 4 0
84 5 0
84 6 5
84 7 0
84 8 1
84 9 0
84 10 0
84 11 0
84 12 0
84 13 0
84 14 0
84 15 0
85 1 0
85 2 0
85 3 0
85 4 0
85 5 0
85 6 8
85 7 0
85 8 0
85 9 0
85 10 0
85 11 0
85 12 0
85 13 0
85 14 2
85 15 0
86 1 0
86 2 0
86 3 0
86 4 0
86 5 0
86 6 3
86 7 0
86 8 0
86 9 0
86 10 0
86 11 0
86 12 0
86 13 0
86 14 0
86 15 0
87 1 1
87 2 0
87 3 0
87 4 0
87 5 0
87 6 0
87 7 0
87 8 0
87 9 0
87 10 0
87 11 0
87 12 0
87 13 0
87 14 5
87 15 0
88 1 0
88 2 0
88 3 0
88 4 0
88 5 0
88 6 7
88 7 0
88 8 0
88 9 0
88 10 0
88 11 0
88 12 5
88 13 5
88 14 4
88 15 0
89 1 0
89 2 0
89 3 0
89 4 0
89 5 0
89 6 0
89 7 0
89 8 0
89 9 0
89 10 0
89 11 0
89 12 0
89 13 4
89 14 1
89 15 0
90 1 0
90 2 0
90 3 0
90 4 0
90 5 0
90 6 0
90 7 0
90 8 0
90 9 0
90 10 0
90 11 0
90 12 0
90 13 0
90 14 8
90 15 0
91 1 0
91 2 0
91 3 0
91 4 0
91 5 0
91 6 0
91 7 0
91 8 0
91 9 0
91 10 0
91 11 0
91 12 0
91 13 1
91 14 0
91 15 0
92 1 0
92 2 0
92 3 0
92 4 0
92 5 0
92 6 0
92 7 0
92 8 0
92 9 0
92 10 0
92 11 1
92 12 6
92 13 1
92 14 2
92 15 1
93 1 0
93 2 0
93 3 0
93 4 0
93 5 0
93 6 0
93 7 0
93 8 2
93 9 0
93 10 0
93 11 0
93 12 0
93 13 6
93 14 12
93 15 13
94 1 0
94 2 0
94 3 5
94 4 4
94 5 5
94 6 0
94 7 0
94 8 0
94 9 0
94 10 0
94 11 0
94 12 0
94 13 0
94 14 2
94 15 1
95 1 0
95 2 0
95 3 0
95 4 5
95 5 0
95 6 0
95 7 0
95 8 0
95 9 0
95 10 0
95 11 0
95 12 0
95 13 0
95 14 0
95 15 0
96 1 0
96 2 0
96 3 2
96 4 0
96 5 0
96 6 0
96 7 0
96 8 2
96 9 0
96 10 0
96 11 6
96 12 0
96 13 0
96 14 0
96 15 1
97 1 0
97 2 0
97 3 7
97 4 0
97 5 0
97 6 0
97 7 0
97 8 0
97 9 0
97 10 0
97 11 2
97 12 0
97 13 0
97 14 0
97 15 0
98 1 0
98 2 0
98 3 0
98 4 3
98 5 0
98 6 0
98 7 0
98 8 0
98 9 0
98 10 4
98 11 0
98 12 0
98 13 0
98 14 0
98 15 0
99 1 0
99 2 0
99 3 0
99 4 0
99 5 0
99 6 0
99 7 0
99 8 0
99 9 0
99 10 2
99 11 0
99 12 0
99 13 0
99 14 0
99 15 0
100 1 0
100 2 0
100 3 0
100 4 0
100 5 5
100 6 0
100 7 0
100 8 0
100 9 0
100 10 0
100 11 0
100 12 0
100 13 0
100 14 0
100 15 0
