1 1 NA
1 2 NA
1 3 NA
1 4 NA
1 5 NA
1 6 NA
1 7 NA
1 8 NA
1 9 NA
1 10 NA
2 1 NA
2 2 NA
2 3 NA
2 4 NA
2 5 NA
2 6 NA
2 7 NA
2 8 NA
2 9 NA
2 10 NA
3 1 NA
3 2 NA
3 3 NA
3 4 NA
3 5 NA
3 6 NA
3 7 NA
3 8 NA
3 9 NA
3 10 NA
4 1 NA
4 2 NA
4 3 NA
4 4 NA
4 5 NA
4 6 NA
4 7 NA
4 8 NA
4 9 NA
4 10 NA
5 1 NA
5 2 NA
5 3 NA
5 4 NA
5 5 NA
5 6 NA
5 7 NA
5 8 NA
5 9 NA
5 10 NA
6 1 NA
6 2 NA
6 3 NA
6 4 NA
6 5 NA
6 6 NA
6 7 NA
6 8 NA
6 9 NA
6 10 NA
7 1 NA
7 2 NA
7 3 NA
7 4 NA
7 5 NA
7 6 NA
7 7 NA
7 8 NA
7 9 NA
7 10 NA
8 1 NA
8 2 NA
8 3 NA
8 4 NA
8 5 NA
8 6 NA
8 7 NA
8 8 NA
8 9 NA
8 10 NA
9 1 NA
9 2 NA
9 3 NA
9 4 NA
9 5 NA
9 6 NA
9 7 NA
9 8 NA
9 9 NA
9 10 NA
10 1 NA
10 2 NA
10 3 NA
10 4 NA
10 5 NA
10 6 NA
10 7 NA
10 8 NA
10 9 NA
10 10 NA
11 1 NA
11 2 NA
11 3 NA
11 4 NA
11 5 NA
11 6 NA
11 7 NA
11 8 NA
11 9 NA
11 10 NA
12 1 NA
12 2 NA
12 3 NA
12 4 NA
12 5 NA
12 6 NA
12 7 NA
12 8 NA
12 9 NA
12 10 NA
13 1 NA
13 2 NA
13 3 NA
13 4 NA
13 5 NA
13 6 NA
13 7 NA
13 8 NA
13 9 NA
13 10 NA
14 1 NA
14 2 NA
14 3 NA
14 4 NA
14 5 NA
14 6 NA
14 7 NA
14 8 NA
14 9 NA
14 10 NA
15 1 NA
15 2 NA
15 3 NA
15 4 NA
15 5 NA
15 6 NA
15 7 NA
15 8 NA
15 9 NA
15 10 NA
16 1 NA
16 2 NA
16 3 NA
16 4 NA
16 5 NA
16 6 NA
16 7 NA
16 8 NA
16 9 NA
16 10 NA
17 1 NA
17 2 NA
17 3 NA
17 4 NA
17 5 NA
17 6 NA
17 7 NA
17 8 NA
17 9 NA
17 10 NA
18 1 NA
18 2 NA
18 3 NA
18 4 NA
18 5 NA
18 6 NA
18 7 NA
18 8 NA
18 9 NA
18 10 NA
19 1 NA
19 2 NA
19 3 NA
19 4 NA
19 5 NA
19 6 NA
19 7 NA
19 8 NA
19 9 NA
19 10 NA
20 1 NA
20 2 NA
20 3 NA
20 4 NA
20 5 NA
20 6 NA
20 7 NA
20 8 NA
20 9 NA
20 10 NA
21 1 NA
21 2 NA
21 3 NA
21 4 NA
21 5 NA
21 6 NA
21 7 NA
21 8 NA
21 9 NA
21 10 NA
22 1 NA
22 2 NA
22 3 NA
22 4 NA
22 5 NA
22 6 NA
22 7 NA
22 8 NA
22 9 NA
22 10 NA
23 1 NA
23 2 NA
23 3 NA
23 4 NA
23 5 NA
23 6 NA
23 7 NA
23 8 NA
23 9 NA
23 10 NA
24 1 NA
24 2 NA
24 3 NA
24 4 NA
24 5 NA
24 6 NA
24 7 NA
24 8 NA
24 9 NA
24 10 NA
25 1 NA
25 2 NA
25 3 NA
25 4 NA
25 5 NA
25 6 NA
25 7 NA
25 8 NA
25 9 NA
25 10 NA
26 1 NA
26 2 NA
26 3 NA
26 4 NA
26 5 NA
26 6 NA
26 7 NA
26 8 NA
26 9 NA
26 10 NA
27 1 NA
27 2 NA
27 3 NA
27 4 NA
27 5 NA
27 6 NA
27 7 NA
27 8 NA
27 9 NA
27 10 NA
28 1 NA
28 2 NA
28 3 NA
28 4 NA
28 5 NA
28 6 NA
28 7 NA
28 8 NA
28 9 NA
28 10 NA
29 1 NA
29 2 NA
29 3 NA
29 4 NA
29 5 NA
29 6 NA
29 7 NA
29 8 NA
29 9 NA
29 10 NA
30 1 NA
30 2 NA
30 3 NA
30 4 NA
30 5 NA
30 6 NA
30 7 NA
30 8 NA
30 9 NA
30 10 NA
31 1 6
31 2 14
31 3 8
31 4 4
31 5 10
32 1 7
32 2 16
32 3 4
32 4 9
32 5 21
33 1 0
33 2 17
33 3 8
33 4 11
33 5 12
34 1 0
34 2 8
34 3 1
34 4 10
34 5 12
35 1 16
35 2 6
35 3 8
35 4 8
35 5 14
36 1 6
36 2 8
36 3 10
36 4 6
36 5 19
37 1 26
37 2 24
37 3 8
37 4 14
37 5 10
38 1 31
38 2 38
38 3 3
38 4 0
38 5 0
39 1 25
39 2 9
39 3 1
39 4 6
39 5 11
40 1 2
40 2 8
40 3 6
40 4 8
40 5 5
41 1 6
41 2 4
41 3 4
41 4 6
41 5 11
42 1 1
42 2 1
42 3 1
42 4 2
42 5 8
43 1 2
43 2 2
43 3 0
43 4 0
43 5 6
44 1 1
44 2 1
44 3 0
44 4 0
44 5 2
45 1 0
45 2 0
45 3 0
45 4 0
45 5 9
46 1 0
46 2 0
46 3 1
46 4 1
46 5 9
47 1 0
47 2 0
47 3 0
47 4 2
47 5 1
48 1 0
48 2 0
48 3 0
48 4 0
48 5 0
49 1 0
49 2 0
49 3 2
49 4 1
49 5 0
50 1 0
50 2 4
50 3 4
50 4 3
50 5 0
51 1 0
51 2 8
51 3 4
51 4 2
51 5 1
52 1 0
52 2 0
52 3 8
52 4 6
52 5 5
53 1 0
53 2 2
53 3 4
53 4 5
53 5 8
54 1 0
54 2 0
54 3 0
54 4 0
54 5 4
55 1 0
55 2 2
55 3 0
55 4 0
55 5 2
56 1 1
56 2 10
56 3 12
56 4 0
56 5 8
57 1 13
57 2 11
57 3 2
57 4 3
57 5 9
58 1 4
58 2 5
58 3 5
58 4 2
58 5 7
59 1 2
59 2 1
59 3 2
59 4 0
59 5 6
60 1 1
60 2 2
60 3 1
60 4 1
60 5 0
61 1 2
61 2 1
61 3 0
61 4 0
61 5 0
62 1 0
62 2 1
62 3 0
62 4 0
62 5 0
63 1 0
63 2 0
63 3 0
63 4 0
63 5 1
64 1 0
64 2 0
64 3 0
64 4 0
64 5 1
65 1 0
65 2 0
65 3 0
65 4 0
65 5 0
66 1 0
66 2 0
66 3 0
66 4 0
66 5 0
67 1 0
67 2 0
67 3 0
67 4 0
67 5 0
68 1 0
68 2 0
68 3 0
68 4 0
68 5 1
69 1 0
69 2 0
69 3 0
69 4 0
69 5 8
70 1 0
70 2 0
70 3 0
70 4 0
70 5 2
71 1 0
71 2 0
71 3 0
71 4 0
71 5 0
72 1 0
72 2 0
72 3 0
72 4 0
72 5 0
73 1 0
73 2 0
73 3 0
73 4 0
73 5 0
74 1 0
74 2 0
74 3 0
74 4 0
74 5 10
75 1 0
75 2 0
75 3 0
75 4 9
75 5 4
76 1 0
76 2 1
76 3 0
76 4 1
76 5 1
77 1 0
77 2 0
77 3 0
77 4 0
77 5 1
78 1 0
78 2 0
78 3 0
78 4 0
78 5 0
79 1 0
79 2 0
79 3 0
79 4 0
79 5 0
80 1 0
80 2 0
80 3 0
80 4 0
80 5 0
81 1 NA
81 2 NA
81 3 NA
81 4 NA
81 5 NA
81 6 NA
81 7 NA
81 8 NA
81 9 NA
81 10 NA
81 11 NA
81 12 NA
81 13 NA
81 14 NA
81 15 NA
82 1 NA
82 2 NA
82 3 NA
82 4 NA
82 5 NA
82 6 NA
82 7 NA
82 8 NA
82 9 NA
82 10 NA
82 11 NA
82 12 NA
82 13 NA
82 14 NA
82 15 NA
83 1 NA
83 2 NA
83 3 NA
83 4 NA
83 5 NA
83 6 NA
83 7 NA
83 8 NA
83 9 NA
83 10 NA
83 11 NA
83 12 NA
83 13 NA
83 14 NA
83 15 NA
84 1 NA
84 2 NA
84 3 NA
84 4 NA
84 5 NA
84 6 NA
84 7 NA
84 8 NA
84 9 NA
84 10 NA
84 11 NA
84 12 NA
84 13 NA
84 14 NA
84 15 NA
85 1 NA
85 2 NA
85 3 NA
85 4 NA
85 5 NA
85 6 NA
85 7 NA
85 8 NA
85 9 NA
85 10 NA
85 11 NA
85 12 NA
85 13 NA
85 14 NA
85 15 NA
86 1 NA
86 2 NA
86 3 NA
86 4 NA
86 5 NA
86 6 NA
86 7 NA
86 8 NA
86 9 NA
86 10 NA
86 11 NA
86 12 NA
86 13 NA
86 14 NA
86 15 NA
87 1 NA
87 2 NA
87 3 NA
87 4 NA
87 5 NA
87 6 NA
87 7 NA
87 8 NA
87 9 NA
87 10 NA
87 11 NA
87 12 NA
87 13 NA
87 14 NA
87 15 NA
88 1 NA
88 2 NA
88 3 NA
88 4 NA
88 5 NA
88 6 NA
88 7 NA
88 8 NA
88 9 NA
88 10 NA
88 11 NA
88 12 NA
88 13 NA
88 14 NA
88 15 NA
89 1 NA
89 2 NA
89 3 NA
89 4 NA
89 5 NA
89 6 NA
89 7 NA
89 8 NA
89 9 NA
89 10 NA
89 11 NA
89 12 NA
89 13 NA
89 14 NA
89 15 NA
90 1 NA
90 2 NA
90 3 NA
90 4 NA
90 5 NA
90 6 NA
90 7 NA
90 8 NA
90 9 NA
90 10 NA
90 11 NA
90 12 NA
90 13 NA
90 14 NA
90 15 NA
91 1 NA
91 2 NA
91 3 NA
91 4 NA
91 5 NA
91 6 NA
91 7 NA
91 8 NA
91 9 NA
91 10 NA
91 11 NA
91 12 NA
91 13 NA
91 14 NA
91 15 NA
92 1 NA
92 2 NA
92 3 NA
92 4 NA
92 5 NA
92 6 NA
92 7 NA
92 8 NA
92 9 NA
92 10 NA
92 11 NA
92 12 NA
92 13 NA
92 14 NA
92 15 NA
93 1 NA
93 2 NA
93 3 NA
93 4 NA
93 5 NA
93 6 NA
93 7 NA
93 8 NA
93 9 NA
93 10 NA
93 11 NA
93 12 NA
93 13 NA
93 14 NA
93 15 NA
94 1 NA
94 2 NA
94 3 NA
94 4 NA
94 5 NA
94 6 NA
94 7 NA
94 8 NA
94 9 NA
94 10 NA
94 11 NA
94 12 NA
94 13 NA
94 14 NA
94 15 NA
95 1 NA
95 2 NA
95 3 NA
95 4 NA
95 5 NA
95 6 NA
95 7 NA
95 8 NA
95 9 NA
95 10 NA
95 11 NA
95 12 NA
95 13 NA
95 14 NA
95 15 NA
96 1 NA
96 2 NA
96 3 NA
96 4 NA
96 5 NA
96 6 NA
96 7 NA
96 8 NA
96 9 NA
96 10 NA
96 11 NA
96 12 NA
96 13 NA
96 14 NA
96 15 NA
97 1 NA
97 2 NA
97 3 NA
97 4 NA
97 5 NA
97 6 NA
97 7 NA
97 8 NA
97 9 NA
97 10 NA
97 11 NA
97 12 NA
97 13 NA
97 14 NA
97 15 NA
98 1 NA
98 2 NA
98 3 NA
98 4 NA
98 5 NA
98 6 NA
98 7 NA
98 8 NA
98 9 NA
98 10 NA
98 11 NA
98 12 NA
98 13 NA
98 14 NA
98 15 NA
99 1 NA
99 2 NA
99 3 NA
99 4 NA
99 5 NA
99 6 NA
99 7 NA
99 8 NA
99 9 NA
99 10 NA
99 11 NA
99 12 NA
99 13 NA
99 14 NA
99 15 NA
100 1 NA
100 2 NA
100 3 NA
100 4 NA
100 5 NA
100 6 NA
100 7 NA
100 8 NA
100 9 NA
100 10 NA
100 11 NA
100 12 NA
100 13 NA
100 14 NA
100 15 NA
