# Xplot Yplot dens.05 dens.07 dens.14 dens.15 dens.18
  1   1  NA   0   0   0   0
  1   2  NA   0   0   0   0
  1   3  NA   0   0   0   0
  1   4  NA   0   0   0   0
  1   5  NA   0   0   0   0
  1   6  NA   0   0   0   0
  1   7  NA   0   0   0   1
  1   8  NA   0   0   0   0
  1   9  NA   0   0   1   0
  1  10  NA   2   0   2   0
  2   1  NA   0   0   0   0
  2   2  NA   0   0   0   0
  2   3  NA   0   0   0   0
  2   4  NA   0   0   0   0
  2   5  NA   0   0   0   0
  2   6  NA   0   0   2   0
  2   7  NA   0   0   1   0
  2   8  NA   0   0   0   0
  2   9  NA   0   0   0   0
  2  10  NA   0   0   0   0
  3   1  NA   0   0   0   0
  3   2  NA   0   0   0   0
  3   3  NA   0   0   0   0
  3   4  NA   0   0   0   0
  3   5  NA   0   0   1   0
  3   6  NA   0   0   0   0
  3   7  NA   0   0   0   0
  3   8  NA   0   0   0   0
  3   9  NA   0   0   0   3
  3  10  NA   0   0   0   4
  4   1  NA   0   0   0   0
  4   2  NA   0   0   0   0
  4   3  NA   0   0   0   0
  4   4  NA   0   0   0   0
  4   5  NA   0   0   0   0
  4   6  NA   0   0   0   0
  4   7  NA   0   0   0   0
  4   8  NA   0   0   0   0
  4   9  NA   0   0   0   1
  4  10  NA   0   0   0   0
  5   1  NA   0   0   0   0
  5   2  NA   0   0   0   0
  5   3  NA   0   0   0   0
  5   4  NA   0   0   0   0
  5   5  NA   0   0   0   0
  5   6  NA   0   0   0   0
  5   7  NA   0   0   0   0
  5   8  NA   0   0   0   2
  5   9  NA   0   0   0   0
  5  10  NA   0   0   0   1
  6   1  NA   0   0   0   0
  6   2  NA   0   0   0   0
  6   3  NA   0   0   0   0
  6   4  NA   0   0   0   0
  6   5  NA   0   0   0   0
  6   6  NA   2   0   0   0
  6   7  NA   0   0   0   0
  6   8  NA   0   0   0   0
  6   9  NA   0   0   0   0
  6  10  NA   0   0   0   0
  7   1  NA   0   0   0   0
  7   2  NA   0   0   0   0
  7   3  NA   0   0   0   0
  7   4  NA   0   0   0   0
  7   5  NA   0   0   0   0
  7   6  NA   0   0   0   0
  7   7  NA   0   0   0   0
  7   8  NA   0   0   0   2
  7   9  NA   0   0   0   0
  7  10  NA   0   0   2   0
  8   1  NA   0   0   0   0
  8   2  NA   0   0   0   0
  8   3  NA   0   0   0   0
  8   4  NA   5   0   1   0
  8   5  NA   1   0   0   0
  8   6  NA   0   0   0   0
  8   7  NA   2   0   0   0
  8   8  NA   0   0   0   0
  8   9  NA   0   0   3   0
  8  10  NA   9   0   0   0
  9   1  NA   0   0   0   0
  9   2  NA   0   0   0   0
  9   3  NA   1   0   0   0
  9   4  NA   0   0   5   0
  9   5  NA   1   0   0   0
  9   6  NA   5   0   0   0
  9   7  NA   1   1   2   0
  9   8  NA   0   0   1   0
  9   9  NA   3   0   4   0
  9  10  NA   1   0   0   0
 10   1  NA   0   0   0   0
 10   2  NA   0   0   0   0
 10   3  NA   0   0   0   0
 10   4  NA   1   0   0   0
 10   5  NA   0   0   0   0
 10   6  NA   2   0   3   0
 10   7  NA   0   0   2   0
 10   8  NA   2   1   5   0
 10   9  NA   2   1   0   0
 10  10  NA   0   0   0   0
 11   1  NA   3   0   3   0
 11   2  NA   0   0   0   0
 11   3  NA   0   0   0   0
 11   4  NA   0   0   0   2
 11   5  NA   0   0   0   0
 11   6  NA  13   0   1   3
 11   7  NA   5   0   1   1
 11   8  NA   8   7   2   0
 11   9  NA   1   0   0   4
 11  10  NA   0   1   0   6
 12   1  NA   0   0   1   0
 12   2  NA   0   0   0   0
 12   3  NA   0   0   0   0
 12   4  NA   0   0   0   0
 12   5  NA   0   0   0   1
 12   6  NA   1   0   0   2
 12   7  NA   4   0   0   5
 12   8  NA  12   0   7   1
 12   9  NA   4   0   1   0
 12  10  NA   0   0   0   2
 13   1  NA   0   0   0   0
 13   2  NA   0   0   0   2
 13   3  NA   0   0   0   0
 13   4  NA   0   0   0   0
 13   5  NA   0   0   0   0
 13   6  NA  11   0   2   0
 13   7  NA   5   0   1   6
 13   8  NA   1   0   0   1
 13   9  NA   4   0   2   3
 13  10  NA   0   0   0   4
 14   1  NA   0   0   0   3
 14   2  NA   0   0   0   3
 14   3  NA   4   0   0   1
 14   4  NA   1   0   5   0
 14   5  NA   7   0   2   0
 14   6  NA   7   0   2   0
 14   7  NA   0   0   0   5
 14   8  NA   0   0   0   1
 14   9  NA   5   0   1   2
 14  10  NA   9   6   5   0
 15   1  NA   0   0   0   0
 15   2  NA   0   0   0   1
 15   3  NA   3   0   2   4
 15   4  NA  12   8   8   0
 15   5  NA  18   7   8   0
 15   6  NA  13   0   0   1
 15   7  NA   0   0   0   6
 15   8  NA   1   0   0   6
 15   9  NA   8   4   0   1
 15  10  NA  17  18  18   0
 16   1  NA   3   0   0   0
 16   2  NA   3   2   4   0
 16   3  NA  14   5   7   0
 16   4  NA   3   7  18   1
 16   5  NA   1   4   3   0
 16   6  NA   8   0   7   1
 16   7  NA   6   0   0   0
 16   8  NA   7   0   0   5
 16   9  NA  12   6   3   2
 16  10  NA  21  30  11   0
 17   1  NA  12   4  11   0
 17   2  NA  15   4  18   0
 17   3  NA  17   3  11   0
 17   4  NA   7  17   5   0
 17   5  NA   9   7   3   3
 17   6  NA  13   4   3   6
 17   7  NA   6   4   4   0
 17   8  NA  23  19   4   4
 17   9  NA  19   6   2   1
 17  10  NA  17  20  15   2
 18   1  NA   8   3  10   0
 18   2  NA  23   0   7   0
 18   3  NA  24  13  11   0
 18   4  NA  21  13  10   0
 18   5  NA  22   4  12   0
 18   6  NA   8   4   5   2
 18   7  NA   4   0   0   4
 18   8  NA  25   2   6   5
 18   9  NA  12   3   2   7
 18  10  NA  27  24  13   0
 19   1  NA  16   3   6   0
 19   2  NA  22   4  16   0
 19   3  NA  22   3   2   0
 19   4  NA  20  14   6   0
 19   5  NA  19   7   8   0
 19   6  NA  15   7   3   1
 19   7  NA   5   3   1   2
 19   8  NA  12  14  10   4
 19   9  NA  17   4   6   4
 19  10  NA  17  21   6   1
 20   1  NA   6   0   2   0
 20   2  NA  19   4   9   0
 20   3  NA  21   9   4   0
 20   4  NA  13   2   7   0
 20   5  NA  12   7   0   0
 20   6  NA   6   9   3   0
 20   7  NA  17   6   0   3
 20   8  NA   9  20  11   0
 20   9  NA   4  10   4   1
 20  10  NA  12  19  11   0
 21   1  NA   0   0   0   0
 21   2  NA   5   0   3   0
 21   3  NA  18   9   8   0
 21   4  NA  29  12   4   0
 21   5  NA   8   7   0   2
 21   6  NA  20   0   3   0
 21   7  NA   3   1   2   0
 21   8  NA  15  10   4   0
 21   9  NA  29   7   8   3
 21  10  NA  18   4   3   1
 22   1  NA   0   0   0   3
 22   2  NA   7   3   1   0
 22   3  NA  20   2   1   1
 22   4  NA  43   7   2   3
 22   5  NA  26  10   5   1
 22   6  NA  17   2   2   0
 22   7  NA   9  14   6   0
 22   8  NA   8  16  12   4
 22   9  NA   4   0   0   5
 22  10  NA   0   0   0   0
 23   1  NA   5   1   0   3
 23   2  NA   6   7   1   4
 23   3  NA  16   0   4   2
 23   4  NA  12   7   9   2
 23   5  NA  14   0   2   0
 23   6  NA   1   4   2   2
 23   7  NA   6  16  10   3
 23   8  NA  19  12  13   4
 23   9  NA  11   1   1   1
 23  10  NA   0   0   0   0
 24   1  NA   8   1   4   0
 24   2  NA   6   5   7   2
 24   3  NA   5   4   1   4
 24   4  NA   4  11   9  12
 24   5  NA   5   6   8   5
 24   6  NA  11   9   3   9
 24   7  NA  17  17  14   1
 24   8  NA  16  25  13   3
 24   9  NA  22   5   4   3
 24  10  NA   0   3   0   1
 25   1  NA   0   0   0   0
 25   2  NA   0   1   1   4
 25   3  NA   0   2   0   3
 25   4  NA   3   1   0   3
 25   5  NA   4   5   4   2
 25   6  NA  14  18  15   5
 25   7  NA  14  22  22   2
 25   8  NA  11   8  15   3
 25   9  NA  23   4  11   8
 25  10  NA  18  10   6  10
 26   1  NA   0   0   0   3
 26   2  NA   0   0   0   2
 26   3  NA   2   4   2   2
 26   4  NA  19  15  12   0
 26   5  NA  16  15  17   4
 26   6  NA  20  13   5   6
 26   7  NA  15  15  18   1
 26   8  NA  23   7   3   6
 26   9  NA  24   1   8   2
 26  10  NA  10   1   2   4
 27   1  NA   3   2   0   1
 27   2  NA   3   3   7   0
 27   3  NA   9   6   6   1
 27   4  NA   9   8   2   0
 27   5  NA  17  23   4   1
 27   6  NA  13  14   5  11
 27   7  NA  30  11   0   2
 27   8  NA  10   1   0   0
 27   9  NA   7   4   1   4
 27  10  NA  16   0   0   3
 28   1  NA   3   3   4   0
 28   2  NA   2   6   1   0
 28   3  NA   1   0   0   0
 28   4  NA   9   2   6   0
 28   5  NA  11   7   2   2
 28   6  NA  15   7   1   0
 28   7  NA  14   7   7   3
 28   8  NA  20   8   4   0
 28   9  NA  13   3   2   4
 28  10  NA  17  13   3   0
 29   1  NA   5   0   7   0
 29   2  NA  27   0   6   1
 29   3  NA   2   4   0   1
 29   4  NA   0   2   0   0
 29   5  NA  11   4  11   0
 29   6  NA  18   9   9   0
 29   7  NA  11   6   3   2
 29   8  NA  12  10   5   2
 29   9  NA  25   8   2   0
 29  10  NA  29  12   8   1
 30   1  NA   4   0   2   2
 30   2  NA   7   1   0   1
 30   3  NA   6   0   7   0
 30   4  NA   9   3   9   0
 30   5  NA   2   6   5   0
 30   6  NA  13   6   5   0
 30   7  NA  15   0   3   4
 30   8  NA  16  10   6   1
 30   9  NA  30  10   5   1
 30  10  NA  23   9   8   2
 31   1   6   1   1   7   0
 31   2  14   5   7   4   8
 31   3   8   7  11   2   2
 31   4   4   6   2   1   1
 31   5  10  NA   0   3   6
 32   1   7   4   0   0   0
 32   2  16  14   8   5   0
 32   3   4   8  10   6   5
 32   4   9  26   2   0   2
 32   5  21  NA   2   0   0
 33   1   0   0   4   3   0
 33   2  17  17   7   3   4
 33   3   8  28   1   3   5
 33   4  11  42   2   2   5
 33   5  12  NA   4   1   1
 34   1   0   1   3   0   0
 34   2   8   5   0   0   0
 34   3   1   2   0   3   3
 34   4  10  25   9   3   2
 34   5  12  NA   7   1   1
 35   1  16   7   7   6   4
 35   2   6  15   5   7   2
 35   3   8   4   1   4   1
 35   4   8  12   1   5   1
 35   5  14  NA  20  10   1
 36   1   6  47  13   5   0
 36   2   8  22   7   1   0
 36   3  10  17   4   1   1
 36   4   6  19   3   1   0
 36   5  19  NA   1   3   2
 37   1  26  18   7   9   0
 37   2  24  18   5   2   0
 37   3   8  10   8   4   4
 37   4  14  28   7   7   3
 37   5  10  NA   2   1   2
 38   1  31  14   9   7   1
 38   2  38  15   6   1   0
 38   3   3   7   0   1   0
 38   4   0   5   0   0   0
 38   5   0  NA   0   0   0
 39   1  25  21   7   4   0
 39   2   9  10   0   0   0
 39   3   1   0   0   0   0
 39   4   6   5   0   1   0
 39   5  11  NA   8   2   0
 40   1   2   5   5   1   7
 40   2   8  15   6   3   0
 40   3   6  21   5   4   0
 40   4   8  10   0   2   1
 40   5   5  NA   5   2   0
 41   1   6   7   0   1   0
 41   2   4   8   0   0   0
 41   3   4   8   1   3   1
 41   4   6  15   1   1   0
 41   5  11  NA   3   3   2
 42   1   1   4   0   0   0
 42   2   1   0   0   0   0
 42   3   1   4   1   0   0
 42   4   2   4   1   1   0
 42   5   8  NA  13  15   4
 43   1   2   2   1   4   0
 43   2   2   5   3   1   0
 43   3   0   0   0   0   0
 43   4   0   0   0   0   0
 43   5   6  NA   3   7  10
 44   1   1   2   0   0   1
 44   2   1   0   1   0   0
 44   3   0   1   0   0   0
 44   4   0   0   0   0   0
 44   5   2  NA   0   2   0
 45   1   0   0   0   0   0
 45   2   0   0   0   0   0
 45   3   0   0   0   0   0
 45   4   0   0   0   0   0
 45   5   9  NA   0   2   4
 46   1   0   0   0   0   0
 46   2   0   0   0   0   0
 46   3   1   2   2   4   0
 46   4   1   0   4   0   0
 46   5   9  NA   6   2   3
 47   1   0   0   0   0   0
 47   2   0   0   0   0   0
 47   3   0   3   0   1   5
 47   4   2  12   4   0   1
 47   5   1  NA   2   0   0
 48   1   0   0   0   0   0
 48   2   0   0   0   0   0
 48   3   0   0   0   0   0
 48   4   0   1   0   0   0
 48   5   0  NA   0   0   0
 49   1   0   0   0   0   0
 49   2   0   0   1   0   0
 49   3   2   0   0   0   0
 49   4   1   2   0   0   0
 49   5   0  NA   0   0   0
 50   1   0   0   0   0   0
 50   2   4   4   0   2   0
 50   3   4   4   3   4   1
 50   4   3   2   6   2   0
 50   5   0  NA   0   0   0
 51   1   0   0   0   0   0
 51   2   8   7   0   0   0
 51   3   4   4   0   5   1
 51   4   2   6   1   2   3
 51   5   1  NA   4   2   6
 52   1   0   0   0   0   0
 52   2   0   1   0   0   0
 52   3   8   9   0   0   0
 52   4   6  19   3   5   0
 52   5   5  NA  11   0   0
 53   1   0   0   0   0   0
 53   2   2   0   0   0   0
 53   3   4   1   0   0   0
 53   4   5   8   0   1   0
 53   5   8  NA   4   1   0
 54   1   0   0   0   0   0
 54   2   0   0   2   2   0
 54   3   0   0   0   0   0
 54   4   0   1   0   0   0
 54   5   4  NA   0   0   0
 55   1   0   0   0   0   0
 55   2   2   0   0   0   0
 55   3   0   0   0   0   0
 55   4   0   0   0   0   0
 55   5   2  NA   0   0   0
 56   1   1   2   3   0   0
 56   2  10   0   0   0   1
 56   3  12   3   0   0   0
 56   4   0   0   0   0   0
 56   5   8  NA   0   0   0
 57   1  13   3   0   0   0
 57   2  11   3   0   0   0
 57   3   2   4   0   0   0
 57   4   3   6   1   0   1
 57   5   9  NA   0   1   1
 58   1   4   3   1   0   0
 58   2   5   3   1   1   0
 58   3   5   3   0   0   0
 58   4   2   0   0   0   0
 58   5   7  NA   0   0   0
 59   1   2   1   0   0   0
 59   2   1   0   0   0   0
 59   3   2   0   0   0   0
 59   4   0   0   0   0   0
 59   5   6  NA   0   0   0
 60   1   1   2   0   0   0
 60   2   2   3   0   0   0
 60   3   1   0   0   0   0
 60   4   1   0   0   0   0
 60   5   0  NA   0   0   3
 61   1   2   2   0   0   0
 61   2   1   1   0   0   0
 61   3   0   0   0   0   0
 61   4   0   0   0   0   0
 61   5   0  NA   0   0   0
 62   1   0   0   0   1   0
 62   2   1   1   0   0   0
 62   3   0   0   0   0   0
 62   4   0   0   0   0   0
 62   5   0  NA   0   0   0
 63   1   0   0   0   0   0
 63   2   0   0   0   0   0
 63   3   0   0   0   0   0
 63   4   0   0   0   0   0
 63   5   1  NA   1   0   0
 64   1   0   0   0   0   0
 64   2   0   0   0   0   0
 64   3   0   0   0   0   0
 64   4   0   0   0   0   0
 64   5   1  NA   0   0   0
 65   1   0   0   0   0   0
 65   2   0   0   0   0   0
 65   3   0   0   0   0   0
 65   4   0   0   0   0   0
 65   5   0  NA   0   0   0
 66   1   0   0   0   0   0
 66   2   0   0   0   0   0
 66   3   0   0   0   0   0
 66   4   0   0   0   0   0
 66   5   0  NA   0   0   0
 67   1   0   0   0   0   0
 67   2   0   0   0   0   0
 67   3   0   0   0   0   0
 67   4   0   0   0   0   0
 67   5   0  NA   0   0   1
 68   1   0   0   0   0   0
 68   2   0   0   0   0   0
 68   3   0   0   0   0   0
 68   4   0   0   0   0   0
 68   5   1  NA   1   0   0
 69   1   0   0   0   0   0
 69   2   0   0   0   0   0
 69   3   0   0   0   0   0
 69   4   0   0   0   0   0
 69   5   8  NA   2   4   1
 70   1   0   0   0   0   0
 70   2   0   0   0   0   0
 70   3   0   0   0   0   0
 70   4   0   0   0   1   3
 70   5   2  NA   2   1   3
 71   1   0   0   0   0   0
 71   2   0   0   0   0   0
 71   3   0   0   0   0   0
 71   4   0   0   0   0   0
 71   5   0  NA   2   0   0
 72   1   0   0   0   0   0
 72   2   0   0   0   0   0
 72   3   0   0   0   0   0
 72   4   0   0   0   0   0
 72   5   0  NA   0   0   0
 73   1   0   0   0   0   0
 73   2   0   0   0   0   0
 73   3   0   0   0   0   0
 73   4   0   0   0   0   1
 73   5   0  NA   0   0   0
 74   1   0   0   0   0   0
 74   2   0   0   0   0   0
 74   3   0   0   0   0   0
 74   4   0   0   1   0   0
 74   5  10  NA   0   1   0
 75   1   0   0   0   0   0
 75   2   0   2   0   0   0
 75   3   0   0   0   1   0
 75   4   9   0   0   0   0
 75   5   4  NA   0   0   0
 76   1   0   0   0   0   0
 76   2   1   1   0   0   0
 76   3   0   0   0   0   0
 76   4   1   0   0   0   0
 76   5   1  NA   0   0   0
 77   1   0   0   0   0   0
 77   2   0   0   0   0   0
 77   3   0   0   0   0   0
 77   4   0   0   0   0   0
 77   5   1  NA   0   0   0
 78   1   0   0   0   0   0
 78   2   0   0   0   0   0
 78   3   0   0   0   0   0
 78   4   0   0   0   0   0
 78   5   0  NA   0   0   0
 79   1   0   0   0   0   0
 79   2   0   0   0   0   0
 79   3   0   0   0   0   0
 79   4   0   0   0   0   0
 79   5   0  NA   0   0   0
 80   1   0   0   0   0   0
 80   2   0   0   0   0   0
 80   3   0   0   0   0   0
 80   4   0   0   0   0   0
 80   5   0  NA   0   0   0
 81   1  NA   0   0   0   0
 81   2  NA   0   0   0   0
 81   3  NA   0   0   0   0
 81   4  NA   0   0   0   0
 81   5  NA   0   0   0   0
 81   6  NA   0   0   0   0
 81   7  NA   0   0   0   0
 81   8  NA   0   0   0   0
 81   9  NA   0   0   0   0
 81  10  NA   0   0   0   0
 81  11  NA   0   0   0   0
 81  12  NA   0   0   0   0
 81  13  NA   0   0   0   0
 81  14  NA   0   0   0   0
 81  15  NA   1   0   0   0
 82   1  NA   0   0   0   0
 82   2  NA   0   0   0   1
 82   3  NA   0   0   0   0
 82   4  NA   0   0   0   0
 82   5  NA   0   0   0   0
 82   6  NA   0   1   0   0
 82   7  NA   0   1   0   0
 82   8  NA   0   4   0   0
 82   9  NA   0   1   0   0
 82  10  NA   0   0   0   0
 82  11  NA   0   0   0   0
 82  12  NA   0   0   0   0
 82  13  NA   0   0   0   0
 82  14  NA   0   0   0   0
 82  15  NA   0   0   0   0
 83   1  NA   0   0   0   0
 83   2  NA   0   0   0   0
 83   3  NA   0   0   0   0
 83   4  NA   0   0   0   0
 83   5  NA   0   0   0   0
 83   6  NA   0   0   0   0
 83   7  NA   4   1   0   0
 83   8  NA   0   1   0   0
 83   9  NA   1   0   1   0
 83  10  NA   0   0   0   0
 83  11  NA   0   0   0   0
 83  12  NA   0   0   0   0
 83  13  NA   0   0   0   0
 83  14  NA   0   0   0   0
 83  15  NA   0   0   0   0
 84   1  NA   0   0   1   0
 84   2  NA   0   0   0   0
 84   3  NA   0   0   0   0
 84   4  NA   0   0   0   0
 84   5  NA   0   0   0   0
 84   6  NA   5   0   0   0
 84   7  NA   0   0   1   0
 84   8  NA   1   0   0   0
 84   9  NA   0   0   0   0
 84  10  NA   0   0   0   0
 84  11  NA   0   0   0   0
 84  12  NA   0   0   0   0
 84  13  NA   0   0   0   0
 84  14  NA   0   0   0   0
 84  15  NA   0   0   0   0
 85   1  NA   0   0   0   0
 85   2  NA   0   0   0   0
 85   3  NA   0   0   1   0
 85   4  NA   0   0   0   0
 85   5  NA   0   1   0   0
 85   6  NA   8   1   1   0
 85   7  NA   0   0   0   0
 85   8  NA   0   0   0   1
 85   9  NA   0   0   0   0
 85  10  NA   0   0   0   0
 85  11  NA   0   0   0   0
 85  12  NA   0   0   0   0
 85  13  NA   0   0   0   0
 85  14  NA   2   0   0   1
 85  15  NA   0   0   0   0
 86   1  NA   0   0   0   0
 86   2  NA   0   0   0   0
 86   3  NA   0   0   0   0
 86   4  NA   0   0   0   0
 86   5  NA   0   0   0   0
 86   6  NA   3   0   3   0
 86   7  NA   0   0   0   0
 86   8  NA   0   0   0   2
 86   9  NA   0   0   0   1
 86  10  NA   0   0   0   0
 86  11  NA   0   0   0   0
 86  12  NA   0   0   0   0
 86  13  NA   0   0   0   0
 86  14  NA   0   0   0   0
 86  15  NA   0   0   0   0
 87   1  NA   1   0   0   0
 87   2  NA   0   0   0   0
 87   3  NA   0   0   0   0
 87   4  NA   0   0   0   0
 87   5  NA   0   0   0   1
 87   6  NA   0   0   0   2
 87   7  NA   0   0   0   0
 87   8  NA   0   0   0   0
 87   9  NA   0   0   0   0
 87  10  NA   0   0   0   0
 87  11  NA   0   0   0   0
 87  12  NA   0   0   0   0
 87  13  NA   0   0   0   0
 87  14  NA   5   0   3   0
 87  15  NA   0   0   0   0
 88   1  NA   0   0   0   0
 88   2  NA   0   0   0   0
 88   3  NA   0   0   0   0
 88   4  NA   0   0   0   0
 88   5  NA   0   0   0   0
 88   6  NA   7   0   0   0
 88   7  NA   0   0   0   0
 88   8  NA   0   0   0   0
 88   9  NA   0   0   0   0
 88  10  NA   0   0   0   0
 88  11  NA   0   0   0   0
 88  12  NA   5   0   0   0
 88  13  NA   5   0   0   0
 88  14  NA   4   0   1   0
 88  15  NA   0   0   0   0
 89   1  NA   0   1   0   0
 89   2  NA   0   0   0   0
 89   3  NA   0   0   0   0
 89   4  NA   0   0   0   0
 89   5  NA   0   0   0   0
 89   6  NA   0   0   1   0
 89   7  NA   0   0   0   0
 89   8  NA   0   0   0   0
 89   9  NA   0   0   4   0
 89  10  NA   0   0   0   0
 89  11  NA   0   0   0   0
 89  12  NA   0   0   0   0
 89  13  NA   4   0   0   0
 89  14  NA   1   0   2   0
 89  15  NA   0   0   0   0
 90   1  NA   0   0   0   0
 90   2  NA   0   0   0   0
 90   3  NA   0   0   0   0
 90   4  NA   0   0   0   0
 90   5  NA   0   0   0   0
 90   6  NA   0   0   0   0
 90   7  NA   0   0   0   0
 90   8  NA   0   0   0   0
 90   9  NA   0   0   0   0
 90  10  NA   0   0   0   0
 90  11  NA   0   0   0   0
 90  12  NA   0   0   0   0
 90  13  NA   0   0   0   1
 90  14  NA   8   0   1   0
 90  15  NA   0   0   0   0
 91   1  NA   0   0   0   0
 91   2  NA   0   0   0   0
 91   3  NA   0   3   2   0
 91   4  NA   0   0   3   0
 91   5  NA   0   0   0   0
 91   6  NA   0   0   0   0
 91   7  NA   0   1   1   0
 91   8  NA   0   0   0   0
 91   9  NA   0   0   0   0
 91  10  NA   0   0   0   0
 91  11  NA   0   0   0   0
 91  12  NA   0   0   0   0
 91  13  NA   1   0   0   0
 91  14  NA   0   0   0   0
 91  15  NA   0   0   0   0
 92   1  NA   0   0   0   0
 92   2  NA   0   0   0   0
 92   3  NA   0   0   0   0
 92   4  NA   0   0   0   0
 92   5  NA   0   0   0   0
 92   6  NA   0   1   1   0
 92   7  NA   0   1   3   0
 92   8  NA   0   0   2   0
 92   9  NA   0   0   0   0
 92  10  NA   0   0   0   0
 92  11  NA   1   1   0   0
 92  12  NA   6   0   2   0
 92  13  NA   1   1   1   0
 92  14  NA   2   2   3   0
 92  15  NA   1   0   3   0
 93   1  NA   0   0   0   0
 93   2  NA   0   0   0   0
 93   3  NA   0   0   0   0
 93   4  NA   0   0   3   0
 93   5  NA   0   0   0   0
 93   6  NA   0   0   0   0
 93   7  NA   0   0   0   0
 93   8  NA   2   3   2   0
 93   9  NA   0   0   0   0
 93  10  NA   0   0   0   0
 93  11  NA   0   0   0   0
 93  12  NA   0   0   0   0
 93  13  NA   6   1   0   0
 93  14  NA  12   3   3   0
 93  15  NA  13   4   4   0
 94   1  NA   0   0   0   0
 94   2  NA   0   0   1   0
 94   3  NA   5   0   4   0
 94   4  NA   4   0   1   0
 94   5  NA   5   4   1   0
 94   6  NA   0   0   1   0
 94   7  NA   0   0   0   0
 94   8  NA   0   0   1   0
 94   9  NA   0   0   0   0
 94  10  NA   0   0   0   0
 94  11  NA   0   0   0   0
 94  12  NA   0   0   0   0
 94  13  NA   0   0   0   3
 94  14  NA   2   1   0   2
 94  15  NA   1   0   1   0
 95   1  NA   0   0   0   0
 95   2  NA   0   0   0   0
 95   3  NA   0   4   0   0
 95   4  NA   5   1   0   0
 95   5  NA   0   0   0   0
 95   6  NA   0   0   0   0
 95   7  NA   0   0   0   0
 95   8  NA   0   0   0   0
 95   9  NA   0   0   0   0
 95  10  NA   0   0   0   0
 95  11  NA   0   0   0   0
 95  12  NA   0   0   0   0
 95  13  NA   0   0   0   0
 95  14  NA   0   0   0   0
 95  15  NA   0   0   0   0
 96   1  NA   0   0   0   0
 96   2  NA   0   0   0   0
 96   3  NA   2   1   0   0
 96   4  NA   0   2   0   0
 96   5  NA   0   0   1   0
 96   6  NA   0   0   0   0
 96   7  NA   0   0   0   0
 96   8  NA   2   0   0   0
 96   9  NA   0   0   0   0
 96  10  NA   0   0   0   0
 96  11  NA   6   0   0   0
 96  12  NA   0   0   0   0
 96  13  NA   0   0   0   0
 96  14  NA   0   0   0   0
 96  15  NA   1   0   0   0
 97   1  NA   0   0   0   0
 97   2  NA   0   0   0   0
 97   3  NA   7   0   0   0
 97   4  NA   0   0   0   0
 97   5  NA   0   0   3   0
 97   6  NA   0   0   0   0
 97   7  NA   0   0   0   0
 97   8  NA   0   0   0   0
 97   9  NA   0   0   0   0
 97  10  NA   0   0   0   0
 97  11  NA   2   1   2   0
 97  12  NA   0   0   0   0
 97  13  NA   0   0   0   0
 97  14  NA   0   0   0   1
 97  15  NA   0   0   0   0
 98   1  NA   0   0   0   0
 98   2  NA   0   0   0   0
 98   3  NA   0   0   0   0
 98   4  NA   3   0   0   0
 98   5  NA   0   0   0   0
 98   6  NA   0   0   0   0
 98   7  NA   0   0   0   0
 98   8  NA   0   0   0   0
 98   9  NA   0   0   0   0
 98  10  NA   4   8   4   0
 98  11  NA   0   0   0   1
 98  12  NA   0   0   0   0
 98  13  NA   0   0   0   0
 98  14  NA   0   0   0   0
 98  15  NA   0   0   0   0
 99   1  NA   0   0   0   0
 99   2  NA   0   0   0   0
 99   3  NA   0   0   0   0
 99   4  NA   0   0   1   0
 99   5  NA   0   0   2   0
 99   6  NA   0   0   0   0
 99   7  NA   0   0   0   1
 99   8  NA   0   0   0   0
 99   9  NA   0   0   0   0
 99  10  NA   2   0   0   0
 99  11  NA   0   0   0   0
 99  12  NA   0   0   0   0
 99  13  NA   0   0   0   0
 99  14  NA   0   0   0   0
 99  15  NA   0   0   0   0
100   1  NA   0   0   0   0
100   2  NA   0   0   0   0
100   3  NA   0   0   0   0
100   4  NA   0   0   2   0
100   5  NA   5   0   0   0
100   6  NA   0   0   0   0
100   7  NA   0   0   0   0
100   8  NA   0   0   0   0
100   9  NA   0   0   0   0
100  10  NA   0   0   0   0
100  11  NA   0   0   0   0
100  12  NA   0   0   0   0
100  13  NA   0   0   0   0
100  14  NA   0   0   0   0
100  15  NA   0   0   0   0
