1.00000000 1.00000000 0.01226557
1.00000000 2.00000000 0.01143931
1.00000000 3.00000000 0.01143931
1.00000000 4.00000000 0.01143931
1.00000000 5.00000000 0.01143931
1.00000000 6.00000000 0.01143931
1.00000000 7.00000000 0.01143931
1.00000000 8.00000000 0.01143931
1.00000000 9.00000000 0.01407839
1.00000000 10.00000000 0.08789749
1 11 NA
1 12 NA
1 13 NA
1 14 NA
1 15 NA
2.00000000 1.00000000 0.01143931
2.00000000 2.00000000 0.01143931
2.00000000 3.00000000 0.01143931
2.00000000 4.00000000 0.01143931
2.00000000 5.00000000 0.01143931
2.00000000 6.00000000 0.05552277
2.00000000 7.00000000 0.01143931
2.00000000 8.00000000 0.01143931
2.00000000 9.00000000 0.01143931
2.00000000 10.00000000 0.01968186
2 11 NA
2 12 NA
2 13 NA
2 14 NA
2 15 NA
3.00000000 1.00000000 0.01143931
3.00000000 2.00000000 0.01143931
3.00000000 3.00000000 0.01143931
3.00000000 4.00000000 0.01143931
3.00000000 5.00000000 0.01143931
3.00000000 6.00000000 0.01782521
3.00000000 7.00000000 0.01724139
3.00000000 8.00000000 0.01143931
3.00000000 9.00000000 0.01507058
3.00000000 10.00000000 0.01507058
3 11 NA
3 12 NA
3 13 NA
3 14 NA
3 15 NA
4.00000000 1.00000000 0.01143931
4.00000000 2.00000000 0.01143931
4.00000000 3.00000000 0.01143931
4.00000000 4.00000000 0.01143931
4.00000000 5.00000000 0.01143931
4.00000000 6.00000000 0.01407839
4.00000000 7.00000000 0.01842628
4.0000000 8.0000000 0.1369446
4.0000000 9.0000000 0.2226356
4.0000000 10.0000000 0.3845626
4 11 NA
4 12 NA
4 13 NA
4 14 NA
4 15 NA
5.00000000 1.00000000 0.01143931
5.00000000 2.00000000 0.01143931
5.00000000 3.00000000 0.01143931
5.00000000 4.00000000 0.01143931
5.00000000 5.00000000 0.01143931
5.0000000 6.0000000 0.2599033
5.0000000 7.0000000 0.0730974
5.0000000 8.0000000 0.1245695
5.00000000 9.00000000 0.08926985
5.00000000 10.00000000 0.02800813
5 11 NA
5 12 NA
5 13 NA
5 14 NA
5 15 NA
6.00000000 1.00000000 0.01143931
6.00000000 2.00000000 0.01143931
6.00000000 3.00000000 0.01143931
6.00000000 4.00000000 0.01143931
6.00000000 5.00000000 0.05246547
6.000000 6.000000 0.525562
6.00000000 7.00000000 0.09493032
6.00000000 8.00000000 0.01612388
6.00000000 9.00000000 0.02033721
6.00000000 10.00000000 0.09493032
6 11 NA
6 12 NA
6 13 NA
6 14 NA
6 15 NA
7.00000000 1.00000000 0.01143931
7.00000000 2.00000000 0.01143931
7.00000000 3.00000000 0.01143931
7.00000000 4.00000000 0.01968186
7.000000 5.000000 0.456337
7.0000000 6.0000000 0.1441331
7.00000000 7.00000000 0.01143931
7.00000000 8.00000000 0.01143931
7.00000000 9.00000000 0.01143931
7.000000 10.000000 0.121613
7 11 NA
7 12 NA
7 13 NA
7 14 NA
7 15 NA
8.00000000 1.00000000 0.01143931
8.00000000 2.00000000 0.01143931
8.00000000 3.00000000 0.05099011
8.000000 4.000000 0.895415
8.0000000 5.0000000 0.9561325
8.00000000 6.00000000 0.03967391
8.00000000 7.00000000 0.01143931
8.00000000 8.00000000 0.01143931
8.00000000 9.00000000 0.08344386
8.0000000 10.0000000 0.3454829
8 11 NA
8 12 NA
8 13 NA
8 14 NA
8 15 NA
9.00000000 1.00000000 0.01314435
9.00000000 2.00000000 0.01456703
9.0000000 3.0000000 0.6475817
9.0000000 4.0000000 0.5898751
9.00000000 5.00000000 0.05710589
9.0000000 6.0000000 0.8900566
9.000000 7.000000 0.147492
9.0000000 8.0000000 0.2499887
9.0000000 9.0000000 0.1718812
9.00000000 10.00000000 0.01261063
9 11 NA
9 12 NA
9 13 NA
9 14 NA
9 15 NA
10.00000000 1.00000000 0.01891985
10.00000000 2.00000000 0.07270619
10.0000000 3.0000000 0.4753987
10.00000000 4.00000000 0.03270073
10.00000000 5.00000000 0.02714261
10.0000000 6.0000000 0.9159224
10.0000000 7.0000000 0.9487905
10.0000000 8.0000000 0.9149334
10.00000000 9.00000000 0.02241877
10.00000000 10.00000000 0.01143931
10 11 NA
10 12 NA
10 13 NA
10 14 NA
10 15 NA
11.000000 1.000000 0.456337
11.00000000 2.00000000 0.06777333
11.00000000 3.00000000 0.01143931
11.00000000 4.00000000 0.01143931
11.00000000 5.00000000 0.02714261
11.0000000 6.0000000 0.7657169
11 7 1
11.0000000 8.0000000 0.7534792
11.00000000 9.00000000 0.02213094
11.00000000 10.00000000 0.01184605
11 11 NA
11 12 NA
11 13 NA
11 14 NA
11 15 NA
12.0000000 1.0000000 0.8015057
12.00000000 2.00000000 0.01143931
12.00000000 3.00000000 0.01143931
12.00000000 4.00000000 0.01143931
12.00000000 5.00000000 0.01143931
12.0000000 6.0000000 0.1369446
12.00000 7.00000 0.90993
12.0000000 8.0000000 0.6877196
12.00000000 9.00000000 0.06381569
12.00000000 10.00000000 0.01226557
12 11 NA
12 12 NA
12 13 NA
12 14 NA
12 15 NA
13.0000000 1.0000000 0.0634655
13.00000000 2.00000000 0.01143931
13.00000000 3.00000000 0.01143931
13.00000000 4.00000000 0.01143931
13.00000000 5.00000000 0.03692404
13.0000000 6.0000000 0.4429011
13.0000000 7.0000000 0.6834427
13.0000000 8.0000000 0.5539868
13.00000000 9.00000000 0.08128576
13.00000000 10.00000000 0.01184605
13 11 NA
13 12 NA
13 13 NA
13 14 NA
13 15 NA
14.00000000 1.00000000 0.01143931
14.00000000 2.00000000 0.01623269
14.00000000 3.00000000 0.05040972
14.0000000 4.0000000 0.1586299
14.0000000 5.0000000 0.4919505
14.0000000 6.0000000 0.7936837
14.0000000 7.0000000 0.4685588
14.00000000 8.00000000 0.01143931
14.00000000 9.00000000 0.02256389
14.0000000 10.0000000 0.1395268
14 11 NA
14 12 NA
14 13 NA
14 14 NA
14 15 NA
15.00000000 1.00000000 0.01143931
15.00000000 2.00000000 0.01296426
15.0000000 3.0000000 0.5340552
15.0000000 4.0000000 0.8269653
15.0000000 5.0000000 0.6115121
15.0000000 6.0000000 0.1756995
15.00000000 7.00000000 0.01507058
15.00000000 8.00000000 0.01235104
15.00000000 9.00000000 0.04490306
15.0000000 10.0000000 0.4165215
15 11 NA
15 12 NA
15 13 NA
15 14 NA
15 15 NA
16.0000000 1.0000000 0.0288973
16.0000000 2.0000000 0.3302371
16.0000000 3.0000000 0.9302763
16.0000000 4.0000000 0.2846974
16.00000000 5.00000000 0.07507909
16.00000000 6.00000000 0.06038412
16.00000000 7.00000000 0.07751419
16.00000000 8.00000000 0.03759587
16.0000000 9.0000000 0.2836364
16.0000000 10.0000000 0.6504617
16 11 NA
16 12 NA
16 13 NA
16 14 NA
16 15 NA
17.0000000 1.0000000 0.7791432
17.0000000 2.0000000 0.9942266
17.0000000 3.0000000 0.9561325
17.0000000 4.0000000 0.4989002
17.0000000 5.0000000 0.5114822
17.0000000 6.0000000 0.2281237
17.0000000 7.0000000 0.6187305
17.0000000 8.0000000 0.8561151
17.0000000 9.0000000 0.6905669
17.0000000 10.0000000 0.8219531
17 11 NA
17 12 NA
17 13 NA
17 14 NA
17 15 NA
18.0000000 1.0000000 0.9916008
18.0000000 2.0000000 0.9871336
18.0000000 3.0000000 0.9952409
18 4 1
18.0000000 5.0000000 0.8857058
18.0000000 6.0000000 0.6374922
18.0000000 7.0000000 0.6490218
18.000000 8.000000 0.169619
18.0000000 9.0000000 0.7884254
18.0000000 10.0000000 0.8549339
18 11 NA
18 12 NA
18 13 NA
18 14 NA
18 15 NA
19.0000000 1.0000000 0.9246442
19.0000000 2.0000000 0.7383439
19.0000000 3.0000000 0.9109384
19 4 1
19.0000000 5.0000000 0.8380871
19.0000000 6.0000000 0.9284154
19.000000 7.000000 0.724433
19.0000000 8.0000000 0.4010335
19.0000000 9.0000000 0.4947268
19.00000 10.00000 0.99909
19 11 NA
19 12 NA
19 13 NA
19 14 NA
19 15 NA
20.0000000 1.0000000 0.1835175
20.0000000 2.0000000 0.6547788
20.0000000 3.0000000 0.9899638
20.0000000 4.0000000 0.9976857
20.0000000 5.0000000 0.9841771
20.0000000 6.0000000 0.8380871
20.0000000 7.0000000 0.7188324
20.000000 8.000000 0.804095
20.0000000 9.0000000 0.6187305
20.0000000 10.0000000 0.9208079
20 11 NA
20 12 NA
20 13 NA
20 14 NA
20 15 NA
21.0000000 1.0000000 0.0436082
21.000000 2.000000 0.160785
21.0000000 3.0000000 0.9520986
21.0000000 4.0000000 0.9608226
21.00000 5.00000 0.74937
21.0000000 6.0000000 0.6705731
21.0000000 7.0000000 0.6014097
21.0000000 8.0000000 0.5269753
21.0000000 9.0000000 0.5855541
21.0000000 10.0000000 0.4230519
21 11 NA
21 12 NA
21 13 NA
21 14 NA
21 15 NA
22.0000000 1.0000000 0.5941988
22.0000000 2.0000000 0.4296261
22.0000000 3.0000000 0.9765738
22.0000000 4.0000000 0.9829595
22.0000000 5.0000000 0.9302763
22.0000000 6.0000000 0.3064197
22.0000000 7.0000000 0.6834427
22.0000000 8.0000000 0.9545325
22.00000000 9.00000000 0.01143931
22.00000000 10.00000000 0.01143931
22 11 NA
22 12 NA
22 13 NA
22 14 NA
22 15 NA
23.0000000 1.0000000 0.9479523
23.0000000 2.0000000 0.7452465
23.0000000 3.0000000 0.6504617
23.0000000 4.0000000 0.9504534
23.0000000 5.0000000 0.6187305
23.0000000 6.0000000 0.2075708
23.0000000 7.0000000 0.8666063
23.0000000 8.0000000 0.6533402
23.0000000 9.0000000 0.1018881
23.00000000 10.00000000 0.01143931
23 11 NA
23 12 NA
23 13 NA
23 14 NA
23 15 NA
24.0000000 1.0000000 0.5683051
24.0000000 2.0000000 0.4100359
24.0000000 3.0000000 0.2374691
24.0000000 4.0000000 0.6100686
24.0000000 5.0000000 0.9410885
24.0000000 6.0000000 0.8356347
24.0000000 7.0000000 0.9255932
24.0000000 8.0000000 0.8975331
24.0000000 9.0000000 0.4975079
24.00000000 10.00000000 0.08043515
24 11 NA
24 12 NA
24 13 NA
24 14 NA
24 15 NA
25.0000000 1.0000000 0.8561151
25.000000 2.000000 0.140178
25.00000000 3.00000000 0.03475777
25.0000000 4.0000000 0.4536374
25.0000000 5.0000000 0.8015057
25.0000000 6.0000000 0.9520986
25.0000000 7.0000000 0.8677562
25.000000 8.000000 0.895415
25.0000000 9.0000000 0.8015057
25.0000000 10.0000000 0.8846094
25 11 NA
25 12 NA
25 13 NA
25 14 NA
25 15 NA
26.00000000 1.00000000 0.03475777
26.0000000 2.0000000 0.1756995
26.0000000 3.0000000 0.6562171
26.000000 4.000000 0.970409
26.0000000 5.0000000 0.9330364
26.0000000 6.0000000 0.9682676
26.0000000 7.0000000 0.8380871
26.000000 8.000000 0.895415
26.0000000 9.0000000 0.3302371
26.0000000 10.0000000 0.3659767
26 11 NA
26 12 NA
26 13 NA
26 14 NA
26 15 NA
27.00000000 1.00000000 0.05807355
27.0000000 2.0000000 0.7507413
27.0000000 3.0000000 0.6605292
27.0000000 4.0000000 0.5326375
27.0000000 5.0000000 0.9561325
27.000000 6.000000 0.806675
27.0000000 7.0000000 0.5269753
27.0000000 8.0000000 0.4975079
27.00000000 9.00000000 0.04954946
27.0000000 10.0000000 0.0978649
27 11 NA
27 12 NA
27 13 NA
27 14 NA
27 15 NA
28.0000000 1.0000000 0.6374922
28.00000000 2.00000000 0.08171376
28.00000000 3.00000000 0.03920391
28.0000000 4.0000000 0.2499887
28.0000000 5.0000000 0.8053862
28.000000 6.000000 0.804095
28.0000000 7.0000000 0.6057386
28.0000000 8.0000000 0.6086252
28.0000000 9.0000000 0.2199251
28.0000000 10.0000000 0.4035963
28 11 NA
28 12 NA
28 13 NA
28 14 NA
28 15 NA
29.0000000 1.0000000 0.4296261
29.0000000 2.0000000 0.7466226
29.0000000 3.0000000 0.1119617
29.00000000 4.00000000 0.01143931
29.000000 5.000000 0.467195
29.00000 6.00000 0.56974
29.0000000 7.0000000 0.6562171
29.0000000 8.0000000 0.9454112
29.0000000 9.0000000 0.9384429
29.0000000 10.0000000 0.9068816
29 11 NA
29 12 NA
29 13 NA
29 14 NA
29 15 NA
30.0000000 1.0000000 0.7962999
30.0000000 2.0000000 0.3984782
30.0000000 3.0000000 0.8985867
30.0000000 4.0000000 0.0436082
30.00000000 5.00000000 0.01351117
30.000000 6.000000 0.369657
30.0000000 7.0000000 0.9899638
30.0000000 8.0000000 0.9817219
30.0000000 9.0000000 0.8244644
30.0000000 10.0000000 0.9348556
30 11 NA
30 12 NA
30 13 NA
30 14 NA
30 15 NA
31.0000000 1.0000000 0.2857609
31 2 1
31 3 1
31 4 1
31 5 1
31 6 NA
31 7 NA
31 8 NA
31 9 NA
31 10 NA
31 11 NA
31 12 NA
31 13 NA
31 14 NA
31 15 NA
32.0000000 1.0000000 0.5397346
32.0000000 2.0000000 0.8801892
32.0000000 3.0000000 0.9942266
32 4 1
32 5 1
32 6 NA
32 7 NA
32 8 NA
32 9 NA
32 10 NA
32 11 NA
32 12 NA
32 13 NA
32 14 NA
32 15 NA
33.0000000 1.0000000 0.5326375
33.0000000 2.0000000 0.7778092
33.0000000 3.0000000 0.6547788
33.0000000 4.0000000 0.5654368
33.0000000 5.0000000 0.9926666
33 6 NA
33 7 NA
33 8 NA
33 9 NA
33 10 NA
33 11 NA
33 12 NA
33 13 NA
33 14 NA
33 15 NA
34.0000000 1.0000000 0.7602951
34.000000 2.000000 0.558276
34.0000000 3.0000000 0.2752353
34.0000000 4.0000000 0.5497036
34.000000 5.000000 0.806675
34 6 NA
34 7 NA
34 8 NA
34 9 NA
34 10 NA
34 11 NA
34 12 NA
34 13 NA
34 14 NA
34 15 NA
35.0000000 1.0000000 0.9745624
35.0000000 2.0000000 0.8393091
35.0000000 3.0000000 0.6762996
35.0000000 4.0000000 0.4495996
35.0000000 5.0000000 0.7771414
35 6 NA
35 7 NA
35 8 NA
35 9 NA
35 10 NA
35 11 NA
35 12 NA
35 13 NA
35 14 NA
35 15 NA
36 1 1
36.0000000 2.0000000 0.9841771
36.0000000 3.0000000 0.6158431
36.0000000 4.0000000 0.4975079
36.0000000 5.0000000 0.5862741
36 6 NA
36 7 NA
36 8 NA
36 9 NA
36 10 NA
36 11 NA
36 12 NA
36 13 NA
36 14 NA
36 15 NA
37 1 1
37.0000000 2.0000000 0.9348556
37.0000000 3.0000000 0.7047503
37.0000000 4.0000000 0.4877952
37.000000 5.000000 0.469924
37 6 NA
37 7 NA
37 8 NA
37 9 NA
37 10 NA
37 11 NA
37 12 NA
37 13 NA
37 14 NA
37 15 NA
38.0000000 1.0000000 0.9952409
38.0000000 2.0000000 0.2804679
38.0000000 3.0000000 0.1883249
38.0000000 4.0000000 0.0692612
38.00000000 5.00000000 0.08564757
38 6 NA
38 7 NA
38 8 NA
38 9 NA
38 10 NA
38 11 NA
38 12 NA
38 13 NA
38 14 NA
38 15 NA
39.0000000 1.0000000 0.8393091
39.0000000 2.0000000 0.1454698
39.00000000 3.00000000 0.03230206
39.0000000 4.0000000 0.2599033
39.0000000 5.0000000 0.2857609
39 6 NA
39 7 NA
39 8 NA
39 9 NA
39 10 NA
39 11 NA
39 12 NA
39 13 NA
39 14 NA
39 15 NA
40.000000 1.000000 0.806675
40.0000000 2.0000000 0.8608091
40.0000000 3.0000000 0.8441691
40.0000000 4.0000000 0.6259486
40.0000000 5.0000000 0.1875175
40 6 NA
40 7 NA
40 8 NA
40 9 NA
40 10 NA
40 11 NA
40 12 NA
40 13 NA
40 14 NA
40 15 NA
41.0000000 1.0000000 0.3845626
41.0000000 2.0000000 0.2084371
41.000000 3.000000 0.195701
41.0000000 4.0000000 0.7602951
41.0000000 5.0000000 0.5114822
41 6 NA
41 7 NA
41 8 NA
41 9 NA
41 10 NA
41 11 NA
41 12 NA
41 13 NA
41 14 NA
41 15 NA
42.0000000 1.0000000 0.0478657
42.00000000 2.00000000 0.05872614
42.0000000 3.0000000 0.1915786
42.0000000 4.0000000 0.6042955
42.0000000 5.0000000 0.9841771
42 6 NA
42 7 NA
42 8 NA
42 9 NA
42 10 NA
42 11 NA
42 12 NA
42 13 NA
42 14 NA
42 15 NA
43.00000000 1.00000000 0.02800813
43.00000000 2.00000000 0.04412233
43.00000000 3.00000000 0.01507058
43.0000 4.0000 0.1024
43.00000000 5.00000000 0.08235915
43 6 NA
43 7 NA
43 8 NA
43 9 NA
43 10 NA
43 11 NA
43 12 NA
43 13 NA
43 14 NA
43 15 NA
44.00000000 1.00000000 0.02630025
44.00000000 2.00000000 0.02714261
44.00000000 3.00000000 0.01782521
44.00000000 4.00000000 0.01782521
44.00000000 5.00000000 0.03692404
44 6 NA
44 7 NA
44 8 NA
44 9 NA
44 10 NA
44 11 NA
44 12 NA
44 13 NA
44 14 NA
44 15 NA
45.00000000 1.00000000 0.01360428
45.0000000 2.0000000 0.0239072
45.0000000 3.0000000 0.0155894
45.0000000 4.0000000 0.0155894
45.00000000 5.00000000 0.06469811
45 6 NA
45 7 NA
45 8 NA
45 9 NA
45 10 NA
45 11 NA
45 12 NA
45 13 NA
45 14 NA
45 15 NA
46.00000000 1.00000000 0.01314435
46.00000000 2.00000000 0.02800813
46.00000000 3.00000000 0.07507909
46.00000000 4.00000000 0.02800813
46.0000000 5.0000000 0.3448896
46 6 NA
46 7 NA
46 8 NA
46 9 NA
46 10 NA
46 11 NA
46 12 NA
46 13 NA
46 14 NA
46 15 NA
47.00000000 1.00000000 0.03171183
47.00000000 2.00000000 0.02714261
47.00000000 3.00000000 0.04038783
47.000000 4.000000 0.291114
47.0000000 5.0000000 0.1756995
47 6 NA
47 7 NA
47 8 NA
47 9 NA
47 10 NA
47 11 NA
47 12 NA
47 13 NA
47 14 NA
47 15 NA
48.000000 1.000000 0.121613
48.0000000 2.0000000 0.0288973
48.00000000 3.00000000 0.02241877
48.00000000 4.00000000 0.01904503
48.00000000 5.00000000 0.02935092
48 6 NA
48 7 NA
48 8 NA
48 9 NA
48 10 NA
48 11 NA
48 12 NA
48 13 NA
48 14 NA
48 15 NA
49.00000000 1.00000000 0.03270073
49.00000000 2.00000000 0.03582698
49.000000 3.000000 0.160785
49.0000000 4.0000000 0.1130655
49.0000000 5.0000000 0.6079035
49 6 NA
49 7 NA
49 8 NA
49 9 NA
49 10 NA
49 11 NA
49 12 NA
49 13 NA
49 14 NA
49 15 NA
50.00000000 1.00000000 0.02800813
50.0000000 2.0000000 0.3419313
50.0000000 3.0000000 0.8257161
50.0000000 4.0000000 0.9888469
50 5 1
50 6 NA
50 7 NA
50 8 NA
50 9 NA
50 10 NA
50 11 NA
50 12 NA
50 13 NA
50 14 NA
50 15 NA
51.0000000 1.0000000 0.0380495
51.00000000 2.00000000 0.05459046
51.0000000 3.0000000 0.8513723
51.0000000 4.0000000 0.9638568
51 5 1
51 6 NA
51 7 NA
51 8 NA
51 9 NA
51 10 NA
51 11 NA
51 12 NA
51 13 NA
51 14 NA
51 15 NA
52.00000000 1.00000000 0.03074864
52.0000000 2.0000000 0.1187106
52.0000000 3.0000000 0.6848691
52.0000000 4.0000000 0.8219531
52.0000000 5.0000000 0.9942266
52 6 NA
52 7 NA
52 8 NA
52 9 NA
52 10 NA
52 11 NA
52 12 NA
52 13 NA
52 14 NA
52 15 NA
53.00000000 1.00000000 0.02800813
53.0000 2.0000 0.1024
53.00000000 3.00000000 0.03475777
53.0000000 4.0000000 0.1673783
53.0000000 5.0000000 0.8619748
53 6 NA
53 7 NA
53 8 NA
53 9 NA
53 10 NA
53 11 NA
53 12 NA
53 13 NA
53 14 NA
53 15 NA
54.00000000 1.00000000 0.01143931
54.0000000 2.0000000 0.1337674
54.0000000 3.0000000 0.0655905
54.00000000 4.00000000 0.04676999
54.0000000 5.0000000 0.5220328
54 6 NA
54 7 NA
54 8 NA
54 9 NA
54 10 NA
54 11 NA
54 12 NA
54 13 NA
54 14 NA
54 15 NA
55.00000000 1.00000000 0.09253827
55.00000000 2.00000000 0.08128576
55.00000000 3.00000000 0.03270073
55.00000000 4.00000000 0.01456703
55.00000000 5.00000000 0.01724139
55 6 NA
55 7 NA
55 8 NA
55 9 NA
55 10 NA
55 11 NA
55 12 NA
55 13 NA
55 14 NA
55 15 NA
56.00000000 1.00000000 0.05710589
56.0000000 2.0000000 0.7466226
56.00000000 3.00000000 0.05872614
56.00000000 4.00000000 0.01842628
56.0000000 5.0000000 0.2262844
56 6 NA
56 7 NA
56 8 NA
56 9 NA
56 10 NA
56 11 NA
56 12 NA
56 13 NA
56 14 NA
56 15 NA
57.0000000 1.0000000 0.9899638
57.0000000 2.0000000 0.9711133
57.0000000 3.0000000 0.8130837
57.0000000 4.0000000 0.8561151
57 5 1
57 6 NA
57 7 NA
57 8 NA
57 9 NA
57 10 NA
57 11 NA
57 12 NA
57 13 NA
57 14 NA
57 15 NA
58.0000000 1.0000000 0.9752377
58.0000000 2.0000000 0.9675443
58.0000000 3.0000000 0.6259486
58.0000000 4.0000000 0.2490108
58.0000000 5.0000000 0.9638568
58 6 NA
58 7 NA
58 8 NA
58 9 NA
58 10 NA
58 11 NA
58 12 NA
58 13 NA
58 14 NA
58 15 NA
59.0000000 1.0000000 0.8257161
59.0000000 2.0000000 0.6115121
59.00000000 3.00000000 0.03171183
59.00000000 4.00000000 0.05099011
59.0000000 5.0000000 0.9393291
59 6 NA
59 7 NA
59 8 NA
59 9 NA
59 10 NA
59 11 NA
59 12 NA
59 13 NA
59 14 NA
59 15 NA
60.0000000 1.0000000 0.8269653
60.0000000 2.0000000 0.6042955
60.0000000 3.0000000 0.2499887
60.00000000 4.00000000 0.09986061
60.0000000 5.0000000 0.3908586
60 6 NA
60 7 NA
60 8 NA
60 9 NA
60 10 NA
60 11 NA
60 12 NA
60 13 NA
60 14 NA
60 15 NA
61.0000000 1.0000000 0.2529372
61.00000000 2.00000000 0.04676999
61.00000000 3.00000000 0.01667441
61.00000000 4.00000000 0.01407839
61.00000000 5.00000000 0.01143931
61 6 NA
61 7 NA
61 8 NA
61 9 NA
61 10 NA
61 11 NA
61 12 NA
61 13 NA
61 14 NA
61 15 NA
62.00000000 1.00000000 0.02033721
62.0000000 2.0000000 0.1187106
62.00000000 3.00000000 0.01143931
62.00000000 4.00000000 0.01612388
62.00000000 5.00000000 0.01143931
62 6 NA
62 7 NA
62 8 NA
62 9 NA
62 10 NA
62 11 NA
62 12 NA
62 13 NA
62 14 NA
62 15 NA
63.00000000 1.00000000 0.01143931
63.0000000 2.0000000 0.0489828
63.00000000 3.00000000 0.01143931
63.00000000 4.00000000 0.03692404
63.00000000 5.00000000 0.01143931
63 6 NA
63 7 NA
63 8 NA
63 9 NA
63 10 NA
63 11 NA
63 12 NA
63 13 NA
63 14 NA
63 15 NA
64.00000000 1.00000000 0.01143931
64.00000000 2.00000000 0.01968186
64.00000000 3.00000000 0.01143931
64.00000000 4.00000000 0.01143931
64.00000000 5.00000000 0.03692404
64 6 NA
64 7 NA
64 8 NA
64 9 NA
64 10 NA
64 11 NA
64 12 NA
64 13 NA
64 14 NA
64 15 NA
65.00000000 1.00000000 0.01143931
65.00000000 2.00000000 0.01507058
65.00000000 3.00000000 0.01143931
65.00000000 4.00000000 0.01143931
65.00000000 5.00000000 0.04038783
65 6 NA
65 7 NA
65 8 NA
65 9 NA
65 10 NA
65 11 NA
65 12 NA
65 13 NA
65 14 NA
65 15 NA
66.00000000 1.00000000 0.01184605
66.00000000 2.00000000 0.01143931
66.00000000 3.00000000 0.01143931
66.00000000 4.00000000 0.01143931
66.00000000 5.00000000 0.01143931
66 6 NA
66 7 NA
66 8 NA
66 9 NA
66 10 NA
66 11 NA
66 12 NA
66 13 NA
66 14 NA
66 15 NA
67.00000000 1.00000000 0.01143931
67.00000000 2.00000000 0.01143931
67.00000000 3.00000000 0.01143931
67.00000000 4.00000000 0.01143931
67.00000000 5.00000000 0.01143931
67 6 NA
67 7 NA
67 8 NA
67 9 NA
67 10 NA
67 11 NA
67 12 NA
67 13 NA
67 14 NA
67 15 NA
68.00000000 1.00000000 0.01143931
68.00000000 2.00000000 0.01143931
68.00000000 3.00000000 0.01143931
68.00000000 4.00000000 0.02548055
68.0000000 5.0000000 0.1644242
68 6 NA
68 7 NA
68 8 NA
68 9 NA
68 10 NA
68 11 NA
68 12 NA
68 13 NA
68 14 NA
68 15 NA
69.00000000 1.00000000 0.01143931
69.00000000 2.00000000 0.01143931
69.00000000 3.00000000 0.01143931
69.00000000 4.00000000 0.01507058
69.0000000 5.0000000 0.5970825
69 6 NA
69 7 NA
69 8 NA
69 9 NA
69 10 NA
69 11 NA
69 12 NA
69 13 NA
69 14 NA
69 15 NA
70.00000000 1.00000000 0.01143931
70.00000000 2.00000000 0.01143931
70.00000000 3.00000000 0.01143931
70.00000000 4.00000000 0.01842628
70.0000000 5.0000000 0.1158615
70 6 NA
70 7 NA
70 8 NA
70 9 NA
70 10 NA
70 11 NA
70 12 NA
70 13 NA
70 14 NA
70 15 NA
71.00000000 1.00000000 0.01143931
71.00000000 2.00000000 0.01143931
71.00000000 3.00000000 0.01143931
71.00000000 4.00000000 0.01507058
71.00000000 5.00000000 0.02315261
71 6 NA
71 7 NA
71 8 NA
71 9 NA
71 10 NA
71 11 NA
71 12 NA
71 13 NA
71 14 NA
71 15 NA
72.00000000 1.00000000 0.01143931
72.00000000 2.00000000 0.01143931
72.00000000 3.00000000 0.01143931
72.00000000 4.00000000 0.01143931
72.00000000 5.00000000 0.01143931
72 6 NA
72 7 NA
72 8 NA
72 9 NA
72 10 NA
72 11 NA
72 12 NA
72 13 NA
72 14 NA
72 15 NA
73.00000000 1.00000000 0.01143931
73.00000000 2.00000000 0.01143931
73.00000000 3.00000000 0.01143931
73.00000000 4.00000000 0.01143931
73.00000000 5.00000000 0.01143931
73 6 NA
73 7 NA
73 8 NA
73 9 NA
73 10 NA
73 11 NA
73 12 NA
73 13 NA
73 14 NA
73 15 NA
74.00000000 1.00000000 0.01143931
74.00000000 2.00000000 0.01143931
74.00000000 3.00000000 0.01507058
74.000000 4.000000 0.121613
74.0000000 5.0000000 0.4197812
74 6 NA
74 7 NA
74 8 NA
74 9 NA
74 10 NA
74 11 NA
74 12 NA
74 13 NA
74 14 NA
74 15 NA
75.0000000 1.0000000 0.0988588
75.00000000 2.00000000 0.03270073
75.0000000 3.0000000 0.0288973
75.0000000 4.0000000 0.3075307
75.0000000 5.0000000 0.1337674
75 6 NA
75 7 NA
75 8 NA
75 9 NA
75 10 NA
75 11 NA
75 12 NA
75 13 NA
75 14 NA
75 15 NA
76.00000000 1.00000000 0.05157605
76.00000000 2.00000000 0.02468303
76.00000000 3.00000000 0.01968186
76.000000 4.000000 0.140178
76.0000000 5.0000000 0.4100359
76 6 NA
76 7 NA
76 8 NA
76 9 NA
76 10 NA
76 11 NA
76 12 NA
76 13 NA
76 14 NA
76 15 NA
77.00000000 1.00000000 0.01143931
77.00000000 2.00000000 0.01507058
77.00000000 3.00000000 0.01507058
77.00000000 4.00000000 0.01968186
77.00000000 5.00000000 0.02101152
77 6 NA
77 7 NA
77 8 NA
77 9 NA
77 10 NA
77 11 NA
77 12 NA
77 13 NA
77 14 NA
77 15 NA
78.00000000 1.00000000 0.01143931
78.00000000 2.00000000 0.01143931
78.00000000 3.00000000 0.01143931
78.00000000 4.00000000 0.01143931
78.00000000 5.00000000 0.01143931
78 6 NA
78 7 NA
78 8 NA
78 9 NA
78 10 NA
78 11 NA
78 12 NA
78 13 NA
78 14 NA
78 15 NA
79.00000000 1.00000000 0.01143931
79.00000000 2.00000000 0.01143931
79.00000000 3.00000000 0.01143931
79.00000000 4.00000000 0.01143931
79.00000000 5.00000000 0.01143931
79 6 NA
79 7 NA
79 8 NA
79 9 NA
79 10 NA
79 11 NA
79 12 NA
79 13 NA
79 14 NA
79 15 NA
80.00000000 1.00000000 0.01143931
80.00000000 2.00000000 0.01143931
80.00000000 3.00000000 0.01143931
80.00000000 4.00000000 0.01143931
80.00000000 5.00000000 0.01143931
80 6 NA
80 7 NA
80 8 NA
80 9 NA
80 10 NA
80 11 NA
80 12 NA
80 13 NA
80 14 NA
80 15 NA
81.00000000 1.00000000 0.01143931
81.00000000 2.00000000 0.01143931
81.00000000 3.00000000 0.01143931
81.00000000 4.00000000 0.02548055
81.00000000 5.00000000 0.01143931
81.00000000 6.00000000 0.01143931
81.00000000 7.00000000 0.01143931
81.0000000 8.0000000 0.0730974
81.00000000 9.00000000 0.05246547
81.00000000 10.00000000 0.01143931
81.00000000 11.00000000 0.01143931
81.00000000 12.00000000 0.01143931
81.00000000 13.00000000 0.01143931
81.00000000 14.00000000 0.01143931
81.00000000 15.00000000 0.01143931
82.00000000 1.00000000 0.05246547
82.00000000 2.00000000 0.01143931
82.00000000 3.00000000 0.01143931
82.00000000 4.00000000 0.03692404
82.00000000 5.00000000 0.01143931
82.00000000 6.00000000 0.01143931
82.00000000 7.00000000 0.01143931
82.00000000 8.00000000 0.08300861
82.00000000 9.00000000 0.02020464
82.00000000 10.00000000 0.01143931
82.00000000 11.00000000 0.01143931
82.00000000 12.00000000 0.01143931
82.00000000 13.00000000 0.01143931
82.00000000 14.00000000 0.01143931
82.00000000 15.00000000 0.02360284
83.0000000 1.0000000 0.2262844
83.00000000 2.00000000 0.01143931
83.00000000 3.00000000 0.01143931
83.00000000 4.00000000 0.05246547
83.00000000 5.00000000 0.01143931
83.00000000 6.00000000 0.01143931
83.0000000 7.0000000 0.6919893
83.0000000 8.0000000 0.0730974
83.00000000 9.00000000 0.02101152
83.00000000 10.00000000 0.01143931
83.0000000 11.0000000 0.1337674
83.00000000 12.00000000 0.01724139
83.00000000 13.00000000 0.01243704
83.00000000 14.00000000 0.01143931
83.0000000 15.0000000 0.0561516
84.00000000 1.00000000 0.03692404
84.00000000 2.00000000 0.01143931
84.00000000 3.00000000 0.01143931
84.00000000 4.00000000 0.01143931
84.00000000 5.00000000 0.01143931
84.0000000 6.0000000 0.1337674
84.0000000 7.0000000 0.8441691
84.0000000 8.0000000 0.4217423
84.00000000 9.00000000 0.01407839
84.00000000 10.00000000 0.01143931
84.00000000 11.00000000 0.01143931
84.00000000 12.00000000 0.01143931
84.00000000 13.00000000 0.01143931
84.0000000 14.0000000 0.0730974
84.0000000 15.0000000 0.1337674
85.00000000 1.00000000 0.01724139
85.00000000 2.00000000 0.02548055
85.0000000 3.0000000 0.1579163
85.00000000 4.00000000 0.01143931
85.0000000 5.0000000 0.0730974
85.0000000 6.0000000 0.5970825
85.0000000 7.0000000 0.3538463
85.00000000 8.00000000 0.01143931
85.00000000 9.00000000 0.01407839
85.00000000 10.00000000 0.01143931
85.00000000 11.00000000 0.01724139
85.00000000 12.00000000 0.02748601
85.00000000 13.00000000 0.02360284
85.00000000 14.00000000 0.01243704
85.00000000 15.00000000 0.01351117
86.00000000 1.00000000 0.02270984
86.00000000 2.00000000 0.01527625
86.00000000 3.00000000 0.01143931
86.00000000 4.00000000 0.01143931
86.00000000 5.00000000 0.09986061
86.0000000 6.0000000 0.5114822
86.0000000 7.0000000 0.1756995
86.00000000 8.00000000 0.01143931
86.00000000 9.00000000 0.01407839
86.00000000 10.00000000 0.01143931
86.0000000 11.0000000 0.1263694
86.00000000 12.00000000 0.01724139
86.00000000 13.00000000 0.01143931
86.00000000 14.00000000 0.01351117
86.00000000 15.00000000 0.01143931
87.00000000 1.00000000 0.03692404
87.00000000 2.00000000 0.01143931
87.00000000 3.00000000 0.01143931
87.00000000 4.00000000 0.01143931
87.00000000 5.00000000 0.03433776
87.0000000 6.0000000 0.1756995
87.0000000 7.0000000 0.1998847
87.00000000 8.00000000 0.01143931
87.00000000 9.00000000 0.01407839
87.00000000 10.00000000 0.01143931
87.00000000 11.00000000 0.03692404
87.00000000 12.00000000 0.01143931
87.0000000 13.0000000 0.3256224
87.0000000 14.0000000 0.2857609
87.00000000 15.00000000 0.02548055
88.0000000 1.0000000 0.0561516
88.00000000 2.00000000 0.03074864
88.00000000 3.00000000 0.01724139
88.00000000 4.00000000 0.01724139
88.0000000 5.0000000 0.1756995
88.0000000 6.0000000 0.4296261
88.0000000 7.0000000 0.6834427
88.0000000 8.0000000 0.4617543
88.00000000 9.00000000 0.03074864
88.00000000 10.00000000 0.01143931
88.00000000 11.00000000 0.01143931
88.00000000 12.00000000 0.02548055
88.00000000 13.00000000 0.01243704
88.0000000 14.0000000 0.2609083
88.00000000 15.00000000 0.02548055
89.00000000 1.00000000 0.01143931
89.00000000 2.00000000 0.09986061
89.0000000 3.0000000 0.0730974
89.00000000 4.00000000 0.01143931
89.00000000 5.00000000 0.01143931
89.00000000 6.00000000 0.01724139
89.00000000 7.00000000 0.01143931
89.00000000 8.00000000 0.05069922
89.0000000 9.0000000 0.3833094
89.00000000 10.00000000 0.01143931
89.00000000 11.00000000 0.09986061
89.00000000 12.00000000 0.01143931
89.00000000 13.00000000 0.01724139
89.0000000 14.0000000 0.1851102
89.0000000 15.0000000 0.6748689
90.00000000 1.00000000 0.01407839
90.00000000 2.00000000 0.09986061
90.0000000 3.0000000 0.3908586
90.00000000 4.00000000 0.01143931
90.00000000 5.00000000 0.01143931
90.00000000 6.00000000 0.01143931
90.00000000 7.00000000 0.01143931
90.00000000 8.00000000 0.01143931
90.00000000 9.00000000 0.01143931
90.00000000 10.00000000 0.03692404
90.0000000 11.0000000 0.5114822
90.0000000 12.0000000 0.0730974
90.0000000 13.0000000 0.1756995
90.000000 14.000000 0.149535
90.00000000 15.00000000 0.09986061
91.00000000 1.00000000 0.01143931
91.00000000 2.00000000 0.03967391
91.0000000 3.0000000 0.2318321
91.0000000 4.0000000 0.2857609
91.00000000 5.00000000 0.01143931
91.00000000 6.00000000 0.01143931
91.00000000 7.00000000 0.01724139
91.00000000 8.00000000 0.01143931
91.00000000 9.00000000 0.01724139
91.00000000 10.00000000 0.01143931
91.00000000 11.00000000 0.01143931
91.00000000 12.00000000 0.02548055
91.0000000 13.0000000 0.7670679
91.0000000 14.0000000 0.2857609
91.0000000 15.0000000 0.2262844
92.00000000 1.00000000 0.01143931
92.0000000 2.0000000 0.2318321
92.00000000 3.00000000 0.03074864
92.0000000 4.0000000 0.2374691
92.00000000 5.00000000 0.01143931
92.00000000 6.00000000 0.01407839
92.00000000 7.00000000 0.02101152
92.00000000 8.00000000 0.02101152
92.00000000 9.00000000 0.01143931
92.00000000 10.00000000 0.01143931
92.00000000 11.00000000 0.01407839
92.0000000 12.0000000 0.3684281
92.0000000 13.0000000 0.1337674
92.0000000 14.0000000 0.2101773
92.00000000 15.00000000 0.03433776
93.00000000 1.00000000 0.01867164
93.00000000 2.00000000 0.01351117
93.00000000 3.00000000 0.01296426
93.00000000 4.00000000 0.07792616
93.00000000 5.00000000 0.01143931
93.00000000 6.00000000 0.01724139
93.00000000 7.00000000 0.01724139
93.00000000 8.00000000 0.02101152
93.00000000 9.00000000 0.01724139
93.00000000 10.00000000 0.01143931
93.00000000 11.00000000 0.03692404
93.00000000 12.00000000 0.02748601
93.00000000 13.00000000 0.01351117
93.0000000 14.0000000 0.2987088
93.0000000 15.0000000 0.5114822
94.00000000 1.00000000 0.01143931
94.00000000 2.00000000 0.02184633
94.0000000 3.0000000 0.6490218
94.00000000 4.00000000 0.01143931
94.00000000 5.00000000 0.01590818
94.0000000 6.0000000 0.2262844
94.00000000 7.00000000 0.01407839
94.00000000 8.00000000 0.01527625
94.00000000 9.00000000 0.03692404
94.00000000 10.00000000 0.09986061
94.00000000 11.00000000 0.01143931
94.0000000 12.0000000 0.1300286
94.00000000 13.00000000 0.01243704
94.00000000 14.00000000 0.01407839
94.00000000 15.00000000 0.04412233
95.00000000 1.00000000 0.02548055
95.00000000 2.00000000 0.01143931
95.0000000 3.0000000 0.1666362
95.00000000 4.00000000 0.02935092
95.00000000 5.00000000 0.01296426
95.00000000 6.00000000 0.01143931
95.00000000 7.00000000 0.01143931
95.00000000 8.00000000 0.01143931
95.00000000 9.00000000 0.01143931
95.00000000 10.00000000 0.01143931
95.00000000 11.00000000 0.02101152
95.0000000 12.0000000 0.1337674
95.00000000 13.00000000 0.01296426
95.00000000 14.00000000 0.01143931
95.00000000 15.00000000 0.01143931
96.00000000 1.00000000 0.01143931
96.00000000 2.00000000 0.01724139
96.0000000 3.0000000 0.2857609
96.00000000 4.00000000 0.02548055
96.0000000 5.0000000 0.2609083
96.00000000 6.00000000 0.01724139
96.00000000 7.00000000 0.01143931
96.00000000 8.00000000 0.01527625
96.00000000 9.00000000 0.01143931
96.00000000 10.00000000 0.01192892
96.0000000 11.0000000 0.4617543
96.0000000 12.0000000 0.3538463
96.00000000 13.00000000 0.03692404
96.00000000 14.00000000 0.01143931
96.0000000 15.0000000 0.2374691
97.00000000 1.00000000 0.03692404
97.00000000 2.00000000 0.01143931
97.00000000 3.00000000 0.06416747
97.00000000 4.00000000 0.01724139
97.0000000 5.0000000 0.1622336
97.00000000 6.00000000 0.01143931
97.00000000 7.00000000 0.01143931
97.00000000 8.00000000 0.01143931
97.00000000 9.00000000 0.01143931
97.00000000 10.00000000 0.01143931
97.0000000 11.0000000 0.1666362
97.0000000 12.0000000 0.1756995
97.0000000 13.0000000 0.0489828
97.00000000 14.00000000 0.01143931
97.00000000 15.00000000 0.01143931
98.00000000 1.00000000 0.03692404
98.00000000 2.00000000 0.02548055
98.00000000 3.00000000 0.02548055
98.00000000 4.00000000 0.03433776
98.00000000 5.00000000 0.01143931
98.00000000 6.00000000 0.01143931
98.00000000 7.00000000 0.01143931
98.00000000 8.00000000 0.01143931
98.00000000 9.00000000 0.01143931
98.0000000 10.0000000 0.5539868
98.0000000 11.0000000 0.1536836
98.00000000 12.00000000 0.07548059
98.000000 13.000000 0.332558
98.0000000 14.0000000 0.1536836
98.00000000 15.00000000 0.04412233
99.00000000 1.00000000 0.01724139
99.00000000 2.00000000 0.01724139
99.00000000 3.00000000 0.01724139
99.0000000 4.0000000 0.2987088
99.00000000 5.00000000 0.01724139
99.00000000 6.00000000 0.01143931
99.00000000 7.00000000 0.01143931
99.00000000 8.00000000 0.01143931
99.00000000 9.00000000 0.01143931
99.0000000 10.0000000 0.1948716
99.00000000 11.00000000 0.09687888
99.0000000 12.0000000 0.1536836
99.0000000 13.0000000 0.1454698
99.0000000 14.0000000 0.1756995
99.00000000 15.00000000 0.07548059
100.00000000 1.00000000 0.01724139
100.00000000 2.00000000 0.01143931
100.00000000 3.00000000 0.01143931
100.0000000 4.0000000 0.5114822
100.0000000 5.0000000 0.1756995
100.00000000 6.00000000 0.01407839
100.00000000 7.00000000 0.01143931
100.00000000 8.00000000 0.01143931
100.00000000 9.00000000 0.01143931
100.00000000 10.00000000 0.02184633
100.0000000 11.0000000 0.4947268
100.0000000 12.0000000 0.1756995
100.00000000 13.00000000 0.06851397
100.0000000 14.0000000 0.2579007
100.00000000 15.00000000 0.06851397
