0.00597569125981 0.701584937435 0.0946073482076 0.0105044647265 0.123758589749 0.8 0.9 0.2 0.00845 0.0845 1037 155 1276 158 1016.55993642 1014.04685473
0.999999999994 0.624808669214 0.0210622416897 0.0344436002175 0.0607267002251 0.8 0.9 0.2 0.00845 0.0845 979 157 1250 176 1024.74572426 1035.82759568
0.999999383438 0.999999807625 0.215673850641 0.00064403469508 0.173365537932 0.8 0.9 0.2 0.00845 0.0845 934 154 1206 156 984.622253395 991.318592008
9.01645435833e-07 0.999490264543 0.290245687837 0.0194191023308 0.0625047315876 0.8 0.9 0.2 0.00845 0.0845 914 155 1115 179 1008.35592694 1009.05980832
0.999999923837 0.791086592406 0.100790727022 0.0170975594206 0.0585225660916 0.8 0.9 0.2 0.00845 0.0845 881 173 1151 167 1017.49731721 1020.95417515
0.99999999999 0.933900851845 0.192785041563 0.0245804596303 0.0101233177115 0.8 0.9 0.2 0.00845 0.0845 837 173 1092 167 1011.96753422 1015.73018381
7.92824048179e-07 0.671150328891 0.0528767471561 0.0270222050009 0.00702563232609 0.8 0.9 0.2 0.00845 0.0845 784 168 1053 171 975.115177806 974.895412086
0.999999998251 0.9999999979 0.282601993757 0.00280615512737 0.100640896806 0.8 0.9 0.2 0.00845 0.0845 821 165 1013 175 994.542498638 996.684809293
1.7050185489e-11 0.579789299706 0.0379209416592 0.0501791629592 0.0259542696152 0.8 0.9 0.2 0.00845 0.0845 772 195 982 225 986.447064543 987.966625535
2.99880268163e-08 0.520106806721 0.0373013389163 0.0199045068903 0.105942897425 0.8 0.9 0.2 0.00845 0.0845 780 205 926 241 1010.49055441 1019.95120315
0.999980185432 0.899644736504 0.204428301545 2.68067959839e-08 0.104235547754 0.8 0.9 0.2 0.00845 0.0845 734 230 922 214 1022.4212737 1022.47713429
0.999999997534 0.999993145958 0.295926891118 9.68503615059e-09 0.100771387845 0.8 0.9 0.2 0.00845 0.0845 725 231 890 225 1024.89486191 1024.38956217
0.869042685153 0.999999999721 0.274947284273 0.00324283936315 0.0811165804598 0.8 0.9 0.2 0.00845 0.0845 707 255 925 256 1027.64083111 1027.09822848
0.865206470381 0.999998791523 0.185738810068 2.47992692106e-09 0.130838835191 0.8 0.9 0.2 0.00845 0.0845 627 253 888 261 983.752445793 984.641488454
0.999999821221 0.999999885714 0.403774076704 0.00824474923256 0.0410045852479 0.8 0.9 0.2 0.00845 0.0845 622 262 792 248 988.082618036 987.988564418
0.999999999585 0.999999999483 0.246383159052 0.0174775788707 0.0772953246457 0.8 0.9 0.2 0.00845 0.0845 567 253 736 241 959.743569742 959.78701449
0.989402207988 0.999984279171 0.151051394334 0.00242273384433 0.169504290692 0.8 0.9 0.2 0.00845 0.0845 535 222 767 233 920.009774944 923.562834005
0.850073688353 0.589369724079 0.147060832267 0.0172311244282 0.114648984615 0.8 0.9 0.2 0.00845 0.0845 518 218 717 229 934.344010197 931.494347705
0.849089089917 1.0 0.162418800134 0.00853410035076 0.10018891821 0.8 0.9 0.2 0.00845 0.0845 500 214 654 207 881.440665522 880.663083103
1.76536879225e-06 0.999999999846 0.191501210401 0.0067538734445 0.0643912559099 0.8 0.9 0.2 0.00845 0.0845 485 226 659 191 869.162369496 868.263922846
1.0 0.99435217717 0.177327402551 0.00108586535307 0.378890540843 0.8 0.9 0.2 0.00845 0.0845 520 213 621 199 879.060701945 910.206011225
0.948726303772 0.999999999971 0.304051881764 0.00874657030084 0.0850188928162 0.8 0.9 0.2 0.00845 0.0845 516 209 601 212 862.723037843 864.600578029
0.068449770564 0.79821790957 0.170587284094 5.87634546254e-07 0.0921595397043 0.8 0.9 0.2 0.00845 0.0845 503 196 636 197 848.872902531 847.6824517
1.80756889963e-08 0.557778728239 0.30579751108 4.88853981853e-05 0.0793005990102 0.8 0.9 0.2 0.00845 0.0845 506 202 591 189 848.497072495 846.379496162
0.999999999849 0.607316180546 0.309458290448 4.43648904131e-11 0.0567046583555 0.8 0.9 0.2 0.00845 0.0845 474 203 617 185 839.810708125 835.619868905
0.999852490919 0.786990330893 0.654523873566 4.50837283104e-11 0.100837190619 0.8 0.9 0.2 0.00845 0.0845 427 203 634 187 829.823585364 846.651105614
0.999999973404 0.999882700948 0.34978410503 0.0294100022722 0.0533524354247 0.8 0.9 0.2 0.00845 0.0845 453 204 592 203 805.615989698 808.618866932
0.999999851017 0.999999999333 0.301869472839 8.30025953894e-09 0.509829893736 0.8 0.9 0.2 0.00845 0.0845 444 230 582 201 814.016842005 854.858839937
0.999994414309 0.999999999294 0.263994817954 0.0218946568478 0.0999724320503 0.8 0.9 0.2 0.00845 0.0845 419 201 529 274 821.491753323 815.161403138
0.915791455354 0.731750826576 0.242295759341 0.0283978475665 0.0823570879731 0.8 0.9 0.2 0.00845 0.0845 365 245 499 247 811.212494864 807.905964254
