0.738799546646 1.04174260698 0.133883796335 0.0527774107107 0.11019124447 0.8 0.9 0.2 0.00845 0.0845 1151 55 1357 59 inf 1000000
0.759717869181 4.50593807941e-11 0.61907089074 0.00368039289555 0.0256333671237 0.8 0.9 0.2 0.00845 0.0845 1140 57 1405 60 550.434970224 541.819333127
0.419356329988 0.710861022945 0.262561474323 1.32026991608e-09 0.183201953276 0.8 0.9 0.2 0.00845 0.0845 1103 51 1441 82 560.60771526 549.405144471
0.536821763114 0.240419660718 0.432014407672 0.0585721912591 2.48015890107e-12 0.8 0.9 0.2 0.00845 0.0845 1054 66 1414 68 544.717572452 529.180751319
0.679098204552 3.30577398559e-08 0.164058893384 0.000156310388347 1.87281382243e-10 0.8 0.9 0.2 0.00845 0.0845 1059 58 1381 84 494.444924391 491.970397684
0.372221965912 0.876154833288 0.5571563536 0.0079501624782 0.0893754302649 0.8 0.9 0.2 0.00845 0.0845 1069 81 1363 81 542.240669483 522.880164138
0.635921568408 1.68818020014e-08 0.221603259724 0.0250206498503 2.06358244577e-11 0.8 0.9 0.2 0.00845 0.0845 1046 81 1396 89 554.870574602 548.041301155
0.645800649864 1.3811180467e-11 0.129299011831 4.88746919015e-12 0.134224886972 0.8 0.9 0.2 0.00845 0.0845 1053 88 1347 87 531.261798014 527.176460902
0.367501490663 0.999999999862 0.368645197483 0.0151297648368 0.000156897141971 0.8 0.9 0.2 0.00845 0.0845 1039 99 1365 95 550.98695038 538.592762687
0.73867575 0.736058063934 0.00359653834533 0.0683307561307 0.384732927482 0.8 0.9 0.2 0.00845 0.0845 1044 106 1343 102 inf inf
1.04582171021 0.871109433233 0.344541853535 0.0488786718984 0.413129697708 0.8 0.9 0.2 0.00845 0.0845 1279 50 1633 66 inf 1000000
0.287955216963 0.999999912225 0.293119052735 9.09906481982e-14 0.010371405042 0.8 0.9 0.2 0.00845 0.0845 1277 47 1707 59 577.243828881 561.998487658
0.572528658596 0.999999999997 0.561298375152 0.0145940206575 0.065886474658 0.8 0.9 0.2 0.00845 0.0845 1299 58 1623 39 540.399476037 532.254105626
0.749726176703 0.889663010499 0.423188775283 0.0688721042792 0.212307236011 0.8 0.9 0.2 0.00845 0.0845 1252 71 1622 64 inf inf
0.833235975052 0.718827775634 0.018336959167 0.0904531921595 0.416085617203 0.8 0.9 0.2 0.00845 0.0845 1219 71 1556 78 inf inf
0.7457351461 0.736824242124 0.374929555762 0.0413015490163 0.387565401448 0.8 0.9 0.2 0.00845 0.0845 1200 85 1547 89 inf inf
0.414152017576 0.988804750144 0.608838223831 0.000265373572085 1.64937908931 0.8 0.9 0.2 0.00845 0.0845 1117 128 1490 110 628.28474111 609.257002916
0.885958484188 0.89919812119 0.0901025383059 0.00584435953589 0.254262900194 0.8 0.9 0.2 0.00845 0.0845 1116 143 1471 136 inf inf
0.643851680524 0.939715039019 0.180868112204 1.19343446573e-13 0.390201648107 0.8 0.9 0.2 0.00845 0.0845 1108 175 1333 190 579.737166447 576.670309909
0.539184906922 0.97133444055 0.455387634395 0.0373678926785 1.78887003944e-11 0.8 0.9 0.2 0.00845 0.0845 999 232 1313 204 608.592362328 592.634554531
0.913984249336 0.769485203176 0.290101705327 0.0621226020213 0.322537349751 0.8 0.9 0.2 0.00845 0.0845 961 235 1237 245 inf inf
0.752765966652 0.852239942447 0.251853274549 0.0494998781885 0.0140189874551 0.8 0.9 0.2 0.00845 0.0845 922 239 1159 283 inf inf
0.205243739113 0.770835101187 0.432288896129 0.0187739922683 0.0477983290964 0.8 0.9 0.2 0.00845 0.0845 821 258 1135 280 645.886080103 624.952820318
0.378837180447 0.998811897704 0.491777480211 4.67315261674e-08 0.0271822590623 0.8 0.9 0.2 0.00845 0.0845 817 277 1074 292 618.002918048 602.663504413
0.494535521376 0.638345465092 0.31960772912 0.0103409724946 0.091446799742 0.8 0.9 0.2 0.00845 0.0845 790 316 1041 283 612.857789326 606.217221343
1.04705947715 0.8085434283 0.049229218349 0.0652301467815 0.337838277859 0.8 0.9 0.2 0.00845 0.0845 759 310 967 308 inf 1000000
0.934367650414 0.880733931288 0.477667122922 0.0513027392609 0.439555378336 0.8 0.9 0.2 0.00845 0.0845 744 322 867 327 inf inf
0.465395122176 0.999999999962 0.336308250814 2.73849504983e-05 0.0106846828108 0.8 0.9 0.2 0.00845 0.0845 700 309 921 368 609.745174008 598.801469487
0.501702141059 0.65684489172 0.319017657776 0.0274106648617 1.44434715279e-13 0.8 0.9 0.2 0.00845 0.0845 651 311 886 315 580.840459902 572.490769959
0.138870274977 0.360052512194 0.0814784972388 0.0302378671392 0.0122211857526 0.8 0.9 0.2 0.00845 0.0845 620 283 836 307 579.670147391 562.625618503
